id,time,y1,popPred_medianCOV,popPred,indivPred_SAEM,indWRes_SAEM
1,0,0,0,0,0,0
1,1,3.84824,3.57738,3.57738,3.42171,0.708312
1,2,6.5607,5.92531,5.92531,5.46089,1.14438
1,5,4.68952,5.56418,5.56418,4.41028,0.35977
1,7,1.8989,2.39686,2.39686,1.56636,1.20635
1,24,0.000230666,0.00186509,0.00186509,0.000236319,-0.135915
1,48,9.76927e-10,7.61387e-8,7.61387e-8,9.51899e-10,0.149401
1,72,3.93692e-15,3.10821e-12,3.10821e-12,3.83428e-15,0.152107
1,96,1.4594e-20,1.26886e-16,1.26886e-16,1.54446e-20,-3.83052e-6
1,97,21.6808,17.8869,17.8869,17.1086,1.51855
1,98,31.8138,29.6266,29.6266,27.3045,0.938413
1,101,27.0402,27.8209,27.8209,22.0514,1.28552
1,103,10.086,11.9843,11.9843,7.83179,1.63547
1,120,0.00122527,0.00932547,0.00932547,0.00118159,0.210052
1,144,4.35482e-9,3.80693e-7,3.80693e-7,4.75949e-9,-0.483129
1,168,1.90573e-14,1.5541e-11,1.5541e-11,1.91714e-14,-0.0337999
1,192,7.03127e-20,6.34432e-16,6.34432e-16,7.72229e-20,-3.11208e-5
1,193,37.9552,35.7738,35.7738,34.2171,0.620752
1,194,61.2201,59.2531,59.2531,54.6089,0.687912
1,197,48.1435,55.6418,55.6418,44.1028,0.520603
1,199,19.5186,23.9686,23.9686,15.6636,1.39849
1,216,0.00293567,0.0186509,0.0186509,0.00236319,1.37652
1,240,1.09849e-8,7.61387e-7,7.61387e-7,9.51899e-9,0.87505
1,264,3.6308e-14,3.10821e-11,3.10821e-11,3.83428e-14,-0.301549
1,288,1.61854e-19,1.26886e-15,1.26886e-15,1.54446e-19,3.33639e-5
1,289,78.0257,71.5476,71.5476,68.4342,0.796397
1,290,150.485,118.506,118.506,109.218,2.14697
1,293,108.749,111.284,111.284,88.2057,1.32342
1,295,34.7447,47.9372,47.9372,31.3271,0.619878
1,312,0.00482681,0.0373019,0.0373019,0.00472637,0.120748
1,336,1.76552e-8,1.52277e-6,1.52277e-6,1.9038e-8,-0.41272
1,360,6.77897e-14,6.21642e-11,6.21642e-11,7.66855e-14,-0.659161
1,384,2.42997e-19,2.53773e-15,2.53773e-15,3.08892e-19,-0.000296764
1,385,89.5513,71.5476,71.5476,68.4342,1.75338
1,386,138.635,118.506,118.506,109.218,1.53047
1,389,100.634,111.284,111.284,88.2057,0.800638
1,391,37.361,47.9372,47.9372,31.3271,1.09444
1,408,0.00506654,0.0373019,0.0373019,0.00472637,0.408961
1,432,2.48663e-8,1.52277e-6,1.52277e-6,1.9038e-8,1.73956
1,456,6.98402e-14,6.21642e-11,6.21642e-11,7.66855e-14,-0.507221
1,480,2.86459e-19,2.53773e-15,2.53773e-15,3.08892e-19,-0.000101026
1,481,82.2758,71.5476,71.5476,68.4342,1.14929
1,482,135.899,118.506,118.506,109.218,1.3881
1,485,101.197,111.284,111.284,88.2057,0.836928
1,487,28.2991,47.9372,47.9372,31.3271,-0.549232
1,504,0.00459959,0.0373019,0.0373019,0.00472637,-0.15242
1,528,2.07038e-8,1.52277e-6,1.52277e-6,1.9038e-8,0.497182
1,552,7.57911e-14,6.21642e-11,6.21642e-11,7.66855e-14,-0.06628
1,576,2.60946e-19,2.53773e-15,2.53773e-15,3.08892e-19,-0.00021593
1,577,79.3383,71.5476,71.5476,68.4342,0.905381
1,578,117.555,118.506,118.506,109.218,0.433778
1,581,105.47,111.284,111.284,88.2057,1.11215
1,583,31.2062,47.9372,47.9372,31.3271,-0.0219443
1,600,0.00545753,0.0373019,0.0373019,0.00472637,0.879026
1,624,2.04833e-8,1.52277e-6,1.52277e-6,1.9038e-8,0.431374
1,648,7.63702e-14,6.21642e-11,6.21642e-11,7.66855e-14,-0.0233641
2,0,0,0,0,0,0
2,1,3.74737,3.57738,3.57738,3.95195,-0.294157
2,2,9.36375,5.92531,5.92531,7.15251,1.75669
2,5,9.32004,5.56418,5.56418,9.59186,-0.161026
2,7,6.9568,2.39686,2.39686,6.29116,0.601214
2,24,0.171784,0.00186509,0.00186509,0.174489,-0.0881045
2,48,0.00106319,7.61387e-8,7.61387e-8,0.00110587,-0.219312
2,72,8.25978e-6,3.10821e-12,3.10821e-12,7.00873e-6,1.01426
2,96,4.06945e-8,1.26886e-16,1.26886e-16,4.44197e-8,-0.476524
2,97,20.1922,17.8869,17.8869,19.7598,0.124365
2,98,35.0175,29.6266,29.6266,35.7626,-0.118373
2,101,58.4258,27.8209,27.8209,47.9593,1.24007
2,103,36.407,11.9843,11.9843,31.4558,0.894398
2,120,0.936055,0.00932547,0.00932547,0.872446,0.414285
2,144,0.00521332,3.80693e-7,3.80693e-7,0.00552935,-0.324766
2,168,2.90853e-5,1.5541e-11,1.5541e-11,3.50437e-5,-0.966137
2,192,1.8128e-7,6.34432e-16,6.34432e-16,2.22098e-7,-1.0443
2,193,50.9807,35.7738,35.7738,39.5195,1.64792
2,194,78.5751,59.2531,59.2531,71.5251,0.560078
2,197,96.3374,55.6418,55.6418,95.9186,0.0248101
2,199,86.5858,23.9686,23.9686,62.9116,2.13827
2,216,2.01581,0.0186509,0.0186509,1.74489,0.882243
2,240,0.0112206,7.61387e-7,7.61387e-7,0.0110587,0.0831959
2,264,7.55683e-5,3.10821e-11,3.10821e-11,7.00873e-5,0.444356
2,288,4.42248e-7,1.26886e-15,1.26886e-15,4.44197e-7,-0.0249209
2,289,86.952,71.5476,71.5476,79.039,0.568875
2,290,204.526,118.506,118.506,143.05,2.44192
2,293,217.932,111.284,111.284,191.837,0.772934
2,295,125.116,47.9372,47.9372,125.823,-0.0319502
2,312,3.81138,0.0373019,0.0373019,3.48978,0.523641
2,336,0.023467,1.52277e-6,1.52277e-6,0.0221174,0.346729
2,360,0.000168213,6.21642e-11,6.21642e-11,0.000140175,1.1366
2,384,8.21073e-7,2.53773e-15,2.53773e-15,8.88393e-7,-0.430582
2,385,96.9279,71.5476,71.5476,79.039,1.28605
2,386,166.267,118.506,118.506,143.05,0.922229
2,389,216.166,111.284,111.284,191.837,0.720621
2,391,145.392,47.9372,47.9372,125.823,0.883747
2,408,4.17182,0.0373019,0.0373019,3.48978,1.11053
2,432,0.0277608,1.52277e-6,1.52277e-6,0.0221174,1.44987
2,456,0.000150712,6.21642e-11,6.21642e-11,0.000140175,0.427131
2,480,9.10617e-7,2.53773e-15,2.53773e-15,8.88393e-7,0.142144
2,481,81.2786,71.5476,71.5476,79.039,0.161001
2,482,184.046,118.506,118.506,143.05,1.62844
2,485,228.554,111.284,111.284,191.837,1.08755
2,487,124.492,47.9372,47.9372,125.823,-0.0601211
2,504,4.06872,0.0373019,0.0373019,3.48978,0.942643
2,528,0.0226249,1.52277e-6,1.52277e-6,0.0221174,0.130383
2,552,0.000156687,6.21642e-11,6.21642e-11,0.000140175,0.669344
2,576,7.50235e-7,2.53773e-15,2.53773e-15,8.88393e-7,-0.88367
2,577,88.7042,71.5476,71.5476,79.039,0.694841
2,578,152.042,118.506,118.506,143.05,0.357181
2,581,219.675,111.284,111.284,191.837,0.824551
2,583,151.764,47.9372,47.9372,125.823,1.17151
2,600,3.58424,0.0373019,0.0373019,3.48978,0.1538
2,624,0.0248989,1.52277e-6,1.52277e-6,0.0221174,0.714599
2,648,0.000120159,6.21642e-11,6.21642e-11,0.000140175,-0.811357
3,0,0,0,0,0,0
3,1,3.54323,3.57738,3.57738,3.72414,-0.276033
3,2,7.04561,5.92531,5.92531,6.3874,0.585537
3,5,6.683,5.56418,5.56418,6.90392,-0.181826
3,7,3.93578,2.39686,2.39686,3.53078,0.651786
3,24,0.0137077,0.00186509,0.00186509,0.0118156,0.909951
3,48,4.74977e-6,7.61387e-8,7.61387e-8,3.78224e-6,1.45356
3,72,1.18409e-9,3.10821e-12,3.10821e-12,1.21072e-9,-0.124966
3,96,3.32908e-13,1.26886e-16,1.26886e-16,3.8756e-13,-0.801272
3,97,21.1734,17.8869,17.8869,18.6207,0.778974
3,98,39.761,29.6266,29.6266,31.937,1.39205
3,101,41.0631,27.8209,27.8209,34.5196,1.07712
3,103,23.2523,11.9843,11.9843,17.6539,1.80194
3,120,0.0644897,0.00932547,0.00932547,0.0590778,0.520532
3,144,1.69488e-5,3.80693e-7,3.80693e-7,1.89112e-5,-0.589627
3,168,6.78462e-9,1.5541e-11,1.5541e-11,6.0536e-9,0.68617
3,192,1.68071e-12,6.34432e-16,6.34432e-16,1.9378e-12,-0.753871
3,193,46.3853,35.7738,35.7738,37.2414,1.39515
3,194,78.7168,59.2531,59.2531,63.874,1.32041
3,197,83.639,55.6418,55.6418,69.0392,1.20163
3,199,48.1706,23.9686,23.9686,35.3078,2.07007
3,216,0.130213,0.0186509,0.0186509,0.118156,0.579844
3,240,3.52534e-5,7.61387e-7,7.61387e-7,3.78224e-5,-0.385951
3,264,1.24689e-8,3.10821e-11,3.10821e-11,1.21072e-8,0.169777
3,288,3.6947e-12,1.26886e-15,1.26886e-15,3.8756e-12,-0.265219
3,289,92.9287,71.5476,71.5476,74.4828,1.40721
3,290,174.222,118.506,118.506,127.748,2.06716
3,293,132.146,111.284,111.284,138.078,-0.244112
3,295,80.4175,47.9372,47.9372,70.6155,0.788737
3,312,0.267778,0.0373019,0.0373019,0.236311,0.756641
3,336,8.5637e-5,1.52277e-6,1.52277e-6,7.56448e-5,0.750585
3,360,2.30538e-8,6.21642e-11,6.21642e-11,2.42144e-8,-0.272343
3,384,7.86035e-12,2.53773e-15,2.53773e-15,7.75119e-12,0.0800218
3,385,90.7123,71.5476,71.5476,74.4828,1.23813
3,386,149.559,118.506,118.506,127.748,0.970147
3,389,159.311,111.284,111.284,138.078,0.873753
3,391,94.2281,47.9372,47.9372,70.6155,1.90003
3,408,0.283827,0.0373019,0.0373019,0.236311,1.14255
3,432,9.7056e-5,1.52277e-6,1.52277e-6,7.56448e-5,1.60835
3,456,2.41139e-8,6.21642e-11,6.21642e-11,2.42144e-8,-0.0235838
3,480,6.6234e-12,2.53773e-15,2.53773e-15,7.75119e-12,-0.826756
3,481,83.9219,71.5476,71.5476,74.4828,0.720098
3,482,151.203,118.506,118.506,127.748,1.04326
3,485,157.472,111.284,111.284,138.078,0.798105
3,487,78.7909,47.9372,47.9372,70.6155,0.65785
3,504,0.223968,0.0373019,0.0373019,0.236311,-0.296802
3,528,7.47029e-5,1.52277e-6,1.52277e-6,7.56448e-5,-0.0707535
3,552,2.20641e-8,6.21642e-11,6.21642e-11,2.42144e-8,-0.504605
3,576,7.79813e-12,2.53773e-15,2.53773e-15,7.75119e-12,0.0344049
3,577,90.3924,71.5476,71.5476,74.4828,1.21372
3,578,172.8,118.506,118.506,127.748,2.00389
3,581,156.002,111.284,111.284,138.078,0.737609
3,583,89.9685,47.9372,47.9372,70.6155,1.55728
3,600,0.253163,0.0373019,0.0373019,0.236311,0.405221
3,624,6.88777e-5,1.52277e-6,1.52277e-6,7.56448e-5,-0.508325
3,648,2.58574e-8,6.21642e-11,6.21642e-11,2.42144e-8,0.385552
4,0,0,0,0,0,0
4,1,3.7363,3.57738,3.57738,3.63011,0.166213
4,2,5.67088,5.92531,5.92531,6.08862,-0.389855
4,5,6.5795,5.56418,5.56418,6.01488,0.533394
4,7,3.81077,2.39686,2.39686,2.75885,2.16658
4,24,0.00363488,0.00186509,0.00186509,0.00366006,-0.0390954
4,48,3.07039e-7,7.61387e-8,7.61387e-8,3.17324e-7,-0.184155
4,72,2.71817e-11,3.10821e-12,3.10821e-12,2.75117e-11,-0.0681501
4,96,2.226e-15,1.26886e-16,1.26886e-16,2.38523e-15,-0.379336
4,97,18.483,17.8869,17.8869,18.1506,0.104062
4,98,34.4015,29.6266,29.6266,30.4431,0.738838
4,101,32.3101,27.8209,27.8209,30.0744,0.422406
4,103,14.5612,11.9843,11.9843,13.7942,0.315933
4,120,0.0174777,0.00932547,0.00932547,0.0183003,-0.255417
4,144,1.56764e-6,3.80693e-7,3.80693e-7,1.58662e-6,-0.067954
4,168,1.32337e-10,1.5541e-11,1.5541e-11,1.37558e-10,-0.215668
4,192,1.14242e-14,6.34432e-16,6.34432e-16,1.19262e-14,-0.239182
4,193,39.6788,35.7738,35.7738,36.3011,0.528703
4,194,84.9869,59.2531,59.2531,60.8862,2.2492
4,197,65.2962,55.6418,55.6418,60.1488,0.486279
4,199,33.6603,23.9686,23.9686,27.5885,1.25057
4,216,0.0395477,0.0186509,0.0186509,0.0366006,0.457531
4,240,3.39823e-6,7.61387e-7,7.61387e-7,3.17324e-6,0.402887
4,264,2.08586e-10,3.10821e-11,3.10821e-11,2.75117e-10,-1.37412
4,288,2.33049e-14,1.26886e-15,1.26886e-15,2.38523e-14,-0.130421
4,289,116.03,89.4344,89.4344,90.7529,1.58263
4,290,163.14,148.133,148.133,152.215,0.407819
4,293,118.913,139.104,139.104,150.372,-1.18877
4,295,79.0817,59.9216,59.9216,68.9712,0.832956
4,312,0.0993022,0.0466273,0.0466273,0.0915015,0.484422
4,336,8.64324e-6,1.90347e-6,1.90347e-6,7.93309e-6,0.508655
4,360,7.27435e-10,7.77052e-11,7.77052e-11,6.87791e-10,0.327514
4,384,5.95289e-14,3.17216e-15,3.17216e-15,5.96309e-14,-0.00971927
4,385,83.2821,89.4344,89.4344,90.7529,-0.467761
4,386,153.872,148.133,148.133,152.215,0.0618485
4,389,163.299,139.104,139.104,150.372,0.488491
4,391,94.2858,59.9216,59.9216,68.9712,2.08555
4,408,0.110897,0.0466273,0.0466273,0.0915015,1.20447
4,432,8.51773e-6,1.90347e-6,1.90347e-6,7.93309e-6,0.418758
4,456,7.93923e-10,7.77052e-11,7.77052e-11,6.87791e-10,0.876811
4,480,5.99147e-14,3.17216e-15,3.17216e-15,5.96309e-14,0.0270485
4,481,121.902,89.4344,89.4344,90.7529,1.9503
4,482,175.219,148.133,148.133,152.215,0.858731
4,485,185.936,139.104,139.104,150.372,1.34389
4,487,89.9812,59.9216,59.9216,68.9712,1.73092
4,504,0.113025,0.0466273,0.0466273,0.0915015,1.33663
4,528,8.66217e-6,1.90347e-6,1.90347e-6,7.93309e-6,0.522213
4,552,6.82249e-10,7.77052e-11,7.77052e-11,6.87791e-10,-0.0457841
4,576,5.73302e-14,3.17216e-15,3.17216e-15,5.96309e-14,-0.219229
4,577,100.082,89.4344,89.4344,90.7529,0.584133
4,578,156.366,148.133,148.133,152.215,0.154923
4,581,157.653,139.104,139.104,150.372,0.275132
4,583,78.6294,59.9216,59.9216,68.9712,0.795695
4,600,0.0872377,0.0466273,0.0466273,0.0915015,-0.264777
4,624,9.05505e-6,1.90347e-6,1.90347e-6,7.93309e-6,0.803626
4,648,8.13537e-10,7.77052e-11,7.77052e-11,6.87791e-10,1.03885
5,0,0,0,0,0,0
5,1,3.70647,3.57738,3.57738,3.00167,1.3342
5,2,6.01666,5.92531,5.92531,4.33445,2.20528
5,5,2.79473,5.56418,5.56418,2.30399,1.2103
5,7,0.483049,2.39686,2.39686,0.454229,0.360535
5,24,3.90684e-7,0.00186509,0.00186509,4.6029e-7,-0.859268
5,48,1.6648e-15,7.61387e-8,7.61387e-8,1.58698e-15,0.278643
5,72,4.77159e-24,3.10821e-12,3.10821e-12,5.47153e-24,-3.15225e-9
5,96,1.535e-32,1.26886e-16,1.26886e-16,1.88646e-32,-1.58285e-17
5,97,17.8311,17.8869,17.8869,15.0083,1.0687
5,98,28.4536,29.6266,29.6266,21.6723,1.77799
5,101,15.106,27.8209,27.8209,11.5199,1.76884
5,103,2.938,11.9843,11.9843,2.27114,1.66842
5,120,2.63687e-6,0.00932547,0.00932547,2.30145e-6,0.828141
5,144,8.20182e-15,3.80693e-7,3.80693e-7,7.93488e-15,0.191163
5,168,2.11852e-23,1.5541e-11,1.5541e-11,2.73577e-23,-2.77984e-8
5,192,6.20005e-32,6.34432e-16,6.34432e-16,9.43231e-32,-1.45568e-16
5,193,31.855,35.7738,35.7738,30.0167,0.348011
5,194,51.423,59.2531,59.2531,43.3445,1.05904
5,197,22.9268,55.6418,55.6418,23.0399,-0.0278758
5,199,4.79458,23.9686,23.9686,4.54229,0.315605
5,216,4.78237e-6,0.0186509,0.0186509,4.6029e-6,0.221558
5,240,1.47733e-14,7.61387e-7,7.61387e-7,1.58698e-14,-0.392605
5,264,4.4106e-23,3.10821e-11,3.10821e-11,5.47153e-23,-4.77802e-8
5,288,1.25573e-31,1.26886e-15,1.26886e-15,1.88646e-31,-2.84057e-16
5,289,78.2936,89.4344,89.4344,75.0416,0.246242
5,290,140.742,148.133,148.133,108.361,1.69796
5,293,59.0852,139.104,139.104,57.5996,0.146555
5,295,13.641,59.9216,59.9216,11.3557,1.1435
5,312,1.26462e-5,0.0466273,0.0466273,1.15072e-5,0.562432
5,336,3.62974e-14,1.90347e-6,1.90347e-6,3.96744e-14,-0.48365
5,360,1.0594e-22,7.77052e-11,7.77052e-11,1.36788e-22,-1.38931e-7
5,384,3.55923e-31,3.17216e-15,3.17216e-15,4.71615e-31,-5.21032e-16
5,385,88.3166,89.4344,89.4344,75.0416,1.00519
5,386,119.008,148.133,148.133,108.361,0.55829
5,389,66.4067,139.104,139.104,57.5996,0.868818
5,391,12.2412,59.9216,59.9216,11.3557,0.443067
5,408,1.16982e-5,0.0466273,0.0466273,1.15072e-5,0.0942935
5,432,4.09545e-14,1.90347e-6,1.90347e-6,3.96744e-14,0.183336
5,456,1.09484e-22,7.77052e-11,7.77052e-11,1.36788e-22,-1.2297e-7
5,480,3.07193e-31,3.17216e-15,3.17216e-15,4.71615e-31,-7.40493e-16
5,481,90.71,89.4344,89.4344,75.0416,1.18642
5,482,135.765,148.133,148.133,108.361,1.43699
5,485,69.8067,139.104,139.104,57.5996,1.20423
5,487,12.4462,59.9216,59.9216,11.3557,0.545669
5,504,1.15525e-5,0.0466273,0.0466273,1.15072e-5,0.0223666
5,528,3.51578e-14,1.90347e-6,1.90347e-6,3.96744e-14,-0.646865
5,552,1.10302e-22,7.77052e-11,7.77052e-11,1.36788e-22,-1.19285e-7
5,576,3.21931e-31,3.17216e-15,3.17216e-15,4.71615e-31,-6.74117e-16
5,577,82.8396,89.4344,89.4344,75.0416,0.590469
5,578,142.778,148.133,148.133,108.361,1.80474
5,581,75.7133,139.104,139.104,57.5996,1.78692
5,583,13.8393,59.9216,59.9216,11.3557,1.24272
5,600,1.16395e-5,0.0466273,0.0466273,1.15072e-5,0.0652974
5,624,4.37559e-14,1.90347e-6,1.90347e-6,3.96744e-14,0.584561
5,648,1.29184e-22,7.77052e-11,7.77052e-11,1.36788e-22,-3.42472e-8
6,0,0,0,0,0,0
6,1,4.18556,3.57738,3.57738,3.68739,0.767668
6,2,8.60525,5.92531,5.92531,6.26946,2.117
6,5,9.3882,5.56418,5.56418,6.5428,2.47114
6,7,3.96651,2.39686,2.39686,3.20819,1.34311
6,24,0.00851408,0.00186509,0.00186509,0.00750724,0.762072
6,48,1.5887e-6,7.61387e-8,7.61387e-8,1.45024e-6,0.542511
6,72,2.8947e-10,3.10821e-12,3.10821e-12,2.80154e-10,0.188953
6,96,5.68507e-14,1.26886e-16,1.26886e-16,5.41197e-14,0.286743
6,97,21.5825,17.8869,17.8869,18.437,0.96943
6,98,38.8912,29.6266,29.6266,31.3473,1.36746
6,101,33.3687,27.8209,27.8209,32.714,0.113721
6,103,15.4204,11.9843,11.9843,16.041,-0.219832
6,120,0.0430146,0.00932547,0.00932547,0.0375362,0.829307
6,144,8.55589e-6,3.80693e-7,3.80693e-7,7.25118e-6,1.0224
6,168,1.51979e-9,1.5541e-11,1.5541e-11,1.40077e-9,0.482787
6,192,2.43162e-13,6.34432e-16,6.34432e-16,2.70598e-13,-0.576131
6,193,33.5382,35.7738,35.7738,36.8739,-0.514028
6,194,62.3757,59.2531,59.2531,62.6946,-0.0289055
6,197,62.1887,55.6418,55.6418,65.428,-0.28132
6,199,43.0874,23.9686,23.9686,32.0819,1.94924
6,216,0.088776,0.0186509,0.0186509,0.0750724,1.03722
6,240,1.52123e-5,7.61387e-7,7.61387e-7,1.45024e-5,0.278146
6,264,2.51009e-9,3.10821e-11,3.10821e-11,2.80154e-9,-0.591128
6,288,5.0313e-13,1.26886e-15,1.26886e-15,5.41197e-13,-0.399676
6,289,109.082,89.4344,89.4344,92.1849,1.04155
6,290,165.047,148.133,148.133,156.737,0.301287
6,293,211.044,139.104,139.104,163.57,1.64919
6,295,85.7853,59.9216,59.9216,80.2048,0.395362
6,312,0.196823,0.0466273,0.0466273,0.187681,0.276776
6,336,4.28293e-5,1.90347e-6,1.90347e-6,3.62559e-5,1.03022
6,360,6.89696e-9,7.77052e-11,7.77052e-11,7.00385e-9,-0.0867163
6,384,1.12733e-12,3.17216e-15,3.17216e-15,1.35299e-12,-0.947714
6,385,111.463,89.4344,89.4344,92.1849,1.18828
6,386,171.534,148.133,148.133,156.737,0.536439
6,389,186.14,139.104,139.104,163.57,0.784068
6,391,83.3824,59.9216,59.9216,80.2048,0.225125
6,408,0.21509,0.0466273,0.0466273,0.187681,0.829826
6,432,3.01535e-5,1.90347e-6,1.90347e-6,3.62559e-5,-0.956404
6,456,5.80648e-9,7.77052e-11,7.77052e-11,7.00385e-9,-0.971428
6,480,1.49415e-12,3.17216e-15,3.17216e-15,1.35299e-12,0.592818
6,481,115.291,89.4344,89.4344,92.1849,1.42427
6,482,181.366,148.133,148.133,156.737,0.892913
6,485,196.113,139.104,139.104,163.57,1.13049
6,487,90.3325,59.9216,59.9216,80.2048,0.717515
6,504,0.242114,0.0466273,0.0466273,0.187681,1.648
6,528,3.8543e-5,1.90347e-6,1.90347e-6,3.62559e-5,0.358454
6,552,6.9622e-9,7.77052e-11,7.77052e-11,7.00385e-9,-0.0337941
6,576,1.46306e-12,3.17216e-15,3.17216e-15,1.35299e-12,0.462278
6,577,119.778,89.4344,89.4344,92.1849,1.70082
6,578,181.935,148.133,148.133,156.737,0.913538
6,581,204.405,139.104,139.104,163.57,1.41856
6,583,91.8855,59.9216,59.9216,80.2048,0.827538
6,600,0.218937,0.0466273,0.0466273,0.187681,0.946289
6,624,3.61029e-5,1.90347e-6,1.90347e-6,3.62559e-5,-0.0239759
6,648,7.33469e-9,7.77052e-11,7.77052e-11,7.00385e-9,0.268409
7,0,0,0,0,0,0
7,1,3.49526,3.57738,3.57738,2.94327,1.06567
7,2,4.84945,5.92531,5.92531,4.19192,0.891303
7,5,2.07326,5.56418,5.56418,2.09845,-0.0681948
7,7,0.39411,2.39686,2.39686,0.377677,0.247237
7,24,1.76637e-7,0.00186509,0.00186509,1.76403e-7,0.00753738
7,48,1.66176e-16,7.61387e-8,7.61387e-8,2.03785e-16,-0.169372
7,72,2.02665e-25,3.10821e-12,3.10821e-12,2.35416e-25,-1.47497e-10
7,96,2.05914e-34,1.26886e-16,1.26886e-16,2.71957e-34,-2.97428e-19
7,97,21.2326,17.8869,17.8869,14.7163,2.51605
7,98,25.5521,29.6266,29.6266,20.9596,1.24505
7,101,11.5731,27.8209,27.8209,10.4922,0.585368
7,103,1.70267,11.9843,11.9843,1.88838,-0.558831
7,120,9.02908e-7,0.00932547,0.00932547,8.82017e-7,0.134581
7,144,9.54281e-16,3.80693e-7,3.80693e-7,1.01892e-15,-0.291123
7,168,1.12951e-24,1.5541e-11,1.5541e-11,1.17708e-24,-2.14216e-10
7,192,1.12918e-33,6.34432e-16,6.34432e-16,1.35978e-33,-1.03857e-18
7,193,35.6597,35.7738,35.7738,29.4327,1.20218
7,194,56.173,59.2531,59.2531,41.9192,1.93214
7,197,24.341,55.6418,55.6418,20.9845,0.908892
7,199,4.04492,23.9686,23.9686,3.77677,0.40345
7,216,1.71289e-6,0.0186509,0.0186509,1.76403e-6,-0.164731
7,240,1.78852e-15,7.61387e-7,7.61387e-7,2.03785e-15,-0.695219
7,264,1.7104e-24,3.10821e-11,3.10821e-11,2.35416e-24,-2.89924e-9
7,288,2.24308e-33,1.26886e-15,1.26886e-15,2.71957e-33,-2.14592e-18
7,289,112.691,107.321,107.321,88.298,1.56976
7,290,143.647,177.759,177.759,125.758,0.808333
7,293,76.5028,166.925,166.925,62.9534,1.22298
7,295,15.4637,71.9059,71.9059,11.3303,2.07294
7,312,5.66446e-6,0.0559528,0.0559528,5.2921e-6,0.399802
7,336,5.35901e-15,2.28416e-6,2.28416e-6,6.11354e-15,-0.701292
7,360,6.33459e-24,9.32463e-11,9.32463e-11,7.06247e-24,-3.27811e-9
7,384,6.14098e-33,3.80659e-15,3.80659e-15,8.1587e-33,-9.08703e-18
7,385,112.047,107.321,107.321,88.298,1.52828
7,386,138.179,177.759,177.759,125.758,0.561272
7,389,79.2562,166.925,166.925,62.9534,1.4715
7,391,14.5068,71.9059,71.9059,11.3303,1.59305
7,408,6.65243e-6,0.0559528,0.0559528,5.2921e-6,1.4606
7,432,4.95915e-15,2.28416e-6,2.28416e-6,6.11354e-15,-1.07294
7,456,5.83977e-24,9.32463e-11,9.32463e-11,7.06247e-24,-5.50658e-9
7,480,7.95841e-33,3.80659e-15,3.80659e-15,8.1587e-33,-9.02051e-19
7,481,102.922,107.321,107.321,88.298,0.941105
7,482,162.598,177.759,177.759,125.758,1.66458
7,485,62.939,166.925,166.925,62.9534,-0.00129747
7,487,12.6174,71.9059,71.9059,11.3303,0.645476
7,504,5.8213e-6,0.0559528,0.0559528,5.2921e-6,0.568201
7,528,5.45423e-15,2.28416e-6,2.28416e-6,6.11354e-15,-0.612789
7,552,6.61287e-24,9.32463e-11,9.32463e-11,7.06247e-24,-2.02482e-9
7,576,6.71563e-33,3.80659e-15,3.80659e-15,8.1587e-33,-6.49904e-18
7,577,117.496,107.321,107.321,88.298,1.87898
7,578,143.187,177.759,177.759,125.758,0.787548
7,581,75.1356,166.925,166.925,62.9534,1.09958
7,583,11.2287,71.9059,71.9059,11.3303,-0.0509538
7,600,5.26182e-6,0.0559528,0.0559528,5.2921e-6,-0.0325182
7,624,7.14244e-15,2.28416e-6,2.28416e-6,6.11354e-15,0.95631
7,648,5.92936e-24,9.32463e-11,9.32463e-11,7.06247e-24,-5.10309e-9
8,0,0,0,0,0,0
8,1,4.12305,3.57738,3.57738,3.54958,0.918026
8,2,7.62825,5.92531,5.92531,5.84045,1.73936
8,5,6.95034,5.56418,5.56418,5.33945,1.7143
8,7,2.65051,2.39686,2.39686,2.22405,1.08956
8,24,0.0013865,0.00186509,0.00186509,0.00130064,0.375126
8,48,3.49797e-8,7.61387e-8,7.61387e-8,3.54761e-8,-0.0795063
8,72,7.93482e-13,3.10821e-12,3.10821e-12,9.67643e-13,-1.02271
8,96,2.12426e-17,1.26886e-16,1.26886e-16,2.63934e-17,-0.0231971
8,97,18.0535,17.8869,17.8869,17.7479,0.0978557
8,98,33.2799,29.6266,29.6266,29.2022,0.793435
8,101,34.3086,27.8209,27.8209,26.6973,1.62
8,103,11.0074,11.9843,11.9843,11.1203,-0.0576888
8,120,0.0057563,0.00932547,0.00932547,0.00650318,-0.652592
8,144,2.1591e-7,3.80693e-7,3.80693e-7,1.7738e-7,1.23426
8,168,4.66225e-12,1.5541e-11,1.5541e-11,4.83821e-12,-0.206661
8,192,1.13723e-16,6.34432e-16,6.34432e-16,1.31967e-16,-0.0821638
8,193,43.6042,35.7738,35.7738,35.4958,1.29801
8,194,66.8583,59.2531,59.2531,58.4045,0.822476
8,197,63.9124,55.6418,55.6418,53.3945,1.11931
8,199,24.469,23.9686,23.9686,22.2405,0.569352
8,216,0.0122281,0.0186509,0.0186509,0.0130064,-0.340016
8,240,3.84277e-7,7.61387e-7,7.61387e-7,3.54761e-7,0.472771
8,264,9.71912e-12,3.10821e-11,3.10821e-11,9.67643e-12,0.0250685
8,288,2.3533e-16,1.26886e-15,1.26886e-15,2.63934e-16,-0.12882
8,289,93.7611,107.321,107.321,106.487,-0.679078
8,290,219.213,177.759,177.759,175.213,1.42692
8,293,209.091,166.925,166.925,160.184,1.7349
8,295,75.4776,71.9059,71.9059,66.7216,0.745689
8,312,0.0427843,0.0559528,0.0559528,0.0390191,0.548315
8,336,9.50904e-7,2.28416e-6,2.28416e-6,1.06428e-6,-0.605325
8,360,2.44721e-11,9.32463e-11,9.32463e-11,2.90293e-11,-0.892034
8,384,5.80747e-16,3.80659e-15,3.80659e-15,7.91801e-16,-0.9505
8,385,132.171,107.321,107.321,106.487,1.37047
8,386,232.935,177.759,177.759,175.213,1.87191
8,389,184.754,166.925,166.925,160.184,0.871601
8,391,82.742,71.9059,71.9059,66.7216,1.36435
8,408,0.0434184,0.0559528,0.0559528,0.0390191,0.640661
8,432,1.26272e-6,2.28416e-6,2.28416e-6,1.06428e-6,1.05949
8,456,2.36365e-11,9.32463e-11,9.32463e-11,2.90293e-11,-1.05559
8,480,4.95777e-16,3.80659e-15,3.80659e-15,7.91801e-16,-1.33317
8,481,116.434,107.321,107.321,106.487,0.530775
8,482,182.731,177.759,177.759,175.213,0.243788
8,485,193.827,166.925,166.925,160.184,1.19345
8,487,72.4294,71.9059,71.9059,66.7216,0.486099
8,504,0.0437888,0.0559528,0.0559528,0.0390191,0.694597
8,528,9.78323e-7,2.28416e-6,2.28416e-6,1.06428e-6,-0.458937
8,552,2.46197e-11,9.32463e-11,9.32463e-11,2.90293e-11,-0.863144
8,576,5.94809e-16,3.80659e-15,3.80659e-15,7.91801e-16,-0.887173
8,577,141.172,107.321,107.321,106.487,1.85079
8,578,193.614,177.759,177.759,175.213,0.596729
8,581,161.226,166.925,166.925,160.184,0.0369772
8,583,75.7185,71.9059,71.9059,66.7216,0.766205
8,600,0.0445637,0.0559528,0.0559528,0.0390191,0.807448
8,624,1.00012e-6,2.28416e-6,2.28416e-6,1.06428e-6,-0.342565
8,648,2.37988e-11,9.32463e-11,9.32463e-11,2.90293e-11,-1.02383
9,0,0,0,0,0,0
9,1,3.69097,3.57738,3.57738,3.6017,0.140827
9,2,5.52586,5.92531,5.92531,6.00026,-0.449254
9,5,6.81149,5.56418,5.56418,5.76801,1.02797
9,7,3.01253,2.39686,2.39686,2.55805,1.00952
9,24,0.00287831,0.00186509,0.00186509,0.00254931,0.733306
9,48,1.68361e-7,7.61387e-8,7.61387e-8,1.47581e-7,0.80007
9,72,9.11585e-12,3.10821e-12,3.10821e-12,8.54355e-12,0.380632
9,96,4.42563e-16,1.26886e-16,1.26886e-16,4.9459e-16,-0.23431
9,97,20.5442,17.8869,17.8869,18.0085,0.800094
9,98,33.629,29.6266,29.6266,30.0013,0.687089
9,101,32.4395,27.8209,27.8209,28.84,0.709176
9,103,14.6668,11.9843,11.9843,12.7903,0.833681
9,120,0.0137226,0.00932547,0.00932547,0.0127466,0.435117
9,144,8.04576e-7,3.80693e-7,3.80693e-7,7.37906e-7,0.513396
9,168,4.05253e-11,1.5541e-11,1.5541e-11,4.27177e-11,-0.291636
9,192,2.21981e-15,6.34432e-16,6.34432e-16,2.47295e-15,-0.581656
9,193,46.4327,35.7738,35.7738,36.017,1.64323
9,194,75.9088,59.2531,59.2531,60.0026,1.50631
9,197,56.431,55.6418,55.6418,57.6801,-0.123051
9,199,31.1297,23.9686,23.9686,25.5805,1.23263
9,216,0.0267516,0.0186509,0.0186509,0.0254931,0.280501
9,240,1.71218e-6,7.61387e-7,7.61387e-7,1.47581e-6,0.910065
9,264,9.5356e-11,3.10821e-11,3.10821e-11,8.54355e-11,0.659801
9,288,4.4781e-15,1.26886e-15,1.26886e-15,4.9459e-15,-0.537443
9,289,102.386,107.321,107.321,108.051,-0.297916
9,290,222.948,177.759,177.759,180.008,1.35548
9,293,237.32,166.925,166.925,173.04,2.11079
9,295,94.1607,71.9059,71.9059,76.7416,1.28977
9,312,0.0797755,0.0559528,0.0559528,0.0764794,0.244892
9,336,5.26665e-6,2.28416e-6,2.28416e-6,4.42743e-6,1.07706
9,360,2.46933e-10,9.32463e-11,9.32463e-11,2.56306e-10,-0.207802
9,384,1.45788e-14,3.80659e-15,3.80659e-15,1.48377e-14,-0.099141
9,385,133.924,107.321,107.321,108.051,1.36063
9,386,216.7,177.759,177.759,180.008,1.15824
9,389,230.258,166.925,166.925,173.04,1.8789
9,391,90.3071,71.9059,71.9059,76.7416,1.00444
9,408,0.0871405,0.0559528,0.0559528,0.0764794,0.792093
9,432,4.42051e-6,2.28416e-6,2.28416e-6,4.42743e-6,-0.00888561
9,456,2.56133e-10,9.32463e-11,9.32463e-11,2.56306e-10,-0.00385553
9,480,1.3634e-14,3.80659e-15,3.80659e-15,1.48377e-14,-0.460987
9,481,127.792,107.321,107.321,108.051,1.03812
9,482,211.473,177.759,177.759,180.008,0.99324
9,485,184.215,166.925,166.925,173.04,0.366937
9,487,72.6981,71.9059,71.9059,76.7416,-0.299394
9,504,0.0921282,0.0559528,0.0559528,0.0764794,1.16266
9,528,4.98076e-6,2.28416e-6,2.28416e-6,4.42743e-6,0.710142
9,552,2.10566e-10,9.32463e-11,9.32463e-11,2.56306e-10,-1.01404
9,576,1.31955e-14,3.80659e-15,3.80659e-15,1.48377e-14,-0.628883
9,577,127.777,107.321,107.321,108.051,1.03737
9,578,222.033,177.759,177.759,180.008,1.32659
9,581,224.419,166.925,166.925,173.04,1.68716
9,583,96.4009,71.9059,71.9059,76.7416,1.45564
9,600,0.0860986,0.0559528,0.0559528,0.0764794,0.714678
9,624,4.65465e-6,2.28416e-6,2.28416e-6,4.42743e-6,0.291607
9,648,2.91659e-10,9.32463e-11,9.32463e-11,2.56306e-10,0.783754
10,0,0,0,0,0,0
10,1,4.83358,3.57738,3.57738,3.56061,2.03149
10,2,6.66361,5.92531,5.92531,5.87401,0.763811
10,5,5.44303,5.56418,5.56418,5.42757,0.0161847
10,7,2.39873,2.39686,2.39686,2.29119,0.266682
10,24,0.00176366,0.00186509,0.00186509,0.00150121,0.993407
10,48,5.14467e-8,7.61387e-8,7.61387e-8,4.8075e-8,0.39852
10,72,1.75946e-12,3.10821e-12,3.10821e-12,1.53956e-12,0.811608
10,96,5.28341e-17,1.26886e-16,1.26886e-16,4.93031e-17,0.0159021
10,97,15.916,17.8869,17.8869,17.803,-0.60229
10,98,32.3505,29.6266,29.6266,29.3701,0.576616
10,101,28.2674,27.8209,27.8209,27.1379,0.236507
10,103,13.4462,11.9843,11.9843,11.456,0.987171
10,120,0.00691941,0.00932547,0.00932547,0.00750606,-0.444101
10,144,2.90914e-7,3.80693e-7,3.80693e-7,2.40375e-7,1.1947
10,168,8.00091e-12,1.5541e-11,1.5541e-11,7.69781e-12,0.223742
10,192,2.45532e-16,6.34432e-16,6.34432e-16,2.46516e-16,-0.00442805
10,193,43.0324,35.7738,35.7738,35.6061,1.18513
10,194,52.419,59.2531,59.2531,58.7401,-0.611469
10,197,63.1609,55.6418,55.6418,54.2757,0.930207
10,199,29.5088,23.9686,23.9686,22.9119,1.63604
10,216,0.0137844,0.0186509,0.0186509,0.0150121,-0.464689
10,240,5.23633e-7,7.61387e-7,7.61387e-7,4.8075e-7,0.506853
10,264,1.31045e-11,3.10821e-11,3.10821e-11,1.53956e-11,-0.845599
10,288,4.56722e-16,1.26886e-15,1.26886e-15,4.93031e-16,-0.163522
10,289,196.573,160.982,160.982,160.227,1.28895
10,290,268.608,266.639,266.639,264.331,0.0919464
10,293,304.092,250.388,250.388,244.241,1.39244
10,295,114.56,107.859,107.859,103.104,0.631369
10,312,0.070409,0.0839292,0.0839292,0.0675545,0.240103
10,336,2.5913e-6,3.42624e-6,3.42624e-6,2.16338e-6,1.12396
10,360,5.7225e-11,1.39869e-10,1.39869e-10,6.92803e-11,-0.98875
10,384,2.34041e-15,5.70989e-15,5.70989e-15,2.21864e-15,0.311857
10,385,197.446,160.982,160.982,160.227,1.3199
10,386,327.264,266.639,266.639,264.331,1.35286
10,389,258.108,250.388,250.388,244.241,0.322614
10,391,124.8,107.859,107.859,103.104,1.19573
10,408,0.0651993,0.0839292,0.0839292,0.0675545,-0.198106
10,432,2.23274e-6,3.42624e-6,3.42624e-6,2.16338e-6,0.182187
10,456,7.81773e-11,1.39869e-10,1.39869e-10,6.92803e-11,0.729718
10,480,2.19674e-15,5.70989e-15,5.70989e-15,2.21864e-15,-0.0561013
10,481,192.847,160.982,160.982,160.227,1.15682
10,482,299.621,266.639,266.639,264.331,0.758626
10,485,269.64,250.388,250.388,244.241,0.590904
10,487,113.14,107.859,107.859,103.104,0.553112
10,504,0.075095,0.0839292,0.0839292,0.0675545,0.634257
10,528,2.56825e-6,3.42624e-6,3.42624e-6,2.16338e-6,1.06343
10,552,7.24421e-11,1.39869e-10,1.39869e-10,6.92803e-11,0.259329
10,576,2.36216e-15,5.70989e-15,5.70989e-15,2.21864e-15,0.367576
10,577,190.913,160.982,160.982,160.227,1.08823
10,578,299.595,266.639,266.639,264.331,0.758074
10,581,307.825,250.388,250.388,244.241,1.47928
10,583,132.223,107.859,107.859,103.104,1.6048
10,600,0.0797496,0.0839292,0.0839292,0.0675545,1.02577
10,624,2.19011e-6,3.42624e-6,3.42624e-6,2.16338e-6,0.0702252
10,648,7.72102e-11,1.39869e-10,1.39869e-10,6.92803e-11,0.650399
11,0,0,0,0,0,0
11,1,3.91162,3.57738,3.57738,3.61625,0.464123
11,2,6.71551,5.92531,5.92531,6.04538,0.629877
11,5,7.46398,5.56418,5.56418,5.89318,1.51457
11,7,3.0285,2.39686,2.39686,2.65911,0.789338
11,24,0.0035288,0.00186509,0.00186509,0.00306918,0.850941
11,48,2.06426e-7,7.61387e-8,7.61387e-8,2.18606e-7,-0.316586
11,72,1.70082e-11,3.10821e-12,3.10821e-12,1.55704e-11,0.52468
11,96,9.19786e-16,1.26886e-16,1.26886e-16,1.10902e-15,-0.852235
11,97,20.2787,17.8869,17.8869,18.0812,0.690561
11,98,38.5525,29.6266,29.6266,30.2269,1.56509
11,101,41.5191,27.8209,27.8209,29.4659,2.32435
11,103,14.9754,11.9843,11.9843,13.2955,0.717932
11,120,0.0166565,0.00932547,0.00932547,0.0153459,0.485301
11,144,1.30564e-6,3.80693e-7,3.80693e-7,1.09303e-6,1.10528
11,168,8.93067e-11,1.5541e-11,1.5541e-11,7.78521e-11,0.836036
11,192,5.54843e-15,6.34432e-16,6.34432e-16,5.5451e-15,0.00340474
11,193,46.4382,35.7738,35.7738,36.1625,1.61463
11,194,59.3917,59.2531,59.2531,60.4538,-0.0998319
11,197,59.5481,55.6418,55.6418,58.9318,0.0594253
11,199,34.0556,23.9686,23.9686,26.5911,1.59508
11,216,0.0384758,0.0186509,0.0186509,0.0306918,1.44111
11,240,2.06691e-6,7.61387e-7,7.61387e-7,2.18606e-6,-0.309711
11,264,1.76902e-10,3.10821e-11,3.10821e-11,1.55704e-10,0.773599
11,288,1.0209e-14,1.26886e-15,1.26886e-15,1.10902e-14,-0.451496
11,289,211.602,160.982,160.982,162.731,1.70645
11,290,341.476,266.639,266.639,272.042,1.45029
11,293,310.778,250.388,250.388,265.193,0.976731
11,295,144.69,107.859,107.859,119.66,1.18857
11,312,0.135595,0.0839292,0.0839292,0.138113,-0.103586
11,336,1.15437e-5,3.42624e-6,3.42624e-6,9.83726e-6,0.98566
11,360,6.96353e-10,1.39869e-10,1.39869e-10,7.00669e-10,-0.0350063
11,384,5.21327e-14,5.70989e-15,5.70989e-15,4.99059e-14,0.253534
11,385,189.439,160.982,160.982,162.731,0.932565
11,386,266.151,266.639,266.639,272.042,-0.123042
11,389,279.467,250.388,250.388,265.193,0.305845
11,391,126.242,107.859,107.859,119.66,0.312535
11,408,0.162047,0.0839292,0.0839292,0.138113,0.984695
11,432,1.00079e-5,3.42624e-6,3.42624e-6,9.83726e-6,0.098576
11,456,5.79802e-10,1.39869e-10,1.39869e-10,7.00669e-10,-0.980201
11,480,4.18483e-14,5.70989e-15,5.70989e-15,4.99059e-14,-0.917432
11,481,187.662,160.982,160.982,162.731,0.870546
11,482,342.626,266.639,266.639,272.042,1.4743
11,485,321.465,250.388,250.388,265.193,1.20572
11,487,112.434,107.859,107.859,119.66,-0.343153
11,504,0.180589,0.0839292,0.0839292,0.138113,1.74754
11,528,1.0914e-5,3.42624e-6,3.42624e-6,9.83726e-6,0.621963
11,552,7.59607e-10,1.39869e-10,1.39869e-10,7.00669e-10,0.477967
11,576,3.84094e-14,5.70989e-15,5.70989e-15,4.99059e-14,-1.30898
11,577,197.765,160.982,160.982,162.731,1.22332
11,578,364.647,266.639,266.639,272.042,1.93425
11,581,286.482,250.388,250.388,265.193,0.456142
11,583,119.973,107.859,107.859,119.66,0.0148451
11,600,0.176875,0.0839292,0.0839292,0.138113,1.59475
11,624,9.7338e-6,3.42624e-6,3.42624e-6,9.83726e-6,-0.0597586
11,648,6.62293e-10,1.39869e-10,1.39869e-10,7.00669e-10,-0.311219
12,0,0,0,0,0,0
12,1,5.01937,3.57738,3.57738,3.60522,2.22886
12,2,7.37998,5.92531,5.92531,6.01115,1.29393
12,5,7.32985,5.56418,5.56418,5.79805,1.5012
12,7,2.76995,2.39686,2.39686,2.58217,0.413225
12,24,0.00327015,0.00186509,0.00186509,0.00266657,1.28617
12,48,1.85125e-7,7.61387e-8,7.61387e-8,1.62322e-7,0.798226
12,72,8.82177e-12,3.10821e-12,3.10821e-12,9.88108e-12,-0.609163
12,96,6.61134e-16,1.26886e-16,1.26886e-16,6.01492e-16,0.2686
12,97,23.6398,17.8869,17.8869,18.0261,1.76957
12,98,33.2355,29.6266,29.6266,30.0557,0.601147
12,101,33.9931,27.8209,27.8209,28.9902,0.980573
12,103,12.0846,11.9843,11.9843,12.9108,-0.363645
12,120,0.0150865,0.00932547,0.00932547,0.0133328,0.747396
12,144,9.26716e-7,3.80693e-7,3.80693e-7,8.11612e-7,0.805864
12,168,4.98842e-11,1.5541e-11,1.5541e-11,4.94054e-11,0.0550698
12,192,2.39439e-15,6.34432e-16,6.34432e-16,3.00746e-15,-1.15833
12,193,45.6193,35.7738,35.7738,36.0522,1.50788
12,194,67.7059,59.2531,59.2531,60.1115,0.717883
12,197,72.7694,55.6418,55.6418,57.9805,1.44935
12,199,29.3513,23.9686,23.9686,25.8217,0.776711
12,216,0.0316604,0.0186509,0.0186509,0.0266657,1.06434
12,240,1.77598e-6,7.61387e-7,7.61387e-7,1.62322e-6,0.534728
12,264,9.9288e-11,3.10821e-11,3.10821e-11,9.88108e-11,0.0274422
12,288,5.67499e-15,1.26886e-15,1.26886e-15,6.01492e-15,-0.321129
12,289,184.22,160.982,160.982,162.235,0.770021
12,290,365.992,266.639,266.639,270.502,2.0059
12,293,319.073,250.388,250.388,260.912,1.26664
12,295,120.664,107.859,107.859,116.197,0.218431
12,312,0.146293,0.0839292,0.0839292,0.119995,1.24528
12,336,7.32881e-6,3.42624e-6,3.42624e-6,7.30451e-6,0.0189087
12,360,5.11115e-10,1.39869e-10,1.39869e-10,4.44648e-10,0.849389
12,384,2.59752e-14,5.70989e-15,5.70989e-15,2.70672e-14,-0.229231
12,385,199.803,160.982,160.982,162.235,1.3158
12,386,325.641,266.639,266.639,270.502,1.15826
12,389,269.797,250.388,250.388,260.912,0.19349
12,391,142.518,107.859,107.859,116.197,1.2871
12,408,0.148316,0.0839292,0.0839292,0.119995,1.34109
12,432,7.64636e-6,3.42624e-6,3.42624e-6,7.30451e-6,0.265927
12,456,4.85399e-10,1.39869e-10,1.39869e-10,4.44648e-10,0.520762
12,480,2.36482e-14,5.70989e-15,5.70989e-15,2.70672e-14,-0.71775
12,481,204.711,160.982,160.982,162.235,1.48771
12,482,344.303,266.639,266.639,270.502,1.55029
12,485,328.258,250.388,250.388,260.912,1.46668
12,487,171.454,107.859,107.859,116.197,2.70214
12,504,0.119187,0.0839292,0.0839292,0.119995,-0.038305
12,528,9.0948e-6,3.42624e-6,3.42624e-6,7.30451e-6,1.39268
12,552,4.22187e-10,1.39869e-10,1.39869e-10,4.44648e-10,-0.287035
12,576,2.49332e-14,5.70989e-15,5.70989e-15,2.70672e-14,-0.447988
12,577,169.11,160.982,160.982,162.235,0.240808
12,578,333.185,266.639,266.639,270.502,1.31674
12,581,290.626,250.388,250.388,260.912,0.647107
12,583,145.28,107.859,107.859,116.197,1.42216
12,600,0.131107,0.0839292,0.0839292,0.119995,0.526173
12,624,8.39039e-6,3.42624e-6,3.42624e-6,7.30451e-6,0.844713
12,648,4.94045e-10,1.39869e-10,1.39869e-10,4.44648e-10,0.63124
13,0,0,0,0,0,0
13,1,22.5047,17.8869,17.8869,18.4409,1.25218
13,2,45.6585,29.6266,29.6266,31.3598,2.59084
13,5,44.9231,27.8209,27.8209,32.7516,2.1117
13,7,15.8186,11.9843,11.9843,16.0739,-0.0902371
13,24,0.043964,0.00932547,0.00932547,0.0379034,0.908566
13,48,9.13588e-6,3.80693e-7,3.80693e-7,7.40195e-6,1.33107
13,72,1.50341e-9,1.5541e-11,1.5541e-11,1.44549e-9,0.227692
13,96,2.82927e-13,6.34432e-16,6.34432e-16,2.82282e-13,0.0129803
13,97,44.9603,35.7738,35.7738,36.8818,1.24463
13,98,70.8786,59.2531,59.2531,62.7196,0.739178
13,101,72.791,55.6418,55.6418,65.5032,0.632196
13,103,41.2226,23.9686,23.9686,32.1478,1.604
13,120,0.0832822,0.0186509,0.0186509,0.0758068,0.560332
13,144,1.33045e-5,7.61387e-7,7.61387e-7,1.48039e-5,-0.575518
13,168,2.89611e-9,3.10821e-11,3.10821e-11,2.89098e-9,0.0100838
13,192,6.136e-13,1.26886e-15,1.26886e-15,5.64564e-13,0.493541
13,193,114.355,89.4344,89.4344,92.2045,1.36505
13,194,180.477,148.133,148.133,156.799,0.858068
13,197,174.218,139.104,139.104,163.758,0.362967
13,199,98.9379,59.9216,59.9216,80.3695,1.3128
13,216,0.186694,0.0466273,0.0466273,0.189517,-0.0846498
13,240,4.04563e-5,1.90347e-6,1.90347e-6,3.70098e-5,0.529152
13,264,8.91959e-9,7.77052e-11,7.77052e-11,7.22744e-9,1.33036
13,288,1.31557e-12,3.17216e-15,3.17216e-15,1.41141e-12,-0.385854
13,289,309.904,268.303,268.303,276.613,0.683867
13,290,548.02,444.398,444.398,470.397,0.937654
13,293,487.078,417.313,417.313,491.274,-0.0485315
13,295,277.28,179.765,179.765,241.109,0.852445
13,312,0.571879,0.139882,0.139882,0.568551,0.0332648
13,336,0.000122485,5.7104e-6,5.7104e-6,0.000111029,0.586254
13,360,2.30851e-8,2.33116e-10,2.33116e-10,2.16823e-8,0.367608
13,384,3.31449e-12,9.51648e-15,9.51648e-15,4.23423e-12,-1.23427
13,385,330.221,268.303,268.303,276.613,1.10121
13,386,543.471,444.398,444.398,470.397,0.882706
13,389,703.647,417.313,417.313,491.274,2.45637
13,391,258.535,179.765,179.765,241.109,0.410701
13,408,0.618516,0.139882,0.139882,0.568551,0.499358
13,432,0.000124626,5.7104e-6,5.7104e-6,0.000111029,0.695855
13,456,1.81805e-8,2.33116e-10,2.33116e-10,2.16823e-8,-0.917725
13,480,4.25863e-12,9.51648e-15,9.51648e-15,4.23423e-12,0.0327411
13,481,285.019,268.303,268.303,276.613,0.172669
13,482,481.415,444.398,444.398,470.397,0.133096
13,485,620.707,417.313,417.313,491.274,1.49706
13,487,292.198,179.765,179.765,241.109,1.20402
13,504,0.631441,0.139882,0.139882,0.568551,0.628536
13,528,0.000124962,5.7104e-6,5.7104e-6,0.000111029,0.713034
13,552,1.75743e-8,2.33116e-10,2.33116e-10,2.16823e-8,-1.07658
13,576,4.30321e-12,9.51648e-15,9.51648e-15,4.23423e-12,0.0925636
13,577,333.214,268.303,268.303,276.613,1.1627
13,578,585.761,444.398,444.398,470.397,1.39355
13,581,568.106,417.313,417.313,491.274,0.888666
13,583,296.428,179.765,179.765,241.109,1.30372
13,600,0.593361,0.139882,0.139882,0.568551,0.247955
13,624,0.000112829,5.7104e-6,5.7104e-6,0.000111029,0.0921145
13,648,2.52746e-8,2.33116e-10,2.33116e-10,2.16823e-8,0.941411
14,0,0,0,0,0,0
14,1,24.4969,17.8869,17.8869,17.6809,2.19049
14,2,35.7067,29.6266,29.6266,28.9994,1.31424
14,5,28.3415,27.8209,27.8209,26.1713,0.471168
14,7,12.3858,11.9843,11.9843,10.7248,0.880029
14,24,0.00557723,0.00932547,0.00932547,0.00545982,0.122189
14,48,1.27128e-7,3.80693e-7,3.80693e-7,1.22445e-7,0.217334
14,72,2.52583e-12,1.5541e-11,1.5541e-11,2.746e-12,-0.455588
14,96,4.60704e-17,6.34432e-16,6.34432e-16,6.15832e-17,-0.0698634
14,97,39.0228,35.7738,35.7738,35.3619,0.588267
14,98,70.2427,59.2531,59.2531,57.9988,1.19955
14,101,62.5833,55.6418,55.6418,52.3427,1.1117
14,103,26.1214,23.9686,23.9686,21.4496,1.23761
14,120,0.00969239,0.0186509,0.0186509,0.0109196,-0.63862
14,144,2.99802e-7,7.61387e-7,7.61387e-7,2.44889e-7,1.27414
14,168,5.88284e-12,3.10821e-11,3.10821e-11,5.49201e-12,0.404374
14,192,1.09424e-16,1.26886e-15,1.26886e-15,1.23166e-16,-0.0618915
14,193,86.5654,89.4344,89.4344,88.4047,-0.118222
14,194,186.859,148.133,148.133,144.997,1.6405
14,197,153.113,139.104,139.104,130.857,0.966438
14,199,64.1178,59.9216,59.9216,53.624,1.11197
14,216,0.0308311,0.0466273,0.0466273,0.0272991,0.735175
14,240,6.89988e-7,1.90347e-6,1.90347e-6,6.12223e-7,0.721753
14,264,1.34018e-11,7.77052e-11,7.77052e-11,1.373e-11,-0.135823
14,288,2.86916e-16,3.17216e-15,3.17216e-15,3.07916e-16,-0.0945764
14,289,296.286,268.303,268.303,265.214,0.66572
14,290,429.849,444.398,444.398,434.991,-0.0671686
14,293,499.78,417.313,417.313,392.57,1.5518
14,295,196.983,179.765,179.765,160.872,1.2755
14,312,0.0926155,0.139882,0.139882,0.0818973,0.74365
14,336,2.04197e-6,5.7104e-6,5.7104e-6,1.83667e-6,0.635158
14,360,3.77475e-11,2.33116e-10,2.33116e-10,4.119e-11,-0.4749
15,0,0,0,0,0,0
15,1,18.9596,17.8869,17.8869,16.8978,0.693316
15,2,29.5828,29.6266,29.6266,26.6981,0.61396
15,5,25.3745,27.8209,27.8209,20.6924,1.28573
15,7,8.70557,11.9843,11.9843,6.96023,1.42487
15,24,0.000759659,0.00932547,0.00932547,0.000661498,0.843201
15,48,1.52023e-9,3.80693e-7,3.80693e-7,1.38764e-9,0.54295
15,72,2.60093e-15,1.5541e-11,1.5541e-11,2.91088e-15,-0.60503
15,96,4.64841e-21,6.34432e-16,6.34432e-16,6.10621e-21,-6.56536e-6
15,97,32.3375,35.7738,35.7738,33.7956,-0.245167
15,98,65.7684,59.2531,59.2531,53.3961,1.31662
15,101,49.2648,55.6418,55.6418,41.3848,1.08194
15,103,19.5356,23.9686,23.9686,13.9205,2.29206
15,120,0.00181453,0.0186509,0.0186509,0.001323,2.11113
15,144,3.19046e-9,7.61387e-7,7.61387e-7,2.77528e-9,0.850074
15,168,5.10814e-15,3.10821e-11,3.10821e-11,5.82175e-15,-0.696507
15,192,1.20974e-20,1.26886e-15,1.26886e-15,1.22124e-20,-5.1794e-7
15,193,108.078,89.4344,89.4344,84.4891,1.58647
15,194,147.245,148.133,148.133,133.49,0.585489
15,197,119.403,139.104,139.104,103.462,0.875467
15,199,37.0487,59.9216,59.9216,34.8012,0.36698
15,216,0.00368407,0.0466273,0.0466273,0.00330749,0.64696
15,240,7.09301e-9,1.90347e-6,1.90347e-6,6.93819e-9,0.126798
15,264,1.39702e-14,7.77052e-11,7.77052e-11,1.45544e-14,-0.228064
15,288,2.46424e-20,3.17216e-15,3.17216e-15,3.0531e-20,-2.65201e-5
15,289,265.638,268.303,268.303,253.467,0.272843
15,290,387.245,444.398,444.398,400.471,-0.187663
15,293,413.416,417.313,417.313,310.386,1.88616
15,295,116.793,179.765,179.765,104.403,0.674287
15,312,0.0116715,0.139882,0.139882,0.00992246,1.00161
15,336,1.9315e-8,5.7104e-6,5.7104e-6,2.08146e-8,-0.409366
15,360,3.48179e-14,2.33116e-10,2.33116e-10,4.36632e-14,-1.1511
16,0,0,0,0,0,0
16,1,20.2293,17.8869,17.8869,17.9511,0.721135
16,2,37.8593,29.6266,29.6266,29.824,1.53094
16,5,32.0472,27.8209,27.8209,28.3546,0.739992
16,7,15.4765,11.9843,11.9843,12.4038,1.4076
16,24,0.0113901,0.00932547,0.00932547,0.0110018,0.20059
16,48,5.49425e-7,3.80693e-7,3.80693e-7,5.4029e-7,0.0960688
16,72,2.82197e-11,1.5541e-11,1.5541e-11,2.65333e-11,0.361139
16,96,1.13951e-15,6.34432e-16,6.34432e-16,1.30304e-15,-0.713109
16,97,41.0826,35.7738,35.7738,35.9022,0.819897
16,98,73.3661,59.2531,59.2531,59.6479,1.30682
16,101,59.7991,55.6418,55.6418,56.7093,0.309598
16,103,30.986,23.9686,23.9686,24.8076,1.41517
16,120,0.0229029,0.0186509,0.0186509,0.0220035,0.232251
16,144,1.01473e-6,7.61387e-7,7.61387e-7,1.08058e-6,-0.346287
16,168,5.0174e-11,3.10821e-11,3.10821e-11,5.30667e-11,-0.309732
16,192,2.28381e-15,1.26886e-15,1.26886e-15,2.60607e-15,-0.702649
16,193,100.959,89.4344,89.4344,89.7555,0.70927
16,194,181.324,148.133,148.133,149.12,1.22712
16,197,146.731,139.104,139.104,141.773,0.198703
16,199,63.2429,59.9216,59.9216,62.019,0.112141
16,216,0.0618685,0.0466273,0.0466273,0.0550089,0.70858
16,240,2.6628e-6,1.90347e-6,1.90347e-6,2.70145e-6,-0.0812996
16,264,1.40668e-10,7.77052e-11,7.77052e-11,1.32667e-10,0.342696
16,288,6.02447e-15,3.17216e-15,3.17216e-15,6.51518e-15,-0.427968
16,289,331.842,268.303,268.303,269.266,1.32052
16,290,525.486,444.398,444.398,447.36,0.992333
16,293,497.295,417.313,417.313,425.32,0.961581
16,295,207.35,179.765,179.765,186.057,0.650308
16,312,0.232923,0.139882,0.139882,0.165027,2.33784
16,336,9.74879e-6,5.7104e-6,5.7104e-6,8.10435e-6,1.15296
16,360,4.25756e-10,2.33116e-10,2.33116e-10,3.98e-10,0.396275
16,384,1.8077e-14,9.51648e-15,9.51648e-15,1.95455e-14,-0.426938
16,385,279.139,268.303,268.303,269.266,0.208338
16,386,469.895,444.398,444.398,447.36,0.286235
16,389,542.694,417.313,417.313,425.32,1.56812
16,391,243.311,179.765,179.765,186.057,1.74854
16,408,0.182498,0.139882,0.139882,0.165027,0.601565
16,432,8.9446e-6,5.7104e-6,5.7104e-6,8.10435e-6,0.589126
16,456,4.14355e-10,2.33116e-10,2.33116e-10,3.98e-10,0.233498
16,480,1.8948e-14,9.51648e-15,9.51648e-15,1.95455e-14,-0.173723
16,481,353.588,268.303,268.303,269.266,1.77941
16,482,520.326,444.398,444.398,447.36,0.926797
16,485,537.743,417.313,417.313,425.32,1.50196
16,487,228.527,179.765,179.765,186.057,1.29704
16,504,0.177701,0.139882,0.139882,0.165027,0.436395
16,528,8.01775e-6,5.7104e-6,5.7104e-6,8.10435e-6,-0.0607204
16,552,3.91729e-10,2.33116e-10,2.33116e-10,3.98e-10,-0.0895318
16,576,1.7014e-14,9.51648e-15,9.51648e-15,1.95455e-14,-0.735952
16,577,261.661,268.303,268.303,269.266,-0.160503
16,578,498.73,444.398,444.398,447.36,0.652487
16,581,473.878,417.313,417.313,425.32,0.64873
16,583,256.29,179.765,179.765,186.057,2.14493
16,600,0.180015,0.139882,0.139882,0.165027,0.516089
16,624,6.9321e-6,5.7104e-6,5.7104e-6,8.10435e-6,-0.821906
16,648,4.82991e-10,2.33116e-10,2.33116e-10,3.98e-10,1.21341
17,0,0,0,0,0,0
17,1,19.2671,17.8869,17.8869,17.097,0.721215
17,2,34.4721,29.6266,29.6266,27.271,1.50042
17,5,26.4796,27.8209,27.8209,21.975,1.16479
17,7,10.1242,11.9843,11.9843,7.78163,1.71059
17,24,0.00118326,0.00932547,0.00932547,0.00114494,0.190179
17,48,4.45851e-9,3.80693e-7,3.80693e-7,4.45137e-9,0.00911571
17,72,1.788e-14,1.5541e-11,1.5541e-11,1.73063e-14,0.188351
17,96,5.9829e-20,6.34432e-16,6.34432e-16,6.72846e-20,-3.35771e-5
17,97,46.4175,35.7738,35.7738,34.1941,2.03124
17,98,66.0851,59.2531,59.2531,54.5421,1.20256
17,101,46.2454,55.6418,55.6418,43.9499,0.296788
17,103,17.6419,23.9686,23.9686,15.5633,0.758907
17,120,0.00232573,0.0186509,0.0186509,0.00228988,0.0889541
17,144,1.05637e-8,7.61387e-7,7.61387e-7,8.90274e-9,1.06012
17,168,3.001e-14,3.10821e-11,3.10821e-11,3.46126e-14,-0.755591
17,192,1.00826e-19,1.26886e-15,1.26886e-15,1.34569e-19,-0.000151965
17,193,100.416,89.4344,89.4344,85.4851,0.992433
17,194,174.829,148.133,148.133,136.355,1.6033
17,197,142.626,139.104,139.104,109.875,1.69375
17,199,44.6437,59.9216,59.9216,38.9081,0.837633
17,216,0.00576263,0.0466273,0.0466273,0.0057247,0.0376474
17,240,2.5875e-8,1.90347e-6,1.90347e-6,2.22568e-8,0.923713
17,264,8.23241e-14,7.77052e-11,7.77052e-11,8.65316e-14,-0.276293
17,288,3.05593e-19,3.17216e-15,3.17216e-15,3.36423e-19,-0.000138845
17,289,262.878,268.303,268.303,256.455,0.142301
17,290,534.508,444.398,444.398,409.065,1.74249
17,293,328.587,417.313,417.313,329.624,-0.0178786
17,295,116.503,179.765,179.765,116.724,-0.0107689
17,312,0.0188927,0.139882,0.139882,0.0171741,0.568613
17,336,6.79597e-8,5.7104e-6,5.7104e-6,6.67705e-8,0.101195
17,360,2.48352e-13,2.33116e-10,2.33116e-10,2.59595e-13,-0.246089
17,384,9.04105e-19,9.51648e-15,9.51648e-15,1.00927e-18,-0.000473621
17,385,313.398,268.303,268.303,256.455,1.26167
17,386,470.022,444.398,444.398,409.065,0.846726
17,389,358.553,417.313,417.313,329.624,0.498693
17,391,163.042,179.765,179.765,116.724,2.25479
17,408,0.0178595,0.139882,0.139882,0.0171741,0.226768
17,432,7.42883e-8,5.7104e-6,5.7104e-6,6.67705e-8,0.639761
17,456,2.76129e-13,2.33116e-10,2.33116e-10,2.59595e-13,0.361913
17,480,8.76879e-19,9.51648e-15,9.51648e-15,1.00927e-18,-0.000596233
17,481,260.547,268.303,268.303,256.455,0.0906482
17,482,535.601,444.398,444.398,409.065,1.75767
17,485,406.282,417.313,417.313,329.624,1.32146
17,487,136.154,179.765,179.765,116.724,0.945847
17,504,0.0162684,0.139882,0.139882,0.0171741,-0.299664
17,528,7.47625e-8,5.7104e-6,5.7104e-6,6.67705e-8,0.68012
17,552,2.31272e-13,2.33116e-10,2.33116e-10,2.59595e-13,-0.619962
17,576,8.25228e-19,9.51648e-15,9.51648e-15,1.00927e-18,-0.00082885
17,577,376.622,268.303,268.303,256.455,2.66251
17,578,551.316,444.398,444.398,409.065,1.97596
17,581,405.121,417.313,417.313,329.624,1.30144
17,583,126.283,179.765,179.765,116.724,0.465306
17,600,0.0174617,0.139882,0.139882,0.0171741,0.0951558
17,624,5.78876e-8,5.7104e-6,5.7104e-6,6.67705e-8,-0.755948
17,648,1.8983e-13,2.33116e-10,2.33116e-10,2.59595e-13,-1.52706
18,0,0,0,0,0,0
18,1,22.3802,17.8869,17.8869,15.4728,2.53668
18,2,25.8808,29.6266,29.6266,22.8404,0.756387
18,5,15.3239,27.8209,27.8209,13.3418,0.844133
18,7,3.20382,11.9843,11.9843,3.02508,0.335744
18,24,1.20022e-5,0.00932547,0.00932547,1.00616e-5,1.0959
18,48,1.66754e-13,3.80693e-7,3.80693e-7,1.85749e-13,-0.581053
18,72,3.39273e-21,1.5541e-11,1.5541e-11,3.42912e-21,-1.63852e-7
18,96,4.25775e-29,6.34432e-16,6.34432e-16,6.33051e-29,-9.33487e-14
18,97,33.382,35.7738,35.7738,30.9455,0.447384
18,98,48.3087,59.2531,59.2531,45.6808,0.326883
18,101,25.6471,55.6418,55.6418,26.6837,-0.220738
18,103,7.19744,23.9686,23.9686,6.05016,1.07751
18,120,1.93873e-5,0.0186509,0.0186509,2.01233e-5,-0.207807
18,144,3.54965e-13,7.61387e-7,7.61387e-7,3.71497e-13,-0.252869
18,168,7.19507e-21,3.10821e-11,3.10821e-11,6.85823e-21,1.51696e-6
18,192,1.11399e-28,1.26886e-15,1.26886e-15,1.2661e-28,-6.85065e-14
18,193,98.8181,89.4344,89.4344,77.3638,1.57578
18,194,134.973,148.133,148.133,114.202,1.03347
18,197,80.5533,139.104,139.104,66.7092,1.17923
18,199,16.5974,59.9216,59.9216,15.1254,0.552982
18,216,5.05583e-5,0.0466273,0.0466273,5.03082e-5,0.0282473
18,240,9.70229e-13,1.90347e-6,1.90347e-6,9.28743e-13,0.253819
18,264,1.32497e-20,7.77052e-11,7.77052e-11,1.71456e-20,-1.75455e-5
18,288,2.42479e-28,3.17216e-15,3.17216e-15,3.16526e-28,-3.33476e-13
18,289,259.139,268.303,268.303,232.091,0.6622
18,290,346.62,444.398,444.398,342.606,0.0665798
18,293,254.061,417.313,417.313,200.128,1.53134
18,295,48.6309,179.765,179.765,45.3762,0.407561
18,312,0.000163461,0.139882,0.139882,0.000150925,0.471979
18,336,2.81798e-12,5.7104e-6,5.7104e-6,2.78623e-12,0.0647599
18,360,4.24215e-20,2.33116e-10,2.33116e-10,5.14367e-20,-4.06011e-5
18,384,6.86559e-28,9.51648e-15,9.51648e-15,9.49577e-28,-1.18453e-12
18,385,254.186,268.303,268.303,232.091,0.540929
18,386,365.428,444.398,444.398,342.606,0.378516
18,389,289.855,417.313,417.313,200.128,2.54764
18,391,49.8523,179.765,179.765,45.3762,0.56051
18,408,0.000160076,0.139882,0.139882,0.000150925,0.34456
18,432,2.6307e-12,5.7104e-6,5.7104e-6,2.78623e-12,-0.317185
18,456,4.53887e-20,2.33116e-10,2.33116e-10,5.14367e-20,-2.72381e-5
18,480,6.65774e-28,9.51648e-15,9.51648e-15,9.49577e-28,-1.27814e-12
18,481,279.326,268.303,268.303,232.091,1.15644
18,482,427.107,444.398,444.398,342.606,1.40147
18,485,250.697,417.313,417.313,200.128,1.43583
18,487,65.6055,179.765,179.765,45.3762,2.5332
18,504,0.000144743,0.139882,0.139882,0.000150925,-0.232752
18,528,2.5318e-12,5.7104e-6,5.7104e-6,2.78623e-12,-0.518885
18,552,4.19837e-20,2.33116e-10,2.33116e-10,5.14367e-20,-4.25728e-5
18,576,9.0313e-28,9.51648e-15,9.51648e-15,9.49577e-28,-2.09176e-13
18,577,230.696,268.303,268.303,232.091,-0.034159
18,578,450.033,444.398,444.398,342.606,1.78171
18,581,213.487,417.313,417.313,200.128,0.379319
18,583,57.9411,179.765,179.765,45.3762,1.57343
18,600,0.000177099,0.139882,0.139882,0.000150925,0.985456
18,624,2.91905e-12,5.7104e-6,5.7104e-6,2.78623e-12,0.270876
18,648,4.82322e-20,2.33116e-10,2.33116e-10,5.14367e-20,-1.44319e-5
19,0,0,0,0,0,0
19,1,47.7502,35.7738,35.7738,37.5758,1.53857
19,2,67.9883,59.2531,59.2531,64.9604,0.264863
19,5,86.4504,55.6418,55.6418,72.4861,1.09467
19,7,42.7144,23.9686,23.9686,38.4989,0.622186
19,24,0.202228,0.0186509,0.0186509,0.177662,0.785716
19,48,0.000113553,7.61387e-7,7.61387e-7,8.95195e-5,1.52555
19,72,4.51872e-8,3.10821e-11,3.10821e-11,4.51067e-8,0.0101441
19,96,2.45051e-11,1.26886e-15,1.26886e-15,2.27282e-11,0.444249
19,97,124.803,89.4344,89.4344,93.9396,1.86689
19,98,214.92,148.133,148.133,162.401,1.83757
19,101,239.06,139.104,139.104,181.215,1.81379
19,103,130.789,59.9216,59.9216,96.2473,2.03929
19,120,0.561223,0.0466273,0.0466273,0.444155,1.4977
19,144,0.000239432,1.90347e-6,1.90347e-6,0.000223799,0.396934
19,168,1.21192e-7,7.77052e-11,7.77052e-11,1.12767e-7,0.424537
19,192,4.7549e-11,3.17216e-15,3.17216e-15,5.68204e-11,-0.927175
19,193,216.616,178.869,178.869,187.879,0.86913
19,194,408.814,296.266,296.266,324.802,1.46974
19,197,450.813,278.209,278.209,362.431,1.38567
19,199,187.5,119.843,119.843,192.495,-0.147436
19,216,1.0693,0.0932547,0.0932547,0.888309,1.15775
19,240,0.000545718,3.80693e-6,3.80693e-6,0.000447597,1.24563
19,264,2.69645e-7,1.5541e-10,1.5541e-10,2.25533e-7,1.11136
19,288,1.03184e-10,6.34432e-15,6.34432e-15,1.13641e-10,-0.522869
19,289,454.027,357.738,357.738,375.758,1.18358
19,290,658.84,592.531,592.531,649.604,0.080796
19,293,834.25,556.418,556.418,724.861,0.857503
19,295,440.209,239.686,239.686,384.989,0.815008
19,312,1.92138,0.186509,0.186509,1.77662,0.462991
19,336,0.000996954,7.61387e-6,7.61387e-6,0.000895195,0.645914
19,360,4.34835e-7,3.10821e-10,3.10821e-10,4.51067e-7,-0.204481
19,384,1.9425e-10,1.26886e-14,1.26886e-14,2.27282e-10,-0.825809
19,385,459.308,357.738,357.738,375.758,1.26343
19,386,766.469,592.531,592.531,649.604,1.02225
19,389,789.877,556.418,556.418,724.861,0.509663
19,391,482.525,239.686,239.686,384.989,1.43957
19,408,1.8527,0.186509,0.186509,1.77662,0.243348
19,432,0.000943712,7.61387e-6,7.61387e-6,0.000895195,0.307961
19,456,3.71776e-7,3.10821e-10,3.10821e-10,4.51067e-7,-0.998853
19,480,1.9649e-10,1.26886e-14,1.26886e-14,2.27282e-10,-0.769823
19,481,471.366,357.738,357.738,375.758,1.44578
19,482,800.513,592.531,592.531,649.604,1.32004
19,485,945.962,556.418,556.418,724.861,1.73322
19,487,420.133,239.686,239.686,384.989,0.518703
19,504,2.12605,0.186509,0.186509,1.77662,1.11761
19,528,0.00109557,7.61387e-6,7.61387e-6,0.000895195,1.27186
19,552,5.41915e-7,3.10821e-10,3.10821e-10,4.51067e-7,1.14444
19,576,1.90612e-10,1.26886e-14,1.26886e-14,2.27282e-10,-0.916781
19,577,379.939,357.738,357.738,375.758,0.0632223
19,578,877.395,592.531,592.531,649.604,1.99254
19,581,769.572,556.418,556.418,724.861,0.350494
19,583,458.141,239.686,239.686,384.989,1.07968
19,600,1.96615,0.186509,0.186509,1.77662,0.606171
19,624,0.00102027,7.61387e-6,7.61387e-6,0.000895195,0.793912
19,648,4.91695e-7,3.10821e-10,3.10821e-10,4.51067e-7,0.511808
20,0,0,0,0,0,0
20,1,40.3847,35.7738,35.7738,38.6401,0.256547
20,2,69.2719,59.2531,59.2531,68.5017,0.0638864
20,5,102.143,55.6418,55.6418,84.5561,1.18185
20,7,71.4228,23.9686,23.9686,50.5002,2.35419
20,24,0.729968,0.0186509,0.0186509,0.631759,0.883322
20,48,0.00163652,7.61387e-7,7.61387e-7,0.00130115,1.46459
20,72,2.16332e-6,3.10821e-11,3.10821e-11,2.67981e-6,-1.09516
20,96,5.83409e-9,1.26886e-15,1.26886e-15,5.51924e-9,0.324146
20,97,114.138,89.4344,89.4344,96.6003,1.03161
20,98,203.941,148.133,148.133,171.254,1.08454
20,101,255.599,139.104,139.104,211.39,1.18834
20,103,125.21,59.9216,59.9216,126.25,-0.0468268
20,120,1.7386,0.0466273,0.0466273,1.5794,0.572761
20,144,0.00399912,1.90347e-6,1.90347e-6,0.00325287,1.30357
20,168,7.35077e-6,7.77052e-11,7.77052e-11,6.69951e-6,0.552368
20,192,1.43429e-8,3.17216e-15,3.17216e-15,1.37981e-8,0.224364
20,193,210.317,178.869,178.869,193.201,0.503402
20,194,414.458,296.266,296.266,342.508,1.19364
20,197,462.006,278.209,278.209,422.781,0.52719
20,199,273.334,119.843,119.843,252.501,0.468816
20,216,3.32584,0.0932547,0.0932547,3.15879,0.300493
20,240,0.00721537,3.80693e-6,3.80693e-6,0.00650575,0.619798
20,264,1.35565e-5,1.5541e-10,1.5541e-10,1.3399e-5,0.0667626
20,288,2.34088e-8,6.34432e-15,6.34432e-15,2.75962e-8,-0.862207
20,289,501.647,357.738,357.738,386.401,1.69474
20,290,875.365,592.531,592.531,685.017,1.57894
20,293,890.502,556.418,556.418,845.561,0.302003
20,295,594.708,239.686,239.686,505.002,1.00936
20,312,6.93003,0.186509,0.186509,6.31759,0.550854
20,336,0.0152536,7.61387e-6,7.61387e-6,0.0130115,0.979135
20,360,2.77143e-5,3.10821e-10,3.10821e-10,2.67981e-5,0.194289
20,384,5.20904e-8,1.26886e-14,1.26886e-14,5.51924e-8,-0.319357
20,385,401.334,357.738,357.738,386.401,0.2196
20,386,757.092,592.531,592.531,685.017,0.597864
20,389,977.764,556.418,556.418,845.561,0.888412
20,391,592.727,239.686,239.686,505.002,0.98707
20,408,8.1733,0.186509,0.186509,6.31759,1.66908
20,432,0.0149718,7.61387e-6,7.61387e-6,0.0130115,0.856099
20,456,2.27029e-5,3.10821e-10,3.10821e-10,2.67981e-5,-0.868326
20,480,5.07337e-8,1.26886e-14,1.26886e-14,5.51924e-8,-0.459035
20,481,395.574,357.738,357.738,386.401,0.134893
20,482,916.025,592.531,592.531,685.017,1.91621
20,485,1167.82,556.418,556.418,845.561,2.16563
20,487,527.928,239.686,239.686,505.002,0.257957
20,504,7.27388,0.186509,0.186509,6.31759,0.860122
20,528,0.0106665,7.61387e-6,7.61387e-6,0.0130115,-1.02407
20,552,3.02415e-5,3.10821e-10,3.10821e-10,2.67981e-5,0.730135
20,576,4.35343e-8,1.26886e-14,1.26886e-14,5.51924e-8,-1.20024
20,577,395.891,357.738,357.738,386.401,0.139551
20,578,693.052,592.531,592.531,685.017,0.0666545
20,581,1050.57,556.418,556.418,845.561,1.37764
20,583,562.694,239.686,239.686,505.002,0.649148
20,600,5.98918,0.186509,0.186509,6.31759,-0.295375
20,624,0.0150472,7.61387e-6,7.61387e-6,0.0130115,0.889028
20,648,2.87697e-5,3.10821e-10,3.10821e-10,2.67981e-5,0.418061
21,0,0,0,0,0,0
21,1,39.8696,35.7738,35.7738,39.421,0.0646558
21,2,87.7578,59.2531,59.2531,71.182,1.32318
21,5,103.104,55.6418,55.6418,94.5785,0.512193
21,7,57.7899,23.9686,23.9686,61.3939,-0.333569
21,24,1.8385,0.0186509,0.0186509,1.5594,1.01701
21,48,0.00848041,7.61387e-7,7.61387e-7,0.00872877,-0.161676
21,72,5.26759e-5,3.10821e-11,3.10821e-11,4.88596e-5,0.443819
21,96,2.15746e-7,1.26886e-15,1.26886e-15,2.73493e-7,-1.19978
21,97,116.906,89.4344,89.4344,98.5526,1.05821
21,98,211.898,148.133,148.133,177.955,1.08383
21,101,293.642,139.104,139.104,236.446,1.37451
21,103,143.915,59.9216,59.9216,153.485,-0.354271
21,120,5.06509,0.0466273,0.0466273,3.89849,1.70037
21,144,0.0242524,1.90347e-6,1.90347e-6,0.0218219,0.632877
21,168,0.00012233,7.77052e-11,7.77052e-11,0.000122149,0.00843094
21,192,6.64635e-7,3.17216e-15,3.17216e-15,6.83733e-7,-0.158719
21,193,240.989,178.869,178.869,197.105,1.2651
21,194,411.762,296.266,296.266,355.91,0.891688
21,197,661.188,278.209,278.209,472.893,2.26254
21,199,334.665,119.843,119.843,306.97,0.512654
21,216,8.86029,0.0932547,0.0932547,7.79698,0.774911
21,240,0.050447,3.80693e-6,3.80693e-6,0.0436439,0.885735
21,264,0.000255919,1.5541e-10,1.5541e-10,0.000244298,0.270307
21,288,1.05675e-6,6.34432e-15,6.34432e-15,1.36747e-6,-1.29111
21,289,517.257,357.738,357.738,394.21,1.77361
21,290,836.943,592.531,592.531,711.82,0.998809
21,293,926.93,556.418,556.418,945.785,-0.113278
21,295,662.85,239.686,239.686,613.939,0.452688
21,312,16.0614,0.186509,0.186509,15.594,0.170341
21,336,0.101671,7.61387e-6,7.61387e-6,0.0872877,0.936322
21,360,0.000425335,3.10821e-10,3.10821e-10,0.000488596,-0.735706
21,384,2.76826e-6,1.26886e-14,1.26886e-14,2.73493e-6,0.0692351
21,385,442.662,357.738,357.738,394.21,0.698397
21,386,910.418,592.531,592.531,711.82,1.58534
21,389,996.789,556.418,556.418,945.785,0.306427
21,391,725.588,239.686,239.686,613.939,1.03335
21,408,16.3075,0.186509,0.186509,15.594,0.259987
21,432,0.0884642,7.61387e-6,7.61387e-6,0.0872877,0.0765829
21,456,0.000522368,3.10821e-10,3.10821e-10,0.000488596,0.39276
21,480,2.80507e-6,1.26886e-14,1.26886e-14,2.73493e-6,0.145716
21,481,421.121,357.738,357.738,394.21,0.387899
21,482,868.924,592.531,592.531,711.82,1.2541
21,485,1067.37,556.418,556.418,945.785,0.730494
21,487,880.718,239.686,239.686,613.939,2.46913
21,504,17.3003,0.186509,0.186509,15.594,0.621758
21,528,0.0923536,7.61387e-6,7.61387e-6,0.0872877,0.329776
21,552,0.000494627,3.10821e-10,3.10821e-10,0.000488596,0.0701364
21,576,2.41865e-6,1.26886e-14,1.26886e-14,2.73493e-6,-0.65712
21,577,498.744,357.738,357.738,394.21,1.50677
21,578,848.098,592.531,592.531,711.82,1.08785
21,581,1206.46,556.418,556.418,945.785,1.5661
21,583,735.171,239.686,239.686,613.939,1.12204
21,600,16.8209,0.186509,0.186509,15.594,0.447082
21,624,0.0989121,7.61387e-6,7.61387e-6,0.0872877,0.756719
21,648,0.000499336,3.10821e-10,3.10821e-10,0.000488596,0.124898
22,0,0,0,0,0,0
22,1,44.6538,35.7738,35.7738,34.9067,1.58668
22,2,66.7336,59.2531,59.2531,56.6339,1.01332
22,5,61.3802,55.6418,55.6418,48.9084,1.44898
22,7,23.2295,23.9686,23.9686,18.9485,1.28376
22,24,0.00659968,0.0186509,0.0186509,0.00598702,0.581472
22,48,7.15293e-8,7.61387e-7,7.61387e-7,6.84729e-8,0.253632
22,72,7.36165e-13,3.10821e-11,3.10821e-11,7.83117e-13,-0.340686
22,96,9.59101e-18,1.26886e-15,1.26886e-15,8.95643e-18,0.0028579
22,97,98.0246,89.4344,89.4344,87.2667,0.700485
22,98,166.254,148.133,148.133,141.585,0.990049
22,101,140.913,139.104,139.104,122.271,0.866338
22,103,49.1861,59.9216,59.9216,47.3714,0.217677
22,120,0.0164073,0.0466273,0.0466273,0.0149675,0.546594
22,144,1.89086e-7,1.90347e-6,1.90347e-6,1.71182e-7,0.594281
22,168,2.01617e-12,7.77052e-11,7.77052e-11,1.95779e-12,0.169433
22,192,2.55777e-17,3.17216e-15,3.17216e-15,2.23911e-17,0.0143512
22,193,177.239,178.869,178.869,174.533,0.0880965
22,194,367.559,296.266,296.266,283.169,1.6934
22,197,255.496,278.209,278.209,244.542,0.254539
22,199,121.6,119.843,119.843,94.7427,1.61078
22,216,0.032384,0.0932547,0.0932547,0.0299351,0.464842
22,240,3.21969e-7,3.80693e-6,3.80693e-6,3.42365e-7,-0.338504
22,264,3.04125e-12,1.5541e-10,1.5541e-10,3.91559e-12,-1.26882
22,288,4.31653e-17,6.34432e-15,6.34432e-15,4.47822e-17,-0.00728172
22,289,318.981,357.738,357.738,349.067,-0.489737
22,290,628.755,592.531,592.531,566.339,0.626238
22,293,550.978,556.418,556.418,489.084,0.719084
22,295,206.967,239.686,239.686,189.485,0.524241
22,312,0.0711929,0.186509,0.186509,0.0598702,1.07463
22,336,7.07748e-7,7.61387e-6,7.61387e-6,6.84729e-7,0.191024
22,360,8.03694e-12,3.10821e-10,3.10821e-10,7.83117e-12,0.149302
22,384,8.50919e-17,1.26886e-14,1.26886e-14,8.95643e-17,-0.020142
22,385,520.034,357.738,357.738,349.067,2.78307
22,386,719.616,592.531,592.531,566.339,1.53787
22,389,502.799,556.418,556.418,489.084,0.159343
22,391,212.244,239.686,239.686,189.485,0.682477
22,408,0.072687,0.186509,0.186509,0.0598702,1.21643
22,432,8.24911e-7,7.61387e-6,7.61387e-6,6.84729e-7,1.1633
22,456,7.51578e-12,3.10821e-10,3.10821e-10,7.83117e-12,-0.228844
23,0,0,0,0,0,0
23,1,39.3256,35.7738,35.7738,37.5423,0.269906
23,2,74.5606,59.2531,59.2531,64.8509,0.850755
23,5,78.9505,55.6418,55.6418,72.1336,0.536994
23,7,48.2597,23.9686,23.9686,38.1676,1.50246
23,24,0.1727,0.0186509,0.0186509,0.170581,0.07056
23,48,0.000105962,7.61387e-7,7.61387e-7,8.21522e-5,1.64687
23,72,3.98511e-8,3.10821e-11,3.10821e-11,3.95646e-8,0.0411509
23,96,1.65534e-11,1.26886e-15,1.26886e-15,1.90543e-11,-0.745805
23,97,119.489,89.4344,89.4344,93.8558,1.55187
23,98,173.071,148.133,148.133,162.127,0.383552
23,101,266.173,139.104,139.104,180.334,2.70474
23,103,99.7142,59.9216,59.9216,95.419,0.255783
23,120,0.527367,0.0466273,0.0466273,0.426453,1.34461
23,144,0.000205546,1.90347e-6,1.90347e-6,0.00020538,0.00459165
23,168,9.37476e-8,7.77052e-11,7.77052e-11,9.89114e-8,-0.296651
23,192,4.42847e-11,3.17216e-15,3.17216e-15,4.76359e-11,-0.399745
23,193,215.532,178.869,178.869,187.712,0.842153
23,194,363.771,296.266,296.266,324.255,0.69249
23,197,472.221,278.209,278.209,360.668,1.75748
23,199,205.899,119.843,119.843,190.838,0.448451
23,216,1.01964,0.0932547,0.0932547,0.852907,1.1108
23,240,0.000465856,3.80693e-6,3.80693e-6,0.000410761,0.762154
23,264,2.1614e-7,1.5541e-10,1.5541e-10,1.97823e-7,0.526133
23,288,7.89864e-11,6.34432e-15,6.34432e-15,9.52717e-11,-0.97129
23,289,378.444,357.738,357.738,375.423,0.0457264
23,290,701.963,592.531,592.531,648.509,0.468364
23,293,804.49,556.418,556.418,721.336,0.655037
23,295,385.015,239.686,239.686,381.676,0.0497072
23,312,2.32575,0.186509,0.186509,1.70581,2.06506
23,336,0.000630342,7.61387e-6,7.61387e-6,0.000821522,-1.32233
23,360,3.26482e-7,3.10821e-10,3.10821e-10,3.95646e-7,-0.99332
23,384,1.68783e-10,1.26886e-14,1.26886e-14,1.90543e-10,-0.648914
23,385,398.388,357.738,357.738,375.423,0.347589
23,386,881.607,592.531,592.531,648.509,2.0424
23,389,853.764,556.418,556.418,721.336,1.04318
23,391,434.238,239.686,239.686,381.676,0.782519
23,408,1.97014,0.186509,0.186509,1.70581,0.88048
23,432,0.000869054,7.61387e-6,7.61387e-6,0.000821522,0.328768
23,456,3.53059e-7,3.10821e-10,3.10821e-10,3.95646e-7,-0.611631
23,480,2.06243e-10,1.26886e-14,1.26886e-14,1.90543e-10,0.468169
23,481,473.74,357.738,357.738,375.423,1.48807
23,482,765.397,592.531,592.531,648.509,1.02416
23,485,943.125,556.418,556.418,721.336,1.74711
23,487,364.827,239.686,239.686,381.676,-0.250846
23,504,1.7591,0.186509,0.186509,1.70581,0.177497
23,528,0.000963083,7.61387e-6,7.61387e-6,0.000821522,0.979135
23,552,3.67525e-7,3.10821e-10,3.10821e-10,3.95646e-7,-0.40387
23,576,1.65387e-10,1.26886e-14,1.26886e-14,1.90543e-10,-0.750186
23,577,435.341,357.738,357.738,375.423,0.906888
23,578,779.689,592.531,592.531,648.509,1.14939
23,581,771.236,556.418,556.418,721.336,0.393084
23,583,426.635,239.686,239.686,381.676,0.669332
23,600,2.02133,0.186509,0.186509,1.70581,1.05103
23,624,0.000871188,7.61387e-6,7.61387e-6,0.000821522,0.343527
23,648,3.24104e-7,3.10821e-10,3.10821e-10,3.95646e-7,-1.02748
24,0,0,0,0,0,0
24,1,42.6027,35.7738,35.7738,35.4653,1.14355
24,2,70.5539,59.2531,59.2531,58.312,1.19291
24,5,58.448,55.6418,55.6418,53.1535,0.56599
24,7,30.8468,23.9686,23.9686,22.0583,2.2639
24,24,0.0124887,0.0186509,0.0186509,0.0125,-0.0051543
24,48,3.03402e-7,7.61387e-7,7.61387e-7,3.2613e-7,-0.39599
24,72,7.69951e-12,3.10821e-11,3.10821e-11,8.50882e-12,-0.540466
24,96,1.98476e-16,1.26886e-15,1.26886e-15,2.21998e-16,-0.105935
24,97,108.601,89.4344,89.4344,88.6633,1.27776
24,98,164.376,148.133,148.133,145.78,0.724835
24,101,175.837,139.104,139.104,132.884,1.83672
24,103,64.5025,59.9216,59.9216,55.1458,0.964121
24,120,0.0359207,0.0466273,0.0466273,0.0312501,0.849262
24,144,7.99467e-7,1.90347e-6,1.90347e-6,8.15325e-7,-0.110514
24,168,2.12002e-11,7.77052e-11,7.77052e-11,2.12721e-11,-0.0191909
24,192,5.40401e-16,3.17216e-15,3.17216e-15,5.54994e-16,-0.0657252
24,193,223.241,178.869,178.869,177.327,1.47126
24,194,357.065,296.266,296.266,291.56,1.27663
24,197,246.886,278.209,278.209,265.768,-0.403699
24,199,141.642,119.843,119.843,110.292,1.61516
24,216,0.0612057,0.0932547,0.0932547,0.0625002,-0.117695
24,240,1.86949e-6,3.80693e-6,3.80693e-6,1.63065e-6,0.832284
24,264,4.32622e-11,1.5541e-10,1.5541e-10,4.25441e-11,0.0959032
24,288,1.09216e-15,6.34432e-15,6.34432e-15,1.10999e-15,-0.0802967
24,289,375.797,357.738,357.738,354.653,0.338768
24,290,684.071,592.531,592.531,583.12,0.983713
24,293,642.236,556.418,556.418,531.535,1.18341
24,295,262.827,239.686,239.686,220.583,1.0882
24,312,0.132228,0.186509,0.186509,0.125,0.328531
24,336,3.16264e-6,7.61387e-6,7.61387e-6,3.2613e-6,-0.171897
24,360,7.70012e-11,3.10821e-10,3.10821e-10,8.50882e-11,-0.540052
24,384,2.03485e-15,1.26886e-14,1.26886e-14,2.21998e-15,-0.473857
24,385,496.263,357.738,357.738,354.653,2.26885
24,386,725.708,592.531,592.531,583.12,1.38944
24,389,539.87,556.418,556.418,531.535,0.0890938
24,391,307.054,239.686,239.686,220.583,2.2275
24,408,0.124671,0.186509,0.186509,0.125,-0.0149725
24,432,2.62793e-6,7.61387e-6,7.61387e-6,3.2613e-6,-1.10352
24,456,8.84876e-11,3.10821e-10,3.10821e-10,8.50882e-11,0.22701
24,480,2.31518e-15,1.26886e-14,1.26886e-14,2.21998e-15,0.243667
24,481,444.431,357.738,357.738,354.653,1.43841
24,482,641.366,592.531,592.531,583.12,0.567574
24,485,534.064,556.418,556.418,531.535,0.0270337
24,487,249.847,239.686,239.686,220.583,0.753827
24,504,0.135957,0.186509,0.186509,0.125,0.498047
24,528,3.53033e-6,7.61387e-6,7.61387e-6,3.2613e-6,0.468735
24,552,8.42246e-11,3.10821e-10,3.10821e-10,8.50882e-11,-0.0576718
24,576,2.48079e-15,1.26886e-14,1.26886e-14,2.21998e-15,0.667579
24,577,436.641,357.738,357.738,354.653,1.3136
24,578,745.681,592.531,592.531,583.12,1.58408
24,581,633.086,556.418,556.418,531.535,1.08559
24,583,249.535,239.686,239.686,220.583,0.7458
24,600,0.113404,0.186509,0.186509,0.125,-0.527162
24,624,3.65447e-6,7.61387e-6,7.61387e-6,3.2613e-6,0.685036
24,648,8.06841e-11,3.10821e-10,3.10821e-10,8.50882e-11,-0.294111
25,0,0,0,0,0,0
25,1,35.6741,35.7738,35.7738,34.8305,0.13763
25,2,70.6384,59.2531,59.2531,56.4076,1.43354
25,5,50.7534,55.6418,55.6418,48.3544,0.281916
25,7,21.4961,23.9686,23.9686,18.5569,0.899993
25,24,0.00573234,0.0186509,0.0186509,0.00540873,0.339974
25,48,5.98879e-8,7.61387e-7,7.61387e-7,5.51986e-8,0.482729
25,72,5.48378e-13,3.10821e-11,3.10821e-11,5.63327e-13,-0.150792
25,96,4.50562e-18,1.26886e-15,1.26886e-15,5.74901e-18,-0.00559977
25,97,101.149,89.4344,89.4344,87.0761,0.918364
25,98,141.45,148.133,148.133,141.019,0.017386
25,101,140.935,139.104,139.104,120.886,0.9424
25,103,60.984,59.9216,59.9216,46.3922,1.78724
25,120,0.0131824,0.0466273,0.0466273,0.0135218,-0.142642
25,144,1.46817e-7,1.90347e-6,1.90347e-6,1.37996e-7,0.363187
25,168,1.49797e-12,7.77052e-11,7.77052e-11,1.40832e-12,0.361711
25,192,1.28004e-17,3.17216e-15,3.17216e-15,1.43725e-17,-0.00708006
25,193,201.719,178.869,178.869,174.152,0.899441
25,194,289.854,296.266,296.266,282.038,0.157473
25,197,322.254,278.209,278.209,241.772,1.89152
25,199,76.7991,119.843,119.843,92.7844,-0.978957
25,216,0.0308863,0.0932547,0.0932547,0.0270436,0.807392
25,240,2.75697e-7,3.80693e-6,3.80693e-6,2.75993e-7,-0.0060819
25,264,2.47762e-12,1.5541e-10,1.5541e-10,2.81663e-12,-0.68393
25,288,2.58122e-17,6.34432e-15,6.34432e-15,2.87451e-17,-0.0132083
25,289,428.92,357.738,357.738,348.305,1.31516
25,290,548.828,592.531,592.531,564.076,-0.153601
25,293,627.806,556.418,556.418,483.544,1.69526
25,295,204.156,239.686,239.686,185.569,0.569163
25,312,0.062249,0.186509,0.186509,0.0540873,0.857442
25,336,5.8769e-7,7.61387e-6,7.61387e-6,5.51986e-7,0.367541
25,360,5.2768e-12,3.10821e-10,3.10821e-10,5.63327e-12,-0.359567
25,384,5.0116e-17,1.26886e-14,1.26886e-14,5.74901e-17,-0.0332102
25,385,395.688,357.738,357.738,348.305,0.773004
25,386,673.512,592.531,592.531,564.076,1.1024
25,389,639.495,556.418,556.418,483.544,1.83261
25,391,192.633,239.686,239.686,185.569,0.216315
25,408,0.0669074,0.186509,0.186509,0.0540873,1.34684
25,432,5.16467e-7,7.61387e-6,7.61387e-6,5.51986e-7,-0.365629
25,456,5.29013e-12,3.10821e-10,3.10821e-10,5.63327e-12,-0.34612
25,480,5.45051e-17,1.26886e-14,1.26886e-14,5.74901e-17,-0.0134436
25,481,427.057,357.738,357.738,348.305,1.28476
25,482,814.71,592.531,592.531,564.076,2.52476
25,485,552.723,556.418,556.418,483.544,0.812938
25,487,219.509,239.686,239.686,185.569,1.03927
25,504,0.055401,0.186509,0.186509,0.0540873,0.138013
25,528,5.64826e-7,7.61387e-6,7.61387e-6,5.51986e-7,0.13218
25,552,5.36906e-12,3.10821e-10,3.10821e-10,5.63327e-12,-0.266506
25,576,5.42167e-17,1.26886e-14,1.26886e-14,5.74901e-17,-0.0147423
25,577,422.039,357.738,357.738,348.305,1.2029
25,578,781.695,592.531,592.531,564.076,2.19218
25,581,721.355,556.418,556.418,483.544,2.79456
25,583,201.953,239.686,239.686,185.569,0.501691
25,600,0.0594676,0.186509,0.186509,0.0540873,0.565242
25,624,6.0999e-7,7.61387e-6,7.61387e-6,5.51986e-7,0.597101
25,648,5.5606e-12,3.10821e-10,3.10821e-10,5.63327e-12,-0.0733021
26,0,0,0,0,0,0
26,1,36.2028,35.7738,35.7738,33.283,0.498478
26,2,55.0188,59.2531,59.2531,51.9464,0.336075
26,5,43.4665,55.6418,55.6418,38.2881,0.768513
26,7,14.337,23.9686,23.9686,12.0393,1.08446
26,24,0.000684962,0.0186509,0.0186509,0.000645141,0.350734
26,48,5.97302e-10,7.61387e-7,7.61387e-7,6.02677e-10,-0.0506776
26,72,5.2663e-16,3.10821e-11,3.10821e-11,5.63008e-16,-0.163828
26,96,4.00179e-22,1.26886e-15,1.26886e-15,5.2595e-22,-5.66421e-7
26,97,102.838,89.4344,89.4344,83.2076,1.34057
26,98,149.673,148.133,148.133,129.866,0.866658
26,101,105.713,139.104,139.104,95.7203,0.593222
26,103,36.735,59.9216,59.9216,30.0982,1.25296
26,120,0.00184181,0.0466273,0.0466273,0.00161285,0.806632
26,144,1.51077e-9,1.90347e-6,1.90347e-6,1.50669e-9,0.0153825
26,168,1.30259e-15,7.77052e-11,7.77052e-11,1.40752e-15,-0.423608
26,192,1.1268e-21,3.17216e-15,3.17216e-15,1.31487e-21,-8.46995e-7
26,193,219.799,178.869,178.869,166.415,1.82279
26,194,313.021,296.266,296.266,259.732,1.16581
26,197,234.53,278.209,278.209,191.441,1.27896
26,199,69.1056,119.843,119.843,60.1963,0.840989
26,216,0.00328047,0.0932547,0.0932547,0.0032257,0.0964748
26,240,2.67754e-9,3.80693e-6,3.80693e-6,3.01338e-9,-0.633295
26,264,3.2696e-15,1.5541e-10,1.5541e-10,2.81504e-15,0.917552
26,288,2.04777e-21,6.34432e-15,6.34432e-15,2.62975e-21,-2.62101e-6
26,289,390.024,357.738,357.738,332.83,0.976438
26,290,677.034,592.531,592.531,519.464,1.72359
26,293,488.569,556.418,556.418,382.881,1.56848
26,295,135.752,239.686,239.686,120.393,0.724924
26,312,0.00676005,0.186509,0.186509,0.00645141,0.271848
26,336,7.66794e-9,7.61387e-6,7.61387e-6,6.02677e-9,1.54735
26,360,4.51985e-15,3.10821e-10,3.10821e-10,5.63008e-15,-1.12051
26,384,4.74825e-21,1.26886e-14,1.26886e-14,5.2595e-21,-2.30245e-6
26,385,417.768,357.738,357.738,332.83,1.45009
26,386,561.111,592.531,592.531,519.464,0.45555
26,389,449.712,556.418,556.418,382.881,0.991816
26,391,149.92,239.686,239.686,120.393,1.39362
26,408,0.00782096,0.186509,0.186509,0.00645141,1.20626
26,432,5.95621e-9,7.61387e-6,7.61387e-6,6.02677e-9,-0.0665255
26,456,5.2969e-15,3.10821e-10,3.10821e-10,5.63008e-15,-0.33626
26,480,4.37858e-21,1.26886e-14,1.26886e-14,5.2595e-21,-3.96728e-6
26,481,421.788,357.738,357.738,332.83,1.51873
26,482,626.262,592.531,592.531,519.464,1.16821
26,485,432.988,556.418,556.418,382.881,0.743614
26,487,161.331,239.686,239.686,120.393,1.9322
26,504,0.00726215,0.186509,0.186509,0.00645141,0.714079
26,528,6.74114e-9,7.61387e-6,7.61387e-6,6.02677e-9,0.673533
26,552,4.6345e-15,3.10821e-10,3.10821e-10,5.63008e-15,-1.00479
26,576,5.63138e-21,1.26886e-14,1.26886e-14,5.2595e-21,1.67482e-6
26,577,341.559,357.738,357.738,332.83,0.149026
26,578,604.192,592.531,592.531,519.464,0.926804
26,581,390.686,556.418,556.418,382.881,0.115826
26,583,161.507,239.686,239.686,120.393,1.9405
26,600,0.00678068,0.186509,0.186509,0.00645141,0.290012
26,624,6.99794e-9,7.61387e-6,7.61387e-6,6.02677e-9,0.915648
26,648,6.03685e-15,3.10821e-10,3.10821e-10,5.63008e-15,0.410537
27,0,0,0,0,0,0
27,1,44.0754,35.7738,35.7738,35.9066,1.29273
27,2,79.6595,59.2531,59.2531,59.6614,1.90464
27,5,70.2299,55.6418,55.6418,56.746,1.3502
27,7,24.4889,23.9686,23.9686,24.8366,-0.0795605
27,24,0.0262594,0.0186509,0.0186509,0.0221275,1.06105
27,48,1.00674e-6,7.61387e-7,7.61387e-7,1.09351e-6,-0.450887
27,72,5.30789e-11,3.10821e-11,3.10821e-11,5.404e-11,-0.101066
28,0,0,0,0,0,0
28,1,41.9402,35.7738,35.7738,33.3444,1.4648
28,2,63.5462,59.2531,59.2531,52.1186,1.24589
28,5,46.1187,55.6418,55.6418,38.6474,1.09849
28,7,14.7736,23.9686,23.9686,12.2517,1.16965
28,24,0.000784847,0.0186509,0.0186509,0.000703617,0.655993
28,48,7.06299e-10,7.61387e-7,7.61387e-7,7.24838e-10,-0.14533
28,72,6.38174e-16,3.10821e-11,3.10821e-11,7.46698e-16,-0.48875
28,96,6.4322e-22,1.26886e-15,1.26886e-15,7.69219e-22,-5.67445e-7
28,97,104.872,89.4344,89.4344,83.3611,1.46629
28,98,159.633,148.133,148.133,130.297,1.27934
28,101,118.328,139.104,139.104,96.6185,1.27673
28,103,38.4818,59.9216,59.9216,30.6292,1.4568
28,120,0.0016897,0.0466273,0.0466273,0.00175904,-0.223997
28,144,1.89101e-9,1.90347e-6,1.90347e-6,1.81209e-9,0.247457
28,168,1.81297e-15,7.77052e-11,7.77052e-11,1.86675e-15,-0.163698
28,192,1.23326e-21,3.17216e-15,3.17216e-15,1.92305e-21,-3.10653e-6
28,193,191.282,178.869,178.869,166.722,0.83705
28,194,325.012,296.266,296.266,260.593,1.40466
28,197,187.339,278.209,278.209,193.237,-0.173442
28,199,67.5128,119.843,119.843,61.2584,0.580144
28,216,0.00386537,0.0932547,0.0932547,0.00351808,0.560921
28,240,3.76494e-9,3.80693e-6,3.80693e-6,3.62419e-9,0.220676
28,264,4.12345e-15,1.5541e-10,1.5541e-10,3.73349e-15,0.593505
28,288,2.902e-21,6.34432e-15,6.34432e-15,3.84609e-21,-4.25182e-6
28,289,402.573,357.738,357.738,333.444,1.17802
28,290,569.468,592.531,592.531,521.186,0.52639
28,293,409.328,556.418,556.418,386.474,0.336018
28,295,152.7,239.686,239.686,122.517,1.39986
28,312,0.00807391,0.186509,0.186509,0.00703617,0.838053
28,336,6.35639e-9,7.61387e-6,7.61387e-6,7.24838e-9,-0.699251
28,360,7.7982e-15,3.10821e-10,3.10821e-10,7.46698e-15,0.252047
28,384,6.90812e-21,1.26886e-14,1.26886e-14,7.69219e-21,-3.53113e-6
28,385,346.18,357.738,357.738,333.444,0.217027
28,386,580.971,592.531,592.531,521.186,0.651802
28,389,421.304,556.418,556.418,386.474,0.512092
28,391,143.784,239.686,239.686,122.517,0.986356
28,408,0.00756302,0.186509,0.186509,0.00703617,0.425474
28,432,6.90193e-9,7.61387e-6,7.61387e-6,7.24838e-9,-0.271589
28,456,7.01758e-15,3.10821e-10,3.10821e-10,7.46698e-15,-0.341988
28,480,5.96575e-21,1.26886e-14,1.26886e-14,7.69219e-21,-7.77518e-6
28,481,337.403,357.738,357.738,333.444,0.0674538
28,482,661.303,592.531,592.531,521.186,1.52762
28,485,508.15,556.418,556.418,386.474,1.78897
28,487,131.747,239.686,239.686,122.517,0.428078
28,504,0.0070774,0.186509,0.186509,0.00703617,0.0332969
28,528,6.97613e-9,7.61387e-6,7.61387e-6,7.24838e-9,-0.213425
28,552,7.20466e-15,3.10821e-10,3.10821e-10,7.46698e-15,-0.199627
29,0,0,0,0,0,0
29,1,48.232,35.7738,35.7738,38.8975,1.3636
29,2,92.0771,59.2531,59.2531,69.3776,1.85916
29,5,106.396,55.6418,55.6418,87.7449,1.20779
29,7,49.9882,23.9686,23.9686,53.8775,-0.410191
29,24,0.900988,0.0186509,0.0186509,0.853071,0.319172
29,48,0.00303179,7.61387e-7,7.61387e-7,0.00245026,1.34858
29,72,7.30997e-6,3.10821e-11,3.10821e-11,7.03785e-6,0.219699
29,96,1.58834e-8,1.26886e-15,1.26886e-15,2.02147e-8,-1.2175
29,97,105.48,89.4344,89.4344,97.2439,0.481244
29,98,190.265,148.133,148.133,173.444,0.551076
29,101,264.244,139.104,139.104,219.362,1.16259
29,103,175.765,59.9216,59.9216,134.694,1.73265
29,120,2.87846,0.0466273,0.0466273,2.13268,1.98704
29,144,0.00575774,1.90347e-6,1.90347e-6,0.00612566,-0.341285
29,168,1.57655e-5,7.77052e-11,7.77052e-11,1.75946e-5,-0.590709
29,192,4.83969e-8,3.17216e-15,3.17216e-15,5.05368e-8,-0.240603
29,193,208.997,178.869,178.869,194.488,0.423903
29,194,415.333,296.266,296.266,346.888,1.12117
29,197,524.094,278.209,278.209,438.725,1.10568
29,199,333.886,119.843,119.843,269.388,1.36048
29,216,3.89579,0.0932547,0.0932547,4.26536,-0.492324
29,240,0.0119909,3.80693e-6,3.80693e-6,0.0122513,-0.120767
29,264,3.80961e-5,1.5541e-10,1.5541e-10,3.51893e-5,0.469381
29,288,9.87123e-8,6.34432e-15,6.34432e-15,1.01074e-7,-0.132749
29,289,453.697,357.738,357.738,388.975,0.945469
29,290,919.875,592.531,592.531,693.776,1.85182
29,293,1013.16,556.418,556.418,877.449,0.878865
29,295,662.343,239.686,239.686,538.775,1.30321
29,312,10.1497,0.186509,0.186509,8.53071,1.07837
29,336,0.0251629,7.61387e-6,7.61387e-6,0.0245026,0.153114
29,360,7.09764e-5,3.10821e-10,3.10821e-10,7.03785e-5,0.0482724
29,384,1.85663e-7,1.26886e-14,1.26886e-14,2.02147e-7,-0.463352
29,385,449.375,357.738,357.738,388.975,0.882328
29,386,747.99,592.531,592.531,693.776,0.444032
29,389,996.086,556.418,556.418,877.449,0.768273
29,391,631.642,239.686,239.686,538.775,0.979422
29,408,10.8345,0.186509,0.186509,8.53071,1.53455
29,432,0.0255216,7.61387e-6,7.61387e-6,0.0245026,0.236303
29,456,7.41421e-5,3.10821e-10,3.10821e-10,7.03785e-5,0.303865
29,480,2.1281e-7,1.26886e-14,1.26886e-14,2.02147e-7,0.299738
29,481,442.855,357.738,357.738,388.975,0.787084
29,482,901.8,592.531,592.531,693.776,1.70378
29,485,905.654,556.418,556.418,877.449,0.182652
29,487,652.028,239.686,239.686,538.775,1.19443
29,504,10.1591,0.186509,0.186509,8.53071,1.08466
29,528,0.0243936,7.61387e-6,7.61387e-6,0.0245026,-0.0252734
29,552,7.74439e-5,3.10821e-10,3.10821e-10,7.03785e-5,0.570446
29,576,1.83586e-7,1.26886e-14,1.26886e-14,2.02147e-7,-0.521738
29,577,472.464,357.738,357.738,388.975,1.21961
29,578,854.309,592.531,592.531,693.776,1.31481
29,581,1068.21,556.418,556.418,877.449,1.23535
29,583,710.319,239.686,239.686,538.775,1.8092
29,600,10.2888,0.186509,0.186509,8.53071,1.17108
29,624,0.0246442,7.61387e-6,7.61387e-6,0.0245026,0.0328221
29,648,6.63669e-5,3.10821e-10,3.10821e-10,7.03785e-5,-0.323887
30,0,0,0,0,0,0
30,1,38.8005,35.7738,35.7738,34.8672,0.641004
30,2,66.8222,59.2531,59.2531,56.5167,1.03612
30,5,49.6663,55.6418,55.6418,48.6208,0.122179
30,7,21.1575,23.9686,23.9686,18.7448,0.731359
30,24,0.00730018,0.0186509,0.0186509,0.00568049,1.62018
30,48,6.97733e-8,7.61387e-7,7.61387e-7,6.12489e-8,0.790833
30,72,7.03103e-13,3.10821e-11,3.10821e-11,6.60405e-13,0.367375
30,96,6.30756e-18,1.26886e-15,1.26886e-15,7.1207e-18,-0.00366207
30,97,94.1493,89.4344,89.4344,87.168,0.45509
30,98,130.086,148.133,148.133,141.292,-0.450633
30,101,138.969,139.104,139.104,121.552,0.814206
30,103,48.265,59.9216,59.9216,46.8621,0.170107
30,120,0.0136093,0.0466273,0.0466273,0.0142012,-0.236865
30,144,1.76102e-7,1.90347e-6,1.90347e-6,1.53122e-7,0.852773
30,168,1.60513e-12,7.77052e-11,7.77052e-11,1.65101e-12,-0.157917
30,192,1.48537e-17,3.17216e-15,3.17216e-15,1.78017e-17,-0.0132768
30,193,244.327,178.869,178.869,174.336,2.28125
30,194,331.116,296.266,296.266,282.583,0.975909
30,197,281.424,278.209,278.209,243.104,0.89567
30,199,94.9118,119.843,119.843,93.7242,0.0719983
30,216,0.0313829,0.0932547,0.0932547,0.0284025,0.596257
30,240,3.02656e-7,3.80693e-6,3.80693e-6,3.06245e-7,-0.0665912
30,264,2.67495e-12,1.5541e-10,1.5541e-10,3.30203e-12,-1.07909
30,288,3.21206e-17,6.34432e-15,6.34432e-15,3.56035e-17,-0.0156857
30,289,354.716,357.738,357.738,348.672,0.098503
30,290,601.94,592.531,592.531,565.167,0.369724
30,293,651.062,556.418,556.418,486.208,1.92661
30,295,218.542,239.686,239.686,187.448,0.942548
30,312,0.0679318,0.186509,0.186509,0.0568049,1.11302
30,336,5.80032e-7,7.61387e-6,7.61387e-6,6.12489e-7,-0.301116
30,360,6.91337e-12,3.10821e-10,3.10821e-10,6.60405e-12,0.266139
30,384,6.03144e-17,1.26886e-14,1.26886e-14,7.1207e-17,-0.0490561
30,385,428.304,357.738,357.738,348.672,1.29775
30,386,722.93,592.531,592.531,565.167,1.58616
30,389,603.532,556.418,556.418,486.208,1.37114
30,391,216.096,239.686,239.686,187.448,0.86841
30,408,0.0614843,0.186509,0.186509,0.0568049,0.46808
30,432,6.25449e-7,7.61387e-6,7.61387e-6,6.12489e-7,0.120233
30,456,5.61173e-12,3.10821e-10,3.10821e-10,6.60405e-12,-0.853806
30,480,6.79171e-17,1.26886e-14,1.26886e-14,7.1207e-17,-0.0148165
30,481,370.397,357.738,357.738,348.672,0.354049
30,482,651.94,592.531,592.531,565.167,0.872421
30,485,651.299,556.418,556.418,486.208,1.92939
30,487,242.326,239.686,239.686,187.448,1.66353
30,504,0.068888,0.186509,0.186509,0.0568049,1.20867
30,528,6.79232e-7,7.61387e-6,7.61387e-6,6.12489e-7,0.619189
30,552,5.81405e-12,3.10821e-10,3.10821e-10,6.60405e-12,-0.679729
30,576,6.04498e-17,1.26886e-14,1.26886e-14,7.1207e-17,-0.0484463
30,577,461.657,357.738,357.738,348.672,1.84128
30,578,638.95,592.531,592.531,565.167,0.741822
30,581,487.596,556.418,556.418,486.208,0.0162138
30,583,243.617,239.686,239.686,187.448,1.70267
30,600,0.067416,0.186509,0.186509,0.0568049,1.06142
30,624,4.92619e-7,7.61387e-6,7.61387e-6,6.12489e-7,-1.11207
30,648,5.83728e-12,3.10821e-10,3.10821e-10,6.60405e-12,-0.659738