id,time,y2,popPred_medianCOV,popPred,indivPred_SAEM,indWRes_SAEM
1,0,0,0,0,0,0
1,1,146.902,69.9737,69.9737,122.602,0.815968
1,2,298.389,127.818,127.818,283.166,0.221316
1,5,419.302,152.848,152.848,387.115,0.342288
1,7,352.768,121.92,121.92,301.296,0.703289
1,24,16.5418,6.76004,6.76004,13.6847,0.85948
1,48,0.166476,0.0940816,0.0940816,0.156208,0.270614
1,72,0.00178663,0.0013036,0.0013036,0.00177648,0.0235226
1,96,1.84956e-5,1.82504e-5,1.82504e-5,2.01673e-5,-0.341254
1,97,30.2136,10.6975,10.6975,32.9265,-0.339187
1,98,99.9549,34.7656,34.7656,103.772,-0.151432
1,101,352.5,112.132,112.132,303.423,0.665855
1,103,310.066,109.71,109.71,276.867,0.493628
1,120,14.6427,7.53795,7.53795,14.247,0.114334
1,144,0.158005,0.10587,0.10587,0.160446,-0.0626276
1,168,0.00174099,0.00147638,0.00147638,0.0018014,-0.138037
1,192,3.20534e-5,2.06874e-5,2.06874e-5,2.02577e-5,2.39711
1,193,40.6352,13.8055,13.8055,39.3102,0.13876
1,194,144.915,44.8946,44.8946,124.068,0.691701
1,197,402.306,146.304,146.304,371.229,0.344636
1,199,396.845,144.789,144.789,342.744,0.649817
1,216,16.947,10.2029,10.2029,17.9936,-0.239457
1,240,0.204824,0.144174,0.144174,0.202729,0.0425371
1,264,0.00205606,0.00203049,0.00203049,0.00228393,-0.410734
1,288,2.71095e-5,2.86165e-5,2.86165e-5,2.55671e-5,0.248354
1,289,57.5841,20.3392,20.3392,54.4936,0.233467
1,290,170.083,66.0513,66.0513,171.804,-0.0412364
1,293,590.529,217.2,217.2,516.762,0.587664
1,295,492.461,215.767,215.767,477.485,0.129121
1,312,28.1996,15.3863,15.3863,25.268,0.477633
1,336,0.304817,0.218912,0.218912,0.288469,0.233299
1,360,0.00287155,0.00310013,0.00310013,0.00328285,-0.515775
1,384,3.26688e-5,4.37517e-5,4.37517e-5,3.72868e-5,-0.509861
1,385,43.1355,16.2118,16.2118,40.7144,0.244804
1,386,117.332,52.7147,52.7147,128.591,-0.360458
1,389,418.588,174.395,174.395,393.891,0.258119
1,391,325.444,175.136,175.136,368.676,-0.482742
1,408,23.4785,12.7032,12.7032,19.705,0.788342
1,432,0.211516,0.178751,0.178751,0.219441,-0.148672
1,456,0.00286333,0.00249496,0.00249496,0.00244317,0.707976
1,480,2.6265e-5,3.49921e-5,3.49921e-5,2.72568e-5,-0.149798
1,481,33.404,14.5193,14.5193,35.0112,-0.188973
1,482,114.352,47.2282,47.2282,110.638,0.138204
1,485,343.921,157.091,157.091,342.365,0.018711
1,487,270.019,158.13,158.13,320.834,-0.652027
1,504,19.5236,11.5414,11.5414,17.2828,0.53376
1,528,0.172948,0.161716,0.161716,0.196546,-0.49427
1,552,0.00221688,0.00224088,0.00224088,0.002229,-0.0223916
1,576,2.67706e-5,3.12429e-5,3.12429e-5,2.5233e-5,0.250862
1,577,33.9296,13.5302,13.5302,31.6425,0.297554
1,578,101.97,44.0188,44.0188,100.019,0.0802836
1,581,317.234,146.299,146.299,307.024,0.136899
1,583,263.356,147.568,147.568,289.203,-0.36793
1,600,14.8035,10.7871,10.7871,15.5803,-0.205265
1,624,0.157719,0.152642,0.152642,0.174621,-0.398475
1,648,0.00226357,0.00214919,0.00214919,0.00195573,0.647996
2,0,0,0,0,0,0
2,1,141.118,69.9737,69.9737,111.944,1.07291
2,2,312.226,127.818,127.818,319.55,-0.0943488
2,5,657.155,152.848,152.848,583.874,0.51669
2,7,515.922,121.92,121.92,497.377,0.1535
2,24,30.8092,6.76004,6.76004,28.4441,0.342312
2,48,0.355343,0.0940816,0.0940816,0.29652,0.816676
2,72,0.00321727,0.0013036,0.0013036,0.00269892,0.790659
2,96,3.14765e-5,1.82504e-5,1.82504e-5,2.296e-5,1.52701
2,97,33.0878,10.6975,10.6975,37.9885,-0.531078
2,98,178.383,34.7656,34.7656,129.619,1.54877
2,101,535.301,112.132,112.132,471.167,0.560368
2,103,567.403,109.71,109.71,508.467,0.477173
2,120,51.9335,7.53795,7.53795,50.3892,0.126164
2,144,0.675101,0.10587,0.10587,0.633021,0.273657
2,168,0.00620027,0.00147638,0.00147638,0.00617401,0.0175047
2,192,6.0183e-5,2.06874e-5,2.06874e-5,5.42928e-5,0.44662
2,193,42.9869,13.8055,13.8055,40.4086,0.262676
2,194,128.717,44.8946,44.8946,138.039,-0.27803
2,197,590.665,146.304,146.304,515.293,0.602162
2,199,680.77,144.789,144.789,569.349,0.805648
2,216,62.0183,10.2029,10.2029,62.939,-0.0602205
2,240,0.720929,0.144174,0.144174,0.817153,-0.484767
2,264,0.00873172,0.00203049,0.00203049,0.00810953,0.315851
2,288,8.17039e-5,2.86165e-5,2.86165e-5,7.18009e-5,0.5678
2,289,48.7689,20.3392,20.3392,54.3595,-0.423389
2,290,196.02,66.0513,66.0513,185.326,0.237538
2,293,662.076,217.2,217.2,691.585,-0.175659
2,295,755.469,215.767,215.767,769.458,-0.0748459
2,312,77.9396,15.3863,15.3863,88.5306,-0.492491
2,336,1.36047,0.218912,0.218912,1.1634,0.697344
2,360,0.0111504,0.00310013,0.00310013,0.0116078,-0.162209
2,384,8.82098e-5,4.37517e-5,4.37517e-5,0.000103086,-0.594096
2,385,44.2614,16.2118,16.2118,39.9018,0.449786
2,386,148.152,52.7147,52.7147,136.185,0.361777
2,389,475.182,174.395,174.395,515.108,-0.319089
2,391,420.116,175.136,175.136,580.504,-1.13743
2,408,66.8896,12.7032,12.7032,71.3585,-0.257815
2,432,1.01595,0.178751,0.178751,0.971292,0.189298
2,456,0.00964846,0.00249496,0.00249496,0.00979467,-0.0614508
2,480,9.32333e-5,3.49921e-5,3.49921e-5,8.76884e-5,0.260319
2,481,38.9575,14.5193,14.5193,33.9768,0.603479
2,482,108.161,47.2282,47.2282,115.999,-0.278169
2,485,499.299,157.091,157.091,445.437,0.497796
2,487,506.051,158.13,158.13,501.06,0.041004
2,504,67.3145,11.5414,11.5414,63.0204,0.280514
2,528,0.943113,0.161716,0.161716,0.862845,0.382971
2,552,0.00885552,0.00224088,0.00224088,0.00871105,0.0682771
2,576,8.28278e-5,3.12429e-5,3.12429e-5,7.76483e-5,0.274607
2,577,36.8861,13.5302,13.5302,30.4951,0.862764
2,578,87.9554,44.0188,44.0188,104.128,-0.639403
2,581,381.896,146.299,146.299,397.251,-0.159132
2,583,443.786,147.568,147.568,449.997,-0.0568197
2,600,56.3765,10.7871,10.7871,57.5471,-0.0837455
2,624,0.864038,0.152642,0.152642,0.797229,0.34499
2,648,0.00806843,0.00214919,0.00214919,0.00808469,-0.00828235
3,0,0,0,0,0,0
3,1,97.3382,69.9737,69.9737,85.9022,0.548057
3,2,174.924,127.818,127.818,162.895,0.304
3,5,242.793,152.848,152.848,196.666,0.965557
3,7,198.938,121.92,121.92,155.504,1.14986
3,24,7.42068,6.76004,6.76004,6.4733,0.602495
3,48,0.0453235,0.0940816,0.0940816,0.0511002,-0.465389
3,72,0.00027052,0.0013036,0.0013036,0.000394753,-1.29559
3,96,2.57378e-6,1.82504e-5,1.82504e-5,2.65705e-6,-0.129012
3,97,17.9842,10.6975,10.6975,14.2337,1.08472
3,98,56.3319,34.7656,34.7656,46.9523,0.822396
3,101,172.425,112.132,112.132,156.055,0.431824
3,103,170.43,109.71,109.71,155.503,0.39519
3,120,8.76679,7.53795,7.53795,9.23463,-0.208558
3,144,0.071836,0.10587,0.10587,0.0744506,-0.144572
3,168,0.000465264,0.00147638,0.00147638,0.00057168,-0.766318
3,192,3.41442e-6,2.06874e-5,2.06874e-5,4.28936e-6,-0.839735
3,193,19.3037,13.8055,13.8055,17.4509,0.43708
3,194,55.9904,44.8946,44.8946,57.6248,-0.116766
3,197,195.205,146.304,146.304,194.521,0.0144939
3,199,226.429,144.789,144.789,197.378,0.605923
3,216,12.7284,10.2029,10.2029,12.2757,0.151805
3,240,0.091806,0.144174,0.144174,0.100381,-0.351668
3,264,0.000602026,0.00203049,0.00203049,0.000775827,-0.922239
3,288,6.15089e-6,2.86165e-5,2.86165e-5,5.64196e-6,0.371347
3,289,28.1745,20.3392,20.3392,25.3047,0.466882
3,290,92.4418,66.0513,66.0513,83.4309,0.444624
3,293,300.805,217.2,217.2,285.01,0.228134
3,295,273.325,215.767,215.767,289.842,-0.234594
3,312,18.5424,15.3863,15.3863,18.3759,0.0372977
3,336,0.152786,0.218912,0.218912,0.150599,0.0597572
3,360,0.000947065,0.00310013,0.00310013,0.00116417,-0.767741
3,384,9.18539e-6,4.37517e-5,4.37517e-5,8.57445e-6,0.293324
3,385,22.6464,16.2118,16.2118,19.9709,0.551511
3,386,76.2035,52.7147,52.7147,65.9304,0.641467
3,389,238.393,174.395,174.395,226.616,0.213946
3,391,267.033,175.136,175.136,233.361,0.59403
3,408,15.548,12.7032,12.7032,15.2984,0.0671641
3,432,0.103141,0.178751,0.178751,0.123069,-0.666609
3,456,0.000827672,0.00249496,0.00249496,0.000945514,-0.513081
3,480,7.78157e-6,3.49921e-5,3.49921e-5,7.41111e-6,0.205787
3,481,21.1927,14.5193,14.5193,17.7958,0.785824
3,482,71.29,47.2282,47.2282,58.771,0.876925
3,485,220.018,157.091,157.091,202.383,0.358722
3,487,186.827,158.13,158.13,209.735,-0.44966
3,504,14.6122,11.5414,11.5414,13.8861,0.215241
3,528,0.0881094,0.161716,0.161716,0.114004,-0.935058
3,552,0.00066786,0.00224088,0.00224088,0.000876656,-0.980499
3,576,1.29196e-5,3.12429e-5,3.12429e-5,6.77757e-6,3.73075
3,577,15.4904,13.5302,13.5302,16.5286,-0.258592
3,578,60.7514,44.0188,44.0188,54.5955,0.46418
3,581,188.997,146.299,146.299,188.686,0.00676604
3,583,202.243,147.568,147.568,195.674,0.138204
3,600,14.899,10.7871,10.7871,13.0177,0.594966
3,624,0.103667,0.152642,0.152642,0.106626,-0.11426
3,648,0.000750307,0.00214919,0.00214919,0.000811701,-0.311373
4,0,0,0,0,0,0
4,1,84.026,69.9737,69.9737,65.2387,1.18553
4,2,115.005,127.818,127.818,110.286,0.176165
4,5,100.302,152.848,152.848,124.233,-0.792999
4,7,78.0057,121.92,121.92,96.6776,-0.795092
4,24,1.58963,6.76004,6.76004,3.90057,-2.43902
4,48,0.00372463,0.0940816,0.0940816,0.0326784,-3.64753
4,72,9.06608e-6,0.0013036,0.0013036,0.000271017,-3.97904
4,96,1.763e-6,1.82504e-5,1.82504e-5,2.15854e-6,-0.75438
4,97,11.4947,10.6975,10.6975,9.75903,0.732185
4,98,33.9188,34.7656,34.7656,31.7296,0.284039
4,101,106.303,112.132,112.132,101.561,0.192237
4,103,100.643,109.71,109.71,98.1313,0.105378
4,120,2.57173,7.53795,7.53795,5.18499,-2.07486
4,144,0.00548896,0.10587,0.10587,0.0425404,-3.58557
4,168,1.34883e-5,0.00147638,0.00147638,0.000341463,-3.95414
4,192,5.98223e-6,2.06874e-5,2.06874e-5,3.1585e-6,3.68042
4,193,16.2024,13.8055,13.8055,12.4689,1.23266
4,194,38.1802,44.8946,44.8946,40.5843,-0.243867
4,197,127.591,146.304,146.304,131.798,-0.131394
4,199,124.722,144.789,144.789,129.469,-0.150934
4,216,3.78814,10.2029,10.2029,7.07184,-1.91155
4,240,0.00769657,0.144174,0.144174,0.0592706,-3.58217
4,264,2.49626e-5,0.00203049,0.00203049,0.000488488,-3.90638
4,288,-7.17165e-8,2.86165e-5,2.86165e-5,3.91559e-6,-4.19215
4,289,30.3305,25.25,25.25,23.0622,1.29743
4,290,80.0523,81.8763,81.8763,74.8485,0.286217
4,293,238.185,267.52,267.52,245.137,-0.116746
4,295,244.778,265.119,265.119,240.43,0.074449
4,312,7.72497,18.7809,18.7809,13.2332,-1.71358
4,336,0.0178099,0.270334,0.270334,0.110961,-3.45599
4,360,3.53106e-5,0.00386918,0.00386918,0.000915229,-3.95792
4,384,3.00302e-7,5.52814e-5,5.52814e-5,7.23376e-6,-3.94585
4,385,23.8881,19.4268,19.4268,18.1082,1.31401
4,386,69.049,63.1047,63.1047,58.8763,0.711296
4,389,234.58,209.108,209.108,194.466,0.849179
4,391,229.305,209.722,209.722,193.523,0.761179
4,408,5.94332,15.1486,15.1486,11.0092,-1.89432
4,432,0.0168237,0.213535,0.213535,0.0924005,-3.3672
4,456,3.13455e-5,0.00298106,0.00298106,0.000762122,-3.94743
4,480,9.50053e-7,4.17177e-5,4.17177e-5,6.18167e-6,-3.48405
4,481,24.6927,17.3233,17.3233,16.3395,2.10459
4,482,62.0107,56.295,56.295,53.1476,0.686529
4,485,185.639,186.426,186.426,175.84,0.229406
4,487,208.076,187.885,187.885,176.203,0.744663
4,504,6.73843,13.7572,13.7572,10.047,-1.3557
4,528,0.0153736,0.197231,0.197231,0.0843035,-3.36602
4,552,2.38639e-5,0.00278953,0.00278953,0.000695978,-3.9756
4,576,1.24948e-7,3.92663e-5,3.92663e-5,5.80657e-6,-4.02817
4,577,21.2469,16.145,16.145,15.3557,1.5794
4,578,65.5851,52.4756,52.4756,49.9564,1.28792
4,581,199.454,174.311,174.311,165.896,0.832748
4,583,152.294,175.877,175.877,166.406,-0.349134
4,600,5.53911,12.8664,12.8664,9.57895,-1.73621
4,624,0.0147877,0.181097,0.181097,0.0810791,-3.36592
4,648,2.80772e-5,0.00255118,0.00255118,0.000667436,-3.94357
5,0,0,0,0,0,0
5,1,95.1922,69.9737,69.9737,63.5453,2.05023
5,2,162.5,127.818,127.818,126.927,1.15381
5,5,158.782,152.848,152.848,151.754,0.190664
5,7,98.2958,121.92,121.92,115.003,-0.59806
5,24,6.77071,6.76004,6.76004,6.50974,0.165035
5,48,0.104271,0.0940816,0.0940816,0.110068,-0.216808
5,72,0.00201285,0.0013036,0.0013036,0.00186059,0.336897
5,96,4.41472e-5,1.82504e-5,1.82504e-5,3.20752e-5,1.5494
5,97,16.6315,10.6975,10.6975,14.491,0.608096
5,98,52.6505,34.7656,34.7656,42.8274,0.944237
5,101,116.103,112.132,112.132,110.376,0.213596
5,103,87.009,109.71,109.71,92.7484,-0.25475
5,120,5.70265,7.53795,7.53795,5.4692,0.175722
5,144,0.110696,0.10587,0.10587,0.0933254,0.766235
5,168,0.00134458,0.00147638,0.00147638,0.00158971,-0.634796
5,192,2.66542e-5,2.06874e-5,2.06874e-5,2.69453e-5,-0.0444663
5,193,18.6905,13.8055,13.8055,18.4692,0.0493329
5,194,51.1467,44.8946,44.8946,54.65,-0.263907
5,197,161.356,146.304,146.304,143.262,0.519919
5,199,126.409,144.789,144.789,121.007,0.183787
5,216,6.81463,10.2029,10.2029,7.12755,-0.180738
5,240,0.109564,0.144174,0.144174,0.12083,-0.383831
5,264,0.00217978,0.00203049,0.00203049,0.00204634,0.268443
5,288,2.95628e-5,2.86165e-5,2.86165e-5,3.46392e-5,-0.603315
5,289,29.3752,25.25,25.25,32.5008,-0.39591
5,290,107.237,81.8763,81.8763,95.9676,0.483434
5,293,240.084,267.52,267.52,248.641,-0.141667
5,295,235.79,265.119,265.119,210.256,0.499946
5,312,11.7234,18.7809,18.7809,12.4354,-0.235711
5,336,0.220848,0.270334,0.270334,0.211005,0.192037
5,360,0.00343174,0.00386918,0.00386918,0.00358212,-0.172825
5,384,6.15195e-5,5.52814e-5,5.52814e-5,6.05677e-5,0.0646934
5,385,28.1765,19.4268,19.4268,23.5445,0.809912
5,386,68.25,63.1047,63.1047,69.7172,-0.0866371
5,389,161.207,209.108,209.108,184.592,-0.521529
5,391,159.449,209.722,209.722,157.594,0.0484651
5,408,10.0949,15.1486,15.1486,9.3537,0.326205
5,432,0.187424,0.213535,0.213535,0.158779,0.74269
5,456,0.00271192,0.00298106,0.00298106,0.00269701,0.0227524
5,480,5.54582e-5,4.17177e-5,4.17177e-5,4.56147e-5,0.888383
5,481,20.1639,17.3233,17.3233,20.267,-0.0209533
5,482,57.51,56.295,56.295,60.0544,-0.174417
5,485,170.782,186.426,186.426,160.88,0.253382
5,487,150.408,187.885,187.885,137.447,0.388228
5,504,10.227,13.7572,13.7572,8.17402,1.03398
5,528,0.151312,0.197231,0.197231,0.138705,0.374194
5,552,0.00220493,0.00278953,0.00278953,0.00235513,-0.262548
5,576,3.99139e-5,3.92663e-5,3.92663e-5,3.98374e-5,0.00790475
5,577,19.3475,16.145,16.145,18.3898,0.214399
5,578,53.0522,52.4756,52.4756,54.5093,-0.11004
5,581,139.971,174.311,174.311,147.007,-0.19703
5,583,130.465,175.877,175.877,125.701,0.156048
5,600,6.43043,12.8664,12.8664,7.45828,-0.567341
5,624,0.160195,0.181097,0.181097,0.127294,1.06401
5,648,0.00200724,0.00255118,0.00255118,0.00217321,-0.3144
6,0,0,0,0,0,0
6,1,86.1947,69.9737,69.9737,71.4184,0.851751
6,2,129.927,127.818,127.818,126.544,0.11008
6,5,188.554,152.848,152.848,151.969,0.991078
6,7,126.78,121.92,121.92,123.732,0.101398
6,24,7.51543,6.76004,6.76004,7.58726,-0.0389708
6,48,0.130181,0.0940816,0.0940816,0.115551,0.521227
6,72,0.00169761,0.0013036,0.0013036,0.00174437,-0.110349
6,96,2.83287e-5,1.82504e-5,1.82504e-5,2.62694e-5,0.322708
6,97,9.54497,10.6975,10.6975,9.87461,-0.137425
6,98,32.641,34.7656,34.7656,32.714,-0.00918514
6,101,132.054,112.132,112.132,111.236,0.770472
6,103,111.538,109.71,109.71,113.711,-0.0786836
6,120,8.29992,7.53795,7.53795,9.37952,-0.473847
6,144,0.17927,0.10587,0.10587,0.142978,1.04496
6,168,0.00266158,0.00147638,0.00147638,0.00214164,0.999464
6,192,3.06908e-5,2.06874e-5,2.06874e-5,3.19508e-5,-0.162354
6,193,11.8339,13.8055,13.8055,12.8535,-0.326571
6,194,43.5829,44.8946,44.8946,42.6027,0.0947235
6,197,135.225,146.304,146.304,146.215,-0.309426
6,199,154.479,144.789,144.789,151.415,0.0832919
6,216,13.6415,10.2029,10.2029,12.8479,0.254278
6,240,0.235723,0.144174,0.144174,0.193307,0.903325
6,264,0.00301277,0.00203049,0.00203049,0.00283067,0.264834
6,288,4.70765e-5,2.86165e-5,2.86165e-5,4.17023e-5,0.530531
6,289,26.3757,25.25,25.25,23.8974,0.426926
6,290,83.4413,81.8763,81.8763,78.9682,0.233192
6,293,257.192,267.52,267.52,272.787,-0.235353
6,295,347.37,265.119,265.119,282.601,0.94351
6,312,22.9761,18.7809,18.7809,24.2284,-0.212777
6,336,0.339064,0.270334,0.270334,0.37295,-0.374046
6,360,0.0047747,0.00386918,0.00386918,0.00563166,-0.626441
6,384,7.1466e-5,5.52814e-5,5.52814e-5,8.49697e-5,-0.654251
6,385,18.3561,19.4268,19.4268,18.8128,-0.0999232
6,386,60.7398,63.1047,63.1047,62.2563,-0.10028
6,389,222.524,209.108,209.108,216.425,0.116015
6,391,224.973,209.722,209.722,227.407,-0.044066
6,408,22.759,15.1486,15.1486,20.0887,0.547219
6,432,0.275167,0.213535,0.213535,0.304994,-0.402601
6,456,0.00368569,0.00298106,0.00298106,0.00451641,-0.757207
6,480,6.84094e-5,4.17177e-5,4.17177e-5,6.7046e-5,0.0837159
6,481,19.4417,17.3233,17.3233,16.9932,0.59318
6,482,61.2271,56.295,56.295,56.2536,0.363976
6,485,198.871,186.426,186.426,196.637,0.0467605
6,487,228.769,187.885,187.885,207.099,0.430756
6,504,21.5304,13.7572,13.7572,18.4607,0.684535
6,528,0.275267,0.197231,0.197231,0.280847,-0.0817986
6,552,0.00402371,0.00278953,0.00278953,0.00418319,-0.156954
6,576,5.51708e-5,3.92663e-5,3.92663e-5,6.2215e-5,-0.46611
6,577,17.8019,16.145,16.145,15.9798,0.469406
6,578,62.2518,52.4756,52.4756,52.9066,0.727161
6,581,201.242,174.311,174.311,185.112,0.358712
6,583,205.915,175.877,175.877,195.184,0.226335
6,600,20.5622,12.8664,12.8664,17.4331,0.738922
6,624,0.330894,0.181097,0.181097,0.265838,1.00745
6,648,0.00457246,0.00255118,0.00255118,0.00397527,0.618437
7,0,0,0,0,0,0
7,1,50.2512,69.9737,69.9737,42.1281,0.793791
7,2,76.4461,127.818,127.818,63.1756,0.864755
7,5,62.749,152.848,152.848,64.0736,-0.0851107
7,7,39.2566,121.92,121.92,48.378,-0.776194
7,24,2.76229,6.76004,6.76004,2.87461,-0.160856
7,48,0.0515105,0.0940816,0.0940816,0.0522631,-0.0592864
7,72,0.000831493,0.0013036,0.0013036,0.00095053,-0.515552
7,96,2.35822e-5,1.82504e-5,1.82504e-5,1.73779e-5,1.46978
7,97,6.89368,10.6975,10.6975,6.24343,0.428756
7,98,19.2806,34.7656,34.7656,18.3131,0.217495
7,101,39.9406,112.132,112.132,46.6663,-0.593321
7,103,42.2366,109.71,109.71,39.0899,0.331394
7,120,2.22675,7.53795,7.53795,2.39908,-0.29571
7,144,0.0421372,0.10587,0.10587,0.0436222,-0.140143
7,168,0.000881049,0.00147638,0.00147638,0.000793307,0.455327
7,192,1.45592e-5,2.06874e-5,2.06874e-5,1.49262e-5,-0.101222
7,193,9.45319,13.8055,13.8055,8.74932,0.331189
7,194,28.4608,44.8946,44.8946,25.6842,0.44504
7,197,53.7998,146.304,146.304,65.985,-0.760228
7,199,52.8144,144.789,144.789,55.5285,-0.201216
7,216,3.26338,10.2029,10.2029,3.41288,-0.180334
7,240,0.0683456,0.144174,0.144174,0.0617997,0.436053
7,264,0.00117138,0.00203049,0.00203049,0.00111977,0.189754
7,288,2.09966e-5,2.86165e-5,2.86165e-5,2.02484e-5,0.152133
7,289,18.7348,30.1225,30.1225,19.813,-0.224031
7,290,65.8248,97.5331,97.5331,57.9821,0.556836
7,293,139.771,314.562,314.562,148.482,-0.241505
7,295,135.6,311.579,311.579,124.856,0.354241
7,312,7.56069,21.9944,21.9944,7.67947,-0.0636753
7,336,0.122541,0.310602,0.310602,0.140282,-0.520618
7,360,0.00244609,0.00435995,0.00435995,0.00256162,-0.185657
7,384,5.62278e-5,6.1254e-5,6.1254e-5,4.67753e-5,0.831934
7,385,16.7267,22.4924,22.4924,15.3375,0.372887
7,386,52.5167,72.9894,72.9894,45.018,0.685731
7,389,108.834,240.816,240.816,119.328,-0.362029
7,391,117.412,241.709,241.709,100.694,0.68347
7,408,5.85377,17.5805,17.5805,6.2336,-0.250844
7,432,0.118964,0.25233,0.25233,0.113823,0.185907
7,456,0.00180987,0.00360112,0.00360112,0.00207995,-0.534557
7,480,3.83546e-5,5.13751e-5,5.13751e-5,3.78061e-5,0.0597225
7,481,18.6425,20.0119,20.0119,13.8735,1.4151
7,482,46.3754,64.97,64.97,40.7484,0.568488
7,485,104.986,216.386,216.386,106.972,-0.0764437
7,487,101.014,217.727,217.727,90.9284,0.45663
7,504,6.27451,15.8196,15.8196,5.63836,0.464476
7,528,0.109606,0.224463,0.224463,0.103687,0.234981
7,552,0.00216324,0.00311914,0.00311914,0.00190331,0.562203
7,576,3.19471e-5,4.3167e-5,4.3167e-5,3.49409e-5,-0.352727
7,577,16.4967,18.6591,18.6591,13.087,1.07259
7,578,45.2424,60.5899,60.5899,38.4479,0.727516
7,581,122.973,201.631,201.631,101.189,0.88624
7,583,86.0118,203.306,203.306,86.0663,-0.002605
7,600,5.78097,14.8607,14.8607,5.33564,0.343602
7,624,0.109788,0.209562,0.209562,0.0974229,0.522492
7,648,0.00205068,0.00292414,0.00292414,0.00178016,0.625595
8,0,0,0,0,0,0
8,1,34.5657,69.9737,69.9737,27.0339,1.14694
8,2,47.2838,127.818,127.818,57.865,-0.752786
8,5,49.9693,152.848,152.848,72.0948,-1.26341
8,7,34.2511,121.92,121.92,54.1456,-1.5126
8,24,0.809737,6.76004,6.76004,1.48299,-1.86894
8,48,0.00200825,0.0940816,0.0940816,0.00726604,-2.97893
8,72,6.14468e-6,0.0013036,0.0013036,3.54129e-5,-3.40243
8,96,2.63705e-7,1.82504e-5,1.82504e-5,2.09131e-7,1.07429
8,97,7.8025,10.6975,10.6975,6.61911,0.736007
8,98,18.1914,34.7656,34.7656,21.0382,-0.557061
8,101,57.7756,112.132,112.132,61.9867,-0.279672
8,103,53.7563,109.71,109.71,56.2416,-0.181915
8,120,1.66425,7.53795,7.53795,1.90106,-0.512813
8,144,0.00390145,0.10587,0.10587,0.00920858,-2.37258
8,168,1.36724e-5,0.00147638,0.00147638,4.43328e-5,-2.84714
8,192,2.12126e-7,2.06874e-5,2.06874e-5,1.86414e-7,0.567826
8,193,9.50155,13.8055,13.8055,7.71194,0.955319
8,194,33.3472,44.8946,44.8946,24.5627,1.47229
8,197,62.2888,146.304,146.304,74.3836,-0.669385
8,199,82.5858,144.789,144.789,68.5278,0.844521
8,216,2.29104,10.2029,10.2029,2.40713,-0.198551
8,240,0.00641047,0.144174,0.144174,0.0118882,-1.89689
8,264,1.24854e-5,0.00203049,0.00203049,5.80219e-5,-3.2309
8,288,2.42255e-6,2.86165e-5,2.86165e-5,3.05177e-7,28.5629
8,289,23.13,30.1225,30.1225,15.8877,1.87661
8,290,72.8541,97.5331,97.5331,50.369,1.83775
8,293,208.784,314.562,314.562,151.44,1.55884
8,295,199.929,311.579,311.579,139.269,1.79309
8,312,5.69801,21.9944,21.9944,4.87116,0.698802
8,336,0.0161837,0.310602,0.310602,0.0244041,-1.38671
8,360,3.67894e-5,0.00435995,0.00435995,0.000120855,-2.86357
8,384,7.06031e-7,6.1254e-5,6.1254e-5,4.5974e-7,2.20542
8,385,26.5177,22.4924,22.4924,10.983,5.82289
8,386,55.9822,72.9894,72.9894,34.9349,2.48023
8,389,213.353,240.816,240.816,107.915,4.02224
8,391,181.914,241.709,241.709,101.406,3.26837
8,408,5.63339,17.5805,17.5805,3.69913,2.15263
8,432,0.0125777,0.25233,0.25233,0.0185483,-1.32516
8,456,3.26572e-5,0.00360112,0.00360112,9.18164e-5,-2.65251
8,480,6.45893e-7,5.13751e-5,5.13751e-5,3.94186e-7,2.62876
8,481,21.1813,20.0119,20.0119,9.39804,5.16157
8,482,58.582,64.97,64.97,29.9144,3.94517
8,485,234.587,216.386,216.386,93.4209,6.22075
8,487,163.62,217.727,217.727,88.1659,3.52319
8,504,5.66652,15.8196,15.8196,3.245,3.07205
8,528,0.0146066,0.224463,0.224463,0.0160552,-0.371451
8,552,3.90797e-5,0.00311914,0.00311914,7.85151e-5,-2.0677
8,576,1.01817e-6,4.3167e-5,4.3167e-5,3.77577e-7,6.98438
8,577,20.5583,18.6591,18.6591,8.52314,5.81311
8,578,56.8514,60.5899,60.5899,27.1379,4.50747
8,581,190.325,201.631,201.631,85.131,5.08698
8,583,151.087,203.306,203.306,80.3549,3.62376
8,600,4.79272,14.8607,14.8607,2.97399,2.51757
8,624,0.0132581,0.209562,0.209562,0.0147305,-0.411509
8,648,3.18437e-5,0.00292414,0.00292414,7.22011e-5,-2.30109
9,0,0,0,0,0,0
9,1,56.3508,69.9737,69.9737,45.1282,1.02376
9,2,58.0533,127.818,127.818,64.2234,-0.395505
9,5,69.7443,152.848,152.848,72.2784,-0.144332
9,7,58.1196,121.92,121.92,59.6413,-0.105037
9,24,4.96396,6.76004,6.76004,4.52999,0.39439
9,48,0.113841,0.0940816,0.0940816,0.0992097,0.607137
9,72,0.00209586,0.0013036,0.0013036,0.0021646,-0.130719
9,96,5.20253e-5,1.82504e-5,1.82504e-5,4.68295e-5,0.456762
9,97,7.19734,10.6975,10.6975,5.68901,1.09147
9,98,19.2075,34.7656,34.7656,18.703,0.111034
9,101,66.7622,112.132,112.132,63.3361,0.222688
9,103,63.6736,109.71,109.71,64.4285,-0.0482366
9,120,7.48796,7.53795,7.53795,6.10575,0.931946
9,144,0.113389,0.10587,0.10587,0.133806,-0.628165
9,168,0.00280898,0.00147638,0.00147638,0.00291931,-0.155582
9,192,6.81465e-5,2.06874e-5,2.06874e-5,6.35807e-5,0.295633
9,193,9.64603,13.8055,13.8055,8.41767,0.600744
9,194,27.0994,44.8946,44.8946,27.6844,-0.0870043
9,197,99.6951,146.304,146.304,94.0201,0.248489
9,199,94.8633,144.789,144.789,96.857,-0.0847372
9,216,9.80701,10.2029,10.2029,9.35736,0.197822
9,240,0.238712,0.144174,0.144174,0.204986,0.677334
9,264,0.00449845,0.00203049,0.00203049,0.0044567,0.0385575
9,288,9.77242e-5,2.86165e-5,2.86165e-5,9.68978e-5,0.0351091
9,289,22.5167,30.1225,30.1225,20.831,0.333134
9,290,65.8604,97.5331,97.5331,68.2459,-0.1439
9,293,168.032,314.562,314.562,231.669,-1.13082
9,295,215.055,311.579,311.579,238.962,-0.411864
9,312,21.4611,21.9944,21.9944,23.299,-0.324754
9,336,0.538729,0.310602,0.310602,0.515152,0.188414
9,360,0.01045,0.00435995,0.00435995,0.0113319,-0.32036
9,384,0.000248657,6.1254e-5,6.1254e-5,0.000248658,-1.88015e-5
9,385,20.5372,22.4924,22.4924,18.2991,0.503505
9,386,55.2449,72.9894,72.9894,60.0184,-0.327421
9,389,184.51,240.816,240.816,205.716,-0.424368
9,391,233.22,241.709,241.709,213.945,0.370893
9,408,20.6499,17.5805,17.5805,21.1245,-0.0924723
9,432,0.453172,0.25233,0.25233,0.462852,-0.0860915
9,456,0.00823179,0.00360112,0.00360112,0.0101474,-0.777154
9,480,0.000222957,5.13751e-5,5.13751e-5,0.000222393,0.01044
9,481,20.6887,20.0119,20.0119,17.5355,0.740271
9,482,55.5074,64.97,64.97,57.525,-0.144389
9,485,189.04,216.386,216.386,197.44,-0.175141
9,487,208.207,217.727,217.727,205.599,0.0522266
9,504,19.4318,15.8196,15.8196,20.2952,-0.175131
9,528,0.573256,0.224463,0.224463,0.441999,1.22252
9,552,0.0115405,0.00311914,0.00311914,0.00953984,0.863356
9,576,0.000234024,4.3167e-5,4.3167e-5,0.000206059,0.558705
9,577,17.2267,18.6591,18.6591,17.1487,0.0187345
9,578,52.7225,60.5899,60.5899,56.2601,-0.258854
9,581,230.628,201.631,201.631,193.226,0.796857
9,583,193.873,203.306,203.306,201.32,-0.152289
9,600,21.1113,14.8607,14.8607,19.9011,0.250331
9,624,0.444151,0.209562,0.209562,0.435732,0.0795469
9,648,0.00997248,0.00292414,0.00292414,0.00950904,0.200639
10,0,0,0,0,0,0
10,1,57.6535,69.9737,69.9737,53.7799,0.296511
10,2,80.4466,127.818,127.818,88.2148,-0.362521
10,5,76.2346,152.848,152.848,99.0496,-0.948247
10,7,66.9615,121.92,121.92,77.4317,-0.556662
10,24,2.77182,6.76004,6.76004,3.59832,-0.945572
10,48,0.029103,0.0940816,0.0940816,0.0388606,-1.03368
10,72,0.000215277,0.0013036,0.0013036,0.000418373,-1.99844
10,96,1.18715e-5,1.82504e-5,1.82504e-5,4.47808e-6,6.79682
10,97,8.57343,10.6975,10.6975,7.66472,0.488071
10,98,27.3735,34.7656,34.7656,24.7455,0.437207
10,101,78.7049,112.132,112.132,77.7521,0.0504446
10,103,80.4184,109.71,109.71,74.6769,0.316514
10,120,4.13065,7.53795,7.53795,4.30908,-0.170465
10,144,0.0377349,0.10587,0.10587,0.0471963,-0.825286
10,168,0.000334591,0.00147638,0.00147638,0.000516778,-1.45134
10,192,4.85658e-6,2.06874e-5,2.06874e-5,6.21792e-6,-0.901318
10,193,9.60922,13.8055,13.8055,10.102,-0.20082
10,194,33.5858,44.8946,44.8946,32.6419,0.119038
10,197,112.285,146.304,146.304,105.343,0.271256
10,199,112.821,144.789,144.789,102.05,0.434467
10,216,5.30148,10.2029,10.2029,5.98741,-0.471626
10,240,0.0547433,0.144174,0.144174,0.0653599,-0.668699
10,264,0.000610157,0.00203049,0.00203049,0.000707711,-0.567474
10,288,6.74348e-6,2.86165e-5,2.86165e-5,7.68856e-6,-0.506032
10,289,29.4674,44.5494,44.5494,33.3682,-0.48125
10,290,100.125,143.623,143.623,106.915,-0.261445
10,293,364.244,456.078,456.078,332.984,0.38648
10,295,292.296,448.513,448.513,322.343,-0.383737
10,312,19.7752,31.3761,31.3761,19.0494,0.156851
10,336,0.188483,0.442441,0.442441,0.210058,-0.42283
10,360,0.00164448,0.00619774,0.00619774,0.00228936,-1.15963
10,384,1.34848e-5,8.70001e-5,8.70001e-5,2.47798e-5,-1.87648
10,385,27.6291,30.9417,30.9417,24.3847,0.547734
10,386,98.5696,100.122,100.122,78.4168,1.05799
10,389,272.733,328.73,328.73,254.174,0.300594
10,391,265.928,330.586,330.586,250.875,0.247014
10,408,15.6068,24.0313,24.0313,15.3044,0.081354
10,432,0.151454,0.336353,0.336353,0.166762,-0.377909
10,456,0.00153223,0.00465059,0.00465059,0.00180315,-0.618529
10,480,2.20153e-5,6.48268e-5,6.48268e-5,1.95373e-5,0.522139
10,481,27.9014,27.5439,27.5439,22.1508,1.06875
10,482,76.513,89.1724,89.1724,71.2691,0.302909
10,485,237.622,295.076,295.076,233.824,0.0668682
10,487,284.452,297.663,297.663,230.686,0.959496
10,504,15.8051,21.8212,21.8212,14.1752,0.473361
10,528,0.151701,0.308554,0.308554,0.158431,-0.17488
10,552,0.00154004,0.00434548,0.00434548,0.00175771,-0.50981
10,576,1.38357e-5,6.10535e-5,6.10535e-5,1.94393e-5,-1.1867
10,577,27.4823,25.7905,25.7905,21.0191,1.26585
10,578,82.8231,83.5125,83.5125,67.6403,0.92406
10,581,247.894,277.809,277.809,220.758,0.506036
10,583,282.623,280.521,280.521,218.795,1.20096
10,600,14.7275,20.6399,20.6399,13.5072,0.371932
10,624,0.135703,0.291898,0.291898,0.148821,-0.36288
10,648,0.00154307,0.0040998,0.0040998,0.00163069,-0.221223
11,0,0,0,0,0,0
11,1,98.6744,69.9737,69.9737,73.5313,1.40768
11,2,206.333,127.818,127.818,186.679,0.433435
11,5,289.819,152.848,152.848,290.621,-0.0113591
11,7,277.645,121.92,121.92,239.47,0.656272
11,24,15.2263,6.76004,6.76004,14.6498,0.162006
11,48,0.222925,0.0940816,0.0940816,0.230164,-0.129476
11,72,0.00396276,0.0013036,0.0013036,0.00360874,0.403858
11,96,6.65393e-5,1.82504e-5,1.82504e-5,5.63898e-5,0.740969
11,97,21.2061,10.6975,10.6975,20.1978,0.205512
11,98,62.5514,34.7656,34.7656,66.1167,-0.221995
11,101,232.687,112.132,112.132,215.576,0.326767
11,103,245.76,109.71,109.71,213.512,0.62178
11,120,17.9883,7.53795,7.53795,16.2168,0.44971
11,144,0.25479,0.10587,0.10587,0.255935,-0.0184262
11,168,0.00360227,0.00147638,0.00147638,0.00401215,-0.42057
11,192,6.42199e-5,2.06874e-5,2.06874e-5,6.27456e-5,0.0967258
11,193,31.146,13.8055,13.8055,23.8411,1.26138
11,194,67.937,44.8946,44.8946,78.1105,-0.536186
11,197,306.543,146.304,146.304,261.367,0.711558
11,199,232.499,144.789,144.789,262.191,-0.466206
11,216,19.9421,10.2029,10.2029,20.3789,-0.088234
11,240,0.303877,0.144174,0.144174,0.324398,-0.260413
11,264,0.00528241,0.00203049,0.00203049,0.00512563,0.125924
11,288,9.27584e-5,2.86165e-5,2.86165e-5,8.09001e-5,0.60343
11,289,58.4361,44.5494,44.5494,72.0078,-0.775905
11,290,236.961,143.623,143.623,233.744,0.0566621
11,293,824.948,456.078,456.078,755.365,0.379228
11,295,767.326,448.513,448.513,750.289,0.0934783
11,312,61.2183,31.3761,31.3761,57.3469,0.277919
11,336,0.906428,0.442441,0.442441,0.905119,0.00595384
11,360,0.0126676,0.00619774,0.00619774,0.0141978,-0.443706
11,384,0.00022107,8.70001e-5,8.70001e-5,0.000222782,-0.0316314
11,385,50.197,30.9417,30.9417,43.9179,0.588589
11,386,162.153,100.122,100.122,143.147,0.546584
11,389,493.787,328.73,328.73,477.392,0.141379
11,391,554.095,330.586,330.586,488.045,0.557143
11,408,44.4307,24.0313,24.0313,39.3562,0.530807
11,432,0.677366,0.336353,0.336353,0.613926,0.4254
11,456,0.00994727,0.00465059,0.00465059,0.00944864,0.217252
11,480,0.000157012,6.48268e-5,6.48268e-5,0.000146253,0.302839
11,481,45.0331,27.5439,27.5439,36.9831,0.896084
11,482,127.036,89.1724,89.1724,120.616,0.219142
11,485,334.019,295.076,295.076,405.607,-0.726586
11,487,411.848,297.663,297.663,416.319,-0.0442117
11,504,36.252,21.8212,21.8212,33.9437,0.279943
11,528,0.471707,0.308554,0.308554,0.530735,-0.457864
11,552,0.0088981,0.00434548,0.00434548,0.00828161,0.306455
11,576,0.000136039,6.10535e-5,6.10535e-5,0.000129138,0.219978
11,577,30.2736,25.7905,25.7905,33.3021,-0.374371
11,578,121.066,83.5125,83.5125,108.637,0.471013
11,581,421.869,277.809,277.809,366.128,0.626749
11,583,407.623,280.521,280.521,376.851,0.336158
11,600,31.6472,20.6399,20.6399,30.9176,0.0971432
11,624,0.452115,0.291898,0.291898,0.485685,-0.284544
11,648,0.00793183,0.0040998,0.0040998,0.00758078,0.190638
12,0,0,0,0,0,0
12,1,80.7072,69.9737,69.9737,55.8293,1.83445
12,2,104.881,127.818,127.818,89.1326,0.727365
12,5,99.2978,152.848,152.848,98.9123,0.0160446
12,7,85.4509,121.92,121.92,77.3596,0.430583
12,24,3.19042,6.76004,6.76004,3.40075,-0.254615
12,48,0.0295348,0.0940816,0.0940816,0.033092,-0.442538
12,72,0.000316877,0.0013036,0.0013036,0.000316944,-0.000859849
12,96,3.35914e-6,1.82504e-5,1.82504e-5,3.18391e-6,0.226572
12,97,8.88938,10.6975,10.6975,7.79014,0.5809
12,98,25.8102,34.7656,34.7656,25.2921,0.0843182
12,101,74.6345,112.132,112.132,80.5417,-0.301935
12,103,80.9257,109.71,109.71,78.1106,0.148366
12,120,4.72565,7.53795,7.53795,4.42566,0.27905
12,144,0.0517404,0.10587,0.10587,0.0433381,0.798147
12,168,0.000444081,0.00147638,0.00147638,0.000420737,0.228412
12,192,4.72863e-6,2.06874e-5,2.06874e-5,3.99722e-6,0.753287
12,193,11.336,13.8055,13.8055,10.2894,0.418746
12,194,36.2945,44.8946,44.8946,33.4373,0.351773
12,197,103.026,146.304,146.304,109.355,-0.238277
12,199,90.7335,144.789,144.789,107.063,-0.627883
12,216,6.83452,10.2029,10.2029,6.2061,0.416856
12,240,0.0667091,0.144174,0.144174,0.0603513,0.433688
12,264,0.00064417,0.00203049,0.00203049,0.000581697,0.442127
12,288,7.77591e-6,2.86165e-5,2.86165e-5,5.50027e-6,1.70323
12,289,32.4168,44.5494,44.5494,34.3256,-0.228924
12,290,113.077,143.623,143.623,110.608,0.0918739
12,293,302.293,456.078,456.078,349.871,-0.559831
12,295,364.741,448.513,448.513,342.799,0.263506
12,312,17.4385,31.3761,31.3761,19.8861,-0.506712
12,336,0.188776,0.442441,0.442441,0.190749,-0.0425891
12,360,0.00196676,0.00619774,0.00619774,0.00179873,0.384567
12,384,1.33746e-5,8.70001e-5,8.70001e-5,1.71756e-5,-0.911037
12,385,28.2071,30.9417,30.9417,25.6247,0.414881
12,386,79.1249,100.122,100.122,82.8553,-0.185349
12,389,258.475,328.73,328.73,272.171,-0.207155
12,391,223.768,330.586,330.586,271.758,-0.726986
12,408,17.4824,24.0313,24.0313,16.4108,0.268835
12,432,0.146023,0.336353,0.336353,0.159616,-0.350578
12,456,0.00147354,0.00465059,0.00465059,0.00153234,-0.15798
12,480,1.69978e-5,6.48268e-5,6.48268e-5,1.46703e-5,0.653117
12,481,25.1494,27.5439,27.5439,23.4741,0.293815
12,482,81.6065,89.1724,89.1724,75.9359,0.307424
12,485,238.885,295.076,295.076,251.104,-0.200334
12,487,221.157,297.663,297.663,251.415,-0.495449
12,504,15.2268,21.8212,21.8212,15.304,-0.0207814
12,528,0.155841,0.308554,0.308554,0.148928,0.191067
12,552,0.00148012,0.00434548,0.00434548,0.00143034,0.143293
12,576,1.38513e-5,6.10535e-5,6.10535e-5,1.36789e-5,0.0518852
12,577,28.2308,25.7905,25.7905,22.3956,1.07263
12,578,88.4268,83.5125,83.5125,72.4602,0.907124
12,581,224.155,277.809,277.809,239.026,-0.256134
12,583,212.549,280.521,280.521,239.763,-0.467261
12,600,14.039,20.6399,20.6399,14.5624,-0.147962
12,624,0.142483,0.291898,0.291898,0.142027,0.0131997
12,648,0.00136084,0.0040998,0.0040998,0.00135752,0.0100482
13,0,0,0,0,0,0
13,1,227.625,216.754,216.754,219.323,0.155843
13,2,311.071,320.232,320.232,316.616,-0.0720922
13,5,358.477,350.835,350.835,360.096,-0.0185085
13,7,296.226,279.907,279.907,299.119,-0.0398172
13,24,19.067,15.717,15.717,21.9627,-0.542765
13,48,0.372289,0.222836,0.222836,0.425381,-0.513813
13,72,0.00841363,0.00315486,0.00315486,0.0081911,0.111842
13,96,0.000134652,4.44769e-5,4.44769e-5,0.000157763,-0.603069
13,97,11.5257,11.5052,11.5052,11.0972,0.158977
13,98,41.998,37.4587,37.4587,36.9559,0.56167
13,101,128.417,123.528,123.528,130.266,-0.05845
13,103,165.617,123.24,123.24,137.689,0.835021
13,120,14.652,8.8635,8.8635,13.8702,0.232044
13,144,0.342248,0.126119,0.126119,0.271425,1.07418
13,168,0.00556898,0.00178538,0.00178538,0.00522512,0.270923
13,192,0.000107354,2.4964e-5,2.4964e-5,0.000100645,0.274416
13,193,26.1593,23.3316,23.3316,22.8879,0.588408
13,194,80.7182,75.7064,75.7064,75.9631,0.257694
13,197,267.182,250.471,250.471,265.968,0.0187921
13,199,247.859,248.308,248.308,280.737,-0.482128
13,216,29.2166,17.7306,17.7306,28.3169,0.130804
13,240,0.687126,0.25555,0.25555,0.556765,0.963899
13,264,0.0122314,0.00365872,0.00365872,0.0107018,0.588438
13,288,0.000224716,5.22279e-5,5.22279e-5,0.000205761,0.379234
13,289,56.7509,54.4262,54.4262,55.1099,0.122584
13,290,213.825,174.911,174.911,181.069,0.744732
13,293,514.398,562.079,562.079,623.374,-0.719679
13,295,658.461,561.964,561.964,660.97,-0.0156311
13,312,77.3392,40.4775,40.4775,67.2621,0.616768
13,336,1.38149,0.572135,0.572135,1.30756,0.232759
13,360,0.0220456,0.00803588,0.00803588,0.0250425,-0.492664
13,384,0.000456317,0.000112942,0.000112942,0.000478568,-0.191414
13,385,56.2908,43.9542,43.9542,46.5467,0.861806
13,386,165.118,141.495,141.495,153.116,0.322687
13,389,555.719,463.278,463.278,532.791,0.177163
13,391,633.07,467.999,467.999,570.242,0.453574
13,408,70.8626,34.303,34.303,59.5828,0.779355
13,432,1.24214,0.485568,0.485568,1.16869,0.258734
13,456,0.0221126,0.00683574,0.00683574,0.0224834,-0.0679032
13,480,0.000419509,9.62099e-5,9.62099e-5,0.000432827,-0.126671
13,481,44.636,40.4104,40.4104,43.7331,0.0849948
13,482,149.742,130.134,130.134,143.894,0.167309
13,485,642.195,430.863,430.863,501.933,1.1504
13,487,517.707,435.253,435.253,538.385,-0.158119
13,504,61.2088,32.0516,32.0516,56.5358,0.340272
13,528,1.18732,0.453713,0.453713,1.11714,0.258617
13,552,0.0209239,0.00638688,0.00638688,0.0216859,-0.144646
13,576,0.000441536,8.98309e-5,8.98309e-5,0.000420568,0.205254
13,577,47.8398,38.4915,38.4915,42.2463,0.545068
13,578,177.863,123.973,123.973,139.015,1.15046
13,581,533.786,410.024,410.024,485.523,0.40922
13,583,575.4,414.892,414.892,521.369,0.42663
13,600,65.8224,30.5731,30.5731,54.7878,0.829142
13,624,1.21388,0.434133,0.434133,1.07116,0.548536
13,648,0.0251784,0.00613502,0.00613502,0.0205611,0.924462
14,0,0,0,0,0,0
14,1,352.571,216.754,216.754,313.128,0.518563
14,2,634.319,320.232,320.232,545.24,0.672577
14,5,683.805,350.835,350.835,605.77,0.530322
14,7,456.203,279.907,279.907,458.143,-0.0174308
14,24,12.1917,15.717,15.717,15.1496,-0.803778
14,48,0.0453583,0.222836,0.222836,0.100183,-2.25288
14,72,0.000179575,0.00315486,0.00315486,0.000661389,-2.99901
14,96,1.22847e-6,4.44769e-5,4.44769e-5,4.24177e-6,-2.92449
14,97,27.6312,11.5052,11.5052,21.5302,1.16656
14,98,74.948,37.4587,37.4587,68.8277,0.366072
14,101,295.638,123.528,123.528,214.201,1.56514
14,103,218.627,123.24,123.24,201.407,0.35198
14,120,7.3393,8.8635,8.8635,8.46746,-0.548496
14,144,0.0355164,0.126119,0.126119,0.0558315,-1.49794
14,168,0.000108581,0.00178538,0.00178538,0.000366151,-2.89595
14,192,3.27976e-7,2.4964e-5,2.4964e-5,2.49983e-6,-3.57664
14,193,57.5702,23.3316,23.3316,41.3706,1.61201
14,194,128.37,75.7064,75.7064,131.772,-0.106261
14,197,467.112,250.471,250.471,404.723,0.634607
14,199,459.482,248.308,248.308,379.803,0.863655
14,216,11.7649,17.7306,17.7306,15.9177,-1.07403
14,240,0.0643269,0.25555,0.25555,0.105781,-1.61329
14,264,0.00019006,0.00365872,0.00365872,0.000699536,-2.99826
14,288,9.83424e-6,5.22279e-5,5.22279e-5,4.61695e-6,4.65205
14,289,105.737,54.4262,54.4262,89.6292,0.739844
14,290,334.628,174.911,174.911,282.663,0.756817
14,293,885.904,562.079,562.079,850.076,0.173509
14,295,774.984,561.964,561.964,797.818,-0.117822
14,312,32.4175,40.4775,40.4775,33.4429,-0.126227
14,336,0.126851,0.572135,0.572135,0.221467,-1.75878
14,360,0.000438556,0.00803588,0.00803588,0.00145392,-2.87499
15,0,0,0,0,0,0
15,1,98.2423,216.754,216.754,119.796,-0.740674
15,2,135.796,320.232,320.232,179.523,-1.00274
15,5,139.945,350.835,350.835,188.481,-1.06011
15,7,104.677,279.907,279.907,143.784,-1.1197
15,24,5.17802,15.717,15.717,6.4171,-0.794905
15,48,0.0459678,0.222836,0.222836,0.0724328,-1.50415
15,72,0.000496272,0.00315486,0.00315486,0.000815992,-1.61302
15,96,9.10089e-6,4.44769e-5,4.44769e-5,9.08109e-6,0.00897816
15,97,8.62401,11.5052,11.5052,6.96247,0.98243
15,98,26.1147,37.4587,37.4587,21.863,0.800599
15,101,71.8848,123.528,123.528,65.5729,0.396274
15,103,89.1324,123.24,123.24,60.3615,1.96222
15,120,3.30011,8.8635,8.8635,3.11759,0.241005
15,144,0.0411615,0.126119,0.126119,0.0353296,0.679558
15,168,0.000291781,0.00178538,0.00178538,0.00040003,-1.114
15,192,8.67131e-6,2.4964e-5,2.4964e-5,4.4399e-6,3.92345
15,193,22.067,23.3316,23.3316,14.008,2.36844
15,194,61.1593,75.7064,75.7064,43.8431,1.62594
15,197,156.696,250.471,250.471,130.536,0.825001
15,199,155.54,248.308,248.308,119.803,1.22801
15,216,8.10238,17.7306,17.7306,6.16333,1.29518
15,240,0.0689541,0.25555,0.25555,0.0692861,-0.0197243
15,264,0.000765215,0.00365872,0.00365872,0.00077908,-0.0732647
15,288,1.13132e-5,5.22279e-5,5.22279e-5,8.62152e-6,1.28526
15,289,43.7251,54.4262,54.4262,31.983,1.51141
15,290,127.154,174.911,174.911,99.2266,1.15868
15,293,414.427,562.079,562.079,292.448,1.71709
15,295,353.695,561.964,561.964,267.94,1.31758
15,312,19.859,40.4775,40.4775,13.8258,1.79647
15,336,0.213651,0.572135,0.572135,0.156533,1.50217
15,360,0.00168687,0.00803588,0.00803588,0.00177062,-0.194718
16,0,0,0,0,0,0
16,1,537.604,216.754,216.754,378.26,1.73421
16,2,661.103,320.232,320.232,694.775,-0.199518
16,5,990.637,350.835,350.835,865.338,0.596099
16,7,702.115,279.907,279.907,721.097,-0.108369
16,24,65.4824,15.717,15.717,63.1846,0.149706
16,48,1.59255,0.222836,0.222836,1.75492,-0.380896
16,72,0.0406743,0.00315486,0.00315486,0.0485348,-0.666726
16,96,0.00103067,4.44769e-5,4.44769e-5,0.00134314,-0.957732
16,97,19.7631,11.5052,11.5052,20.6875,-0.183955
16,98,81.0746,37.4587,37.4587,68.1618,0.77989
16,101,276.871,123.528,123.528,233.768,0.759061
16,103,236.803,123.24,123.24,242.418,-0.0953633
16,120,26.1539,8.8635,8.8635,26.8946,-0.113376
16,144,0.841122,0.126119,0.126119,0.75837,0.449211
16,168,0.0234507,0.00178538,0.00178538,0.0213274,0.409852
16,192,0.000578119,2.4964e-5,2.4964e-5,0.000598329,-0.139055
16,193,48.1546,23.3316,23.3316,41.5397,0.655565
16,194,182.332,75.7064,75.7064,136.391,1.38667
16,197,364.455,250.471,250.471,465.857,-0.896085
16,199,428.739,248.308,248.308,481.822,-0.453548
16,216,62.5196,17.7306,17.7306,53.07,0.733024
16,240,1.56203,0.25555,0.25555,1.48272,0.220196
16,264,0.0363541,0.00365872,0.00365872,0.0412948,-0.492554
16,288,0.00117833,5.22279e-5,5.22279e-5,0.00115061,0.0991581
16,289,92.7966,54.4262,54.4262,93.1209,-0.014338
16,290,301.385,174.911,174.911,302.742,-0.0184573
16,293,971.618,562.079,562.079,1009.97,-0.15631
16,295,1076.37,561.964,561.964,1045.67,0.12087
16,312,140.165,40.4775,40.4775,114.978,0.901793
16,336,3.40219,0.572135,0.572135,3.18129,0.285851
16,360,0.0837411,0.00803588,0.00803588,0.0874,-0.172342
16,384,0.00280491,0.000112942,0.000112942,0.00240814,0.678289
16,385,66.2161,43.9542,43.9542,69.5666,-0.198269
16,386,233.776,141.495,141.495,226.534,0.131605
16,389,719.959,463.278,463.278,771.387,-0.274462
16,391,882.726,467.999,467.999,807.434,0.383877
16,408,94.2258,34.303,34.303,91.0972,0.141383
16,432,2.66601,0.485568,0.485568,2.54677,0.192743
16,456,0.0839852,0.00683574,0.00683574,0.0708838,0.760899
16,480,0.00185407,9.62099e-5,9.62099e-5,0.00197364,-0.249422
16,481,78.5256,40.4104,40.4104,61.3043,1.15646
16,482,244.962,130.134,130.134,199.705,0.932935
16,485,716.067,430.863,430.863,682.819,0.200456
16,487,753.125,435.253,435.253,716.796,0.208648
16,504,99.219,32.0516,32.0516,81.4169,0.900147
16,528,2.63828,0.453713,0.453713,2.27699,0.653204
16,552,0.0683206,0.00638688,0.00638688,0.0633698,0.321625
16,576,0.00212777,8.98309e-5,8.98309e-5,0.00176434,0.848013
16,577,64.9526,38.4915,38.4915,56.6971,0.599424
16,578,226.847,123.973,123.973,184.727,0.938652
16,581,689.857,410.024,410.024,632.683,0.372018
16,583,593.476,414.892,414.892,665.102,-0.443343
16,600,71.884,30.5731,30.5731,75.7188,-0.208496
16,624,2.57169,0.434133,0.434133,2.09289,0.941821
16,648,0.0701578,0.00613502,0.00613502,0.0573084,0.923038
17,0,0,0,0,0,0
17,1,191.518,216.754,216.754,184.703,0.151885
17,2,242.433,320.232,320.232,251.697,-0.151526
17,5,256.675,350.835,350.835,259.214,-0.0403206
17,7,170.5,279.907,279.907,199.795,-0.60362
17,24,8.29467,15.717,15.717,8.86501,-0.264858
17,48,0.0919934,0.222836,0.222836,0.0948498,-0.123977
17,72,0.000843168,0.00315486,0.00315486,0.0010118,-0.686123
17,96,1.05077e-5,4.44769e-5,4.44769e-5,1.09138e-5,-0.153189
17,97,12.8586,11.5052,11.5052,10.9927,0.698755
17,98,40.5865,37.4587,37.4587,34.7336,0.693714
17,101,110.367,123.528,123.528,105.523,0.189002
17,103,118.213,123.24,123.24,98.3423,0.8318
17,120,6.39975,8.8635,8.8635,5.08752,1.06184
17,144,0.0552713,0.126119,0.126119,0.0545472,0.0546519
17,168,0.000669376,0.00178538,0.00178538,0.000585331,0.591107
17,192,6.47394e-6,2.4964e-5,2.4964e-5,6.35597e-6,0.0764079
17,193,25.3097,23.3316,23.3316,22.6672,0.47992
17,194,71.2136,75.7064,75.7064,71.402,-0.0108607
17,197,197.047,250.471,250.471,216.976,-0.378112
17,199,210.221,248.308,248.308,201.621,0.175596
17,216,12.8766,17.7306,17.7306,10.441,0.960335
17,240,0.114021,0.25555,0.25555,0.112785,0.0451118
17,264,0.0013758,0.00365872,0.00365872,0.00121842,0.531737
17,288,1.49413e-5,5.22279e-5,5.22279e-5,1.30388e-5,0.600669
17,289,54.0222,54.4262,54.4262,54.3511,-0.0249163
17,290,146.677,174.911,174.911,169.733,-0.559223
17,293,578.719,562.079,562.079,511.306,0.542766
17,295,478.729,561.964,561.964,476.863,0.0161123
17,312,23.7372,40.4775,40.4775,24.6822,-0.157602
17,336,0.258893,0.572135,0.572135,0.263852,-0.0773714
17,360,0.00255861,0.00803588,0.00803588,0.00281435,-0.374094
17,384,3.53248e-5,0.000112942,0.000112942,3.00918e-5,0.715914
17,385,54.3104,43.9542,43.9542,45.5322,0.79368
17,386,156.858,141.495,141.495,142.456,0.416184
17,389,408.847,463.278,463.278,431.45,-0.215672
17,391,421.921,467.999,467.999,407.208,0.148743
17,408,20.8789,34.303,34.303,21.4598,-0.111454
17,432,0.233821,0.485568,0.485568,0.23019,0.0649384
17,456,0.00269037,0.00683574,0.00683574,0.0024695,0.368198
17,480,2.89714e-5,9.62099e-5,9.62099e-5,2.65166e-5,0.381117
17,481,43.798,40.4104,40.4104,42.6384,0.111959
17,482,157.074,130.134,130.134,133.451,0.728727
17,485,336.917,430.863,430.863,405.891,-0.69957
17,487,431.425,435.253,435.253,383.828,0.510505
17,504,23.6268,32.0516,32.0516,20.2524,0.685914
17,528,0.228534,0.453713,0.453713,0.218829,0.182562
17,552,0.00241591,0.00638688,0.00638688,0.00236674,0.0855206
17,576,2.52721e-5,8.98309e-5,8.98309e-5,2.5646e-5,-0.0600239
17,577,45.9085,38.4915,38.4915,41.0994,0.481711
17,578,159.088,123.973,123.973,128.653,0.9739
17,581,360.764,410.024,410.024,392.055,-0.328568
17,583,339.151,414.892,414.892,371.052,-0.353939
17,600,23.0604,30.5731,30.5731,19.6141,0.723325
17,624,0.235542,0.434133,0.434133,0.210924,0.480501
17,648,0.00235649,0.00613502,0.00613502,0.0022616,0.172737
18,0,0,0,0,0,0
18,1,65.1333,216.754,216.754,66.2814,-0.0713075
18,2,88.4945,320.232,320.232,85.0652,0.16596
18,5,84.517,350.835,350.835,91.1247,-0.298518
18,7,77.339,279.907,279.907,72.9284,0.24897
18,24,7.1104,15.717,15.717,6.1228,0.664026
18,48,0.176848,0.222836,0.222836,0.180233,-0.0773158
18,72,0.00505537,0.00315486,0.00315486,0.00530035,-0.190277
18,96,0.000142756,4.44769e-5,4.44769e-5,0.000155422,-0.335484
18,97,5.27439,11.5052,11.5052,5.14792,0.101132
18,98,16.5582,37.4587,37.4587,15.6491,0.239159
18,101,47.3228,123.528,123.528,44.4786,0.263245
18,103,33.7873,123.24,123.24,40.0904,-0.647247
18,120,3.59262,8.8635,8.8635,3.52905,0.0741536
18,144,0.100774,0.126119,0.126119,0.103025,-0.089927
18,168,0.00361298,0.00178538,0.00178538,0.00300597,0.83131
18,192,9.02895e-5,2.4964e-5,2.4964e-5,8.75835e-5,0.127195
18,193,10.5978,23.3316,23.3316,11.3933,-0.287445
18,194,41.989,75.7064,75.7064,34.5602,0.884908
18,197,126,250.471,250.471,98.1299,1.16921
18,199,84.6867,248.308,248.308,88.2438,-0.165947
18,216,8.16103,17.7306,17.7306,7.77181,0.206168
18,240,0.265095,0.25555,0.25555,0.227042,0.689999
18,264,0.00697645,0.00365872,0.00365872,0.00662876,0.215931
18,288,0.000196074,5.22279e-5,5.22279e-5,0.000193273,0.0596568
18,289,32.2152,54.4262,54.4262,29.921,0.315654
18,290,98.4045,174.911,174.911,90.1747,0.375713
18,293,263.501,562.079,562.079,254.34,0.14829
18,295,252.581,561.964,561.964,230.691,0.390631
18,312,22.9045,40.4775,40.4775,20.3549,0.515646
18,336,0.581796,0.572135,0.572135,0.595169,-0.0925008
18,360,0.0170434,0.00803588,0.00803588,0.0173892,-0.0818499
18,384,0.000481765,0.000112942,0.000112942,0.000507067,-0.20542
18,385,34.5488,43.9542,43.9542,27.7042,1.01709
18,386,95.2817,141.495,141.495,83.5728,0.576778
18,389,268.03,463.278,463.278,239.118,0.497749
18,391,240.851,467.999,467.999,217.336,0.445402
18,408,17.8142,34.303,34.303,19.1571,-0.288579
18,432,0.572946,0.485568,0.485568,0.558656,0.105303
18,456,0.0154541,0.00683574,0.00683574,0.0163293,-0.220658
18,480,0.000448386,9.62099e-5,9.62099e-5,0.000474237,-0.224404
18,481,28.6804,40.4104,40.4104,27.0235,0.252408
18,482,74.2944,130.134,130.134,81.5329,-0.365487
18,485,216.387,430.863,430.863,233.588,-0.30314
18,487,206.639,435.253,435.253,212.447,-0.112551
18,504,16.6605,32.0516,32.0516,18.7344,-0.455724
18,528,0.551339,0.453713,0.453713,0.547013,0.0325588
18,552,0.0168251,0.00638688,0.00638688,0.0159897,0.215063
18,576,0.000573379,8.98309e-5,8.98309e-5,0.00046488,0.960814
18,577,29.9044,38.4915,38.4915,26.6838,0.496873
18,578,77.5646,123.973,123.973,80.5125,-0.150731
18,581,240.872,410.024,410.024,230.754,0.180499
18,583,224.644,414.892,414.892,209.93,0.28856
18,600,19.4975,30.5731,30.5731,18.5159,0.218227
18,624,0.675795,0.434133,0.434133,0.538341,1.05112
18,648,0.0167541,0.00613502,0.00613502,0.0155076,0.330884
19,0,0,0,0,0,0
19,1,634.419,331.71,331.71,502.748,1.07819
19,2,822.716,463.771,463.771,841.107,-0.0900169
19,5,958.24,502.809,502.809,957.079,0.00499667
19,7,803.973,403.795,403.795,751.177,0.289344
19,24,26.1952,22.7002,22.7002,29.283,-0.434106
19,48,0.114568,0.317777,0.317777,0.195295,-1.7017
19,72,0.000548348,0.00447282,0.00447282,0.00124585,-2.30481
19,96,3.52165e-6,6.30173e-5,6.30173e-5,7.80549e-6,-2.25937
19,97,42.5563,22.6656,22.6656,36.9245,0.627893
19,98,146.974,73.5609,73.5609,121.903,0.84668
19,101,494.665,240.815,240.815,413.531,0.807699
19,103,577.948,239.88,239.88,423.092,1.50678
19,120,27.0769,17.2612,17.2612,25.8683,0.19234
19,144,0.121132,0.248504,0.248504,0.180343,-1.35164
19,168,0.000582836,0.00355586,0.00355586,0.0011444,-2.02011
19,192,6.57535e-6,5.07604e-5,5.07604e-5,7.10549e-6,-0.307153
19,193,64.5608,36.497,36.497,54.465,0.763095
19,194,174.469,117.927,117.927,178.909,-0.102162
19,197,537.26,384.154,384.154,604.159,-0.455852
19,199,604.69,385.168,385.168,621.661,-0.112383
19,216,31.979,27.8255,27.8255,38.9999,-0.741112
19,240,0.226959,0.39748,0.39748,0.275626,-0.726891
19,264,0.000738123,0.00560617,0.00560617,0.00177236,-2.40228
19,288,1.20231e-5,7.87858e-5,7.87858e-5,1.12168e-5,0.295897
19,289,103.631,60.3009,60.3009,82.7135,1.04108
19,290,282.333,193.16,193.16,269.032,0.20353
19,293,1102.44,627.445,627.445,901.955,0.91507
19,295,909.445,632.217,632.217,933.491,-0.106041
19,312,58.251,46.0281,46.0281,59.8263,-0.108398
19,336,0.294531,0.653133,0.653133,0.422898,-1.24961
19,360,0.00124667,0.00922845,0.00922845,0.00271193,-2.22429
19,384,4.02287e-5,0.000130311,0.000130311,1.71492e-5,5.54035
19,385,91.2789,53.1242,53.1242,67.0427,1.48822
19,386,218.523,170.302,170.302,218.295,0.00430224
19,389,800.032,554.905,554.905,741.278,0.326297
19,391,849.542,562.972,562.972,773.55,0.40442
19,408,48.7103,41.6703,41.6703,51.2924,-0.207246
19,432,0.282833,0.590125,0.590125,0.364109,-0.918945
19,456,0.00116022,0.00831003,0.00831003,0.00233436,-2.07065
19,480,6.06768e-6,0.000116911,0.000116911,1.4765e-5,-2.42497
19,481,69.1924,50.05,50.05,60.1679,0.61747
19,482,248.392,160.483,160.483,195.975,1.1011
19,485,659.011,524.306,524.306,664.919,-0.036579
19,487,836.978,532.776,532.776,696.996,0.826795
19,504,51.2685,39.5557,39.5557,46.682,0.404474
19,528,0.213475,0.556832,0.556832,0.329597,-1.4504
19,552,0.00103409,0.00784407,0.00784407,0.00209434,-2.0841
19,576,4.42504e-6,0.000110472,0.000110472,1.31972e-5,-2.7364
19,577,79.0875,48.268,48.268,56.0864,1.68829
19,578,233.663,154.785,154.785,182.71,1.14806
19,581,760.757,506.316,506.316,619.788,0.936345
19,583,628.728,514.92,514.92,650.216,-0.136048
19,600,49.0117,38.477,38.477,43.9618,0.472894
19,624,0.236938,0.548017,0.548017,0.310917,-0.979539
19,648,0.00111525,0.00775992,0.00775992,0.00197556,-1.79275
20,0,0,0,0,0,0
20,1,319.041,331.71,331.71,318.152,0.0115023
20,2,361.727,463.771,463.771,437.838,-0.71563
20,5,395.761,502.809,502.809,500.648,-0.862469
20,7,369.563,403.795,403.795,419.53,-0.49031
20,24,24.8548,22.7002,22.7002,26.9067,-0.313938
20,48,0.269874,0.317777,0.317777,0.305268,-0.477312
20,72,0.00277958,0.00447282,0.00447282,0.00309241,-0.416457
20,96,4.43003e-5,6.30173e-5,6.30173e-5,3.03409e-5,1.89407
20,97,24.0203,22.6656,22.6656,22.4514,0.287676
20,98,94.9036,73.5609,73.5609,75.9116,1.02995
20,101,276.751,240.815,240.815,277.862,-0.0164521
20,103,314.905,239.88,239.88,305.756,0.123179
20,120,36.8375,17.2612,17.2612,32.5463,0.542792
20,144,0.457731,0.248504,0.248504,0.407595,0.506374
20,168,0.00428539,0.00355586,0.00355586,0.00422755,0.0563278
20,192,4.46637e-5,5.07604e-5,5.07604e-5,4.22167e-5,0.238611
20,193,32.4929,36.497,36.497,36.3286,-0.434664
20,194,135.051,117.927,117.927,122.193,0.433221
20,197,494.633,384.154,384.154,445.77,0.451255
20,199,502.709,385.168,385.168,493.815,0.0741428
20,216,56.9761,27.8255,27.8255,54.0623,0.221884
20,240,0.735241,0.39748,0.39748,0.682905,0.315501
20,264,0.00658801,0.00560617,0.00560617,0.00708599,-0.289308
20,288,6.69703e-5,7.87858e-5,7.87858e-5,7.06326e-5,-0.213455
20,289,76.1981,60.3009,60.3009,61.879,0.952634
20,290,201.447,193.16,193.16,205.967,-0.0903414
20,293,837.183,627.445,627.445,740.602,0.536862
20,295,831.212,632.217,632.217,826.135,0.0252996
20,312,102.734,46.0281,46.0281,93.6639,0.398657
20,336,1.20651,0.653133,0.653133,1.18419,0.0775707
20,360,0.0118767,0.00922845,0.00922845,0.0122273,-0.118042
20,384,0.000137011,0.000130311,0.000130311,0.000120955,0.546487
20,385,62.6072,53.1242,53.1242,56.6258,0.434852
20,386,199.269,170.302,170.302,188.568,0.233626
20,389,756.937,554.905,554.905,682.32,0.450198
20,391,861.634,562.972,562.972,764.058,0.525743
20,408,104.613,41.6703,41.6703,88.4721,0.751063
20,432,1.34926,0.590125,0.590125,1.13275,0.78689
20,456,0.0122042,0.00831003,0.00831003,0.0117694,0.152086
20,480,0.0001122,0.000116911,0.000116911,0.000117426,-0.183218
20,481,55.5226,50.05,50.05,54.4946,0.0776608
20,482,213.376,160.483,160.483,181.492,0.723201
20,485,730.124,524.306,524.306,657.594,0.454062
20,487,872.776,532.776,532.776,737.412,0.755697
20,504,97.0577,39.5557,39.5557,85.6746,0.546973
20,528,1.10521,0.556832,0.556832,1.0909,0.0540128
20,552,0.0118452,0.00784407,0.00784407,0.0112588,0.21443
20,576,0.000100256,0.000110472,0.000110472,0.000113311,-0.474291
20,577,64.1931,48.268,48.268,53.3067,0.840732
20,578,172.176,154.785,154.785,177.545,-0.124502
20,581,678.645,506.316,506.316,643.937,0.221893
20,583,858.483,514.92,514.92,722.41,0.775436
20,600,97.2368,38.477,38.477,84.4171,0.625181
20,624,1.18225,0.548017,0.548017,1.07417,0.414207
20,648,0.0132349,0.00775992,0.00775992,0.0111949,0.750197
21,0,0,0,0,0,0
21,1,280.981,331.71,331.71,267.186,0.212548
21,2,397.869,463.771,463.771,376.964,0.228297
21,5,544.056,502.809,502.809,482.093,0.529126
21,7,449.488,403.795,403.795,444.929,0.0421864
21,24,73.8317,22.7002,22.7002,70.9712,0.165927
21,48,3.24813,0.317777,0.317777,3.16844,0.103536
21,72,0.124218,0.00447282,0.00447282,0.130541,-0.199388
21,96,0.00551711,6.30173e-5,6.30173e-5,0.00533086,0.14383
21,97,21.2956,22.6656,22.6656,17.2197,0.974427
21,98,57.1768,73.5609,73.5609,60.1358,-0.202567
21,101,252.736,240.815,240.815,246.18,0.109646
21,103,358.558,239.88,239.88,298.193,0.833372
21,120,82.4908,17.2612,17.2612,78.8034,0.192632
21,144,4.61114,0.248504,0.248504,3.80264,0.875276
21,168,0.174648,0.00355586,0.00355586,0.158629,0.415733
21,192,0.00753296,5.07604e-5,5.07604e-5,0.00648549,0.664899
21,193,38.8284,36.497,36.497,29.4417,1.31251
21,194,88.9358,117.927,117.927,102.246,-0.535897
21,197,374.662,384.154,384.154,413.712,-0.388576
21,199,432.387,385.168,385.168,503.925,-0.584427
21,216,124.901,27.8255,27.8255,136.73,-0.356136
21,240,8.05429,0.39748,0.39748,6.65534,0.865341
21,264,0.251225,0.00560617,0.00560617,0.279406,-0.415224
21,288,0.0129784,7.87858e-5,7.87858e-5,0.0115042,0.527544
21,289,49.5695,60.3009,60.3009,52.3817,-0.221008
21,290,176.699,193.16,193.16,179.924,-0.0738004
21,293,758.445,627.445,627.445,718.281,0.230199
21,295,931.543,632.217,632.217,877.766,0.252213
21,312,238.821,46.0281,46.0281,244.356,-0.0932505
21,336,13.7121,0.653133,0.653133,11.9307,0.614685
21,360,0.482282,0.00922845,0.00922845,0.497526,-0.126131
21,384,0.0183983,0.000130311,0.000130311,0.020319,-0.389159
21,385,57.824,53.1242,53.1242,49.5951,0.683057
21,386,156.474,170.302,170.302,170.362,-0.335578
21,389,644.941,554.905,554.905,680.574,-0.215546
21,391,817.471,562.972,562.972,834.077,-0.081963
21,408,237.682,41.6703,41.6703,234.554,0.0548906
21,432,12.9107,0.590125,0.590125,11.4398,0.529328
21,456,0.480605,0.00831003,0.00831003,0.478942,0.0142962
21,480,0.0168397,0.000116911,0.000116911,0.0196231,-0.583944
21,481,49.1572,50.05,50.05,48.4996,0.0558179
21,482,176.589,160.483,160.483,166.607,0.246652
21,485,593.282,524.306,524.306,665.601,-0.447299
21,487,860.359,532.776,532.776,816.315,0.222117
21,504,266.862,39.5557,39.5557,230.306,0.653441
21,528,12.8771,0.556832,0.556832,11.2602,0.591169
21,552,0.559196,0.00784407,0.00784407,0.472783,0.752442
21,576,0.0217611,0.000110472,0.000110472,0.0193978,0.501557
21,577,58.3233,48.268,48.268,47.9035,0.895461
21,578,176.868,154.785,154.785,164.562,0.307841
21,581,679.692,506.316,506.316,657.626,0.138135
21,583,906.262,514.92,514.92,806.699,0.508093
21,600,256.407,38.477,38.477,227.904,0.514857
21,624,14.6859,0.548017,0.548017,11.1468,1.30706
21,648,0.437339,0.00775992,0.00775992,0.468501,-0.273822
22,0,0,0,0,0,0
22,1,340.723,331.71,331.71,445.731,-0.969847
22,2,626.644,463.771,463.771,683.725,-0.343689
22,5,780.392,502.809,502.809,781,-0.00320181
22,7,674.709,403.795,403.795,644.748,0.191302
22,24,56.7037,22.7002,22.7002,58.0959,-0.0986496
22,48,1.81462,0.317777,0.317777,1.72959,0.202385
22,72,0.0555643,0.00447282,0.00447282,0.0515986,0.3164
22,96,0.00170179,6.30173e-5,6.30173e-5,0.00153851,0.436903
22,97,32.7183,22.6656,22.6656,26.8717,0.895703
22,98,94.0597,73.5609,73.5609,86.966,0.335798
22,101,288.445,240.815,240.815,285.981,0.0354671
22,103,321.152,239.88,239.88,288.556,0.465042
22,120,36.511,17.2612,17.2612,30.9011,0.747365
22,144,0.977501,0.248504,0.248504,0.931247,0.204473
22,168,0.0312159,0.00355586,0.00355586,0.0280425,0.46587
22,192,0.000947374,5.07604e-5,5.07604e-5,0.000844734,0.50021
22,193,46.7088,36.497,36.497,43.3666,0.317273
22,194,125.761,117.927,117.927,139.736,-0.411714
22,197,485.564,384.154,384.154,459.893,0.229801
22,199,428.543,385.168,385.168,464.585,-0.319372
22,216,59.9319,27.8255,27.8255,49.8114,0.836426
22,240,1.4962,0.39748,0.39748,1.50119,-0.0136807
22,264,0.0463729,0.00560617,0.00560617,0.0452134,0.105577
22,288,0.00155977,7.87858e-5,7.87858e-5,0.00136219,0.597119
22,289,79.9145,60.3009,60.3009,70.0204,0.581711
22,290,229.982,193.16,193.16,223.761,0.114456
22,293,672.676,627.445,627.445,724.093,-0.292327
22,295,762.663,632.217,632.217,736.036,0.148928
22,312,81.0592,46.0281,46.0281,79.5538,0.0779014
22,336,2.60102,0.653133,0.653133,2.37215,0.397193
22,360,0.0798742,0.00922845,0.00922845,0.0703935,0.554455
22,384,0.00190358,0.000130311,0.000130311,0.00209145,-0.369784
22,385,78.0852,53.1242,53.1242,59.6088,1.27603
22,386,228.323,170.302,170.302,190.636,0.813853
22,389,609.177,554.905,554.905,628.176,-0.124509
22,391,630.382,562.972,562.972,639.18,-0.0566636
22,408,74.2929,41.6703,41.6703,69.6241,0.27606
22,432,2.00741,0.590125,0.590125,2.07869,-0.141153
22,456,0.0715896,0.00831003,0.00831003,0.0623611,0.609219
23,0,0,0,0,0,0
23,1,89.105,331.71,331.71,91.8121,-0.121383
23,2,110.979,463.771,463.771,122.487,-0.386786
23,5,154.452,502.809,502.809,160.681,-0.159597
23,7,147.277,403.795,403.795,142.543,0.136714
23,24,10.1759,22.7002,22.7002,10.0387,0.0562603
23,48,0.135572,0.317777,0.317777,0.130158,0.171246
23,72,0.00183301,0.00447282,0.00447282,0.00162062,0.539503
23,96,2.24324e-5,6.30173e-5,6.30173e-5,2.0109e-5,0.475644
23,97,14.6072,22.6656,22.6656,13.7196,0.266323
23,98,46.4675,73.5609,73.5609,45.7575,0.0638751
23,101,159.101,240.815,240.815,163.369,-0.107564
23,103,157.934,239.88,239.88,174.227,-0.384979
23,120,15.0813,17.2612,17.2612,15.8138,-0.190682
23,144,0.226361,0.248504,0.248504,0.204694,0.435778
23,168,0.00289357,0.00355586,0.00355586,0.00250967,0.629746
23,192,3.45341e-5,5.07604e-5,5.07604e-5,3.05741e-5,0.533211
23,193,32.1052,36.497,36.497,24.9166,1.1877
23,194,84.3966,117.927,117.927,82.7027,0.0843198
23,197,293.586,384.154,384.154,292.632,0.0134169
23,199,372.47,385.168,385.168,314.232,0.762978
23,216,29.163,27.8255,27.8255,29.1731,-0.0014234
23,240,0.446464,0.39748,0.39748,0.378949,0.733455
23,264,0.00519094,0.00560617,0.00560617,0.00463927,0.48953
23,288,6.18364e-5,7.87858e-5,7.87858e-5,5.65554e-5,0.384409
23,289,44.6444,60.3009,60.3009,46.7367,-0.184302
23,290,160.808,193.16,193.16,153.606,0.19303
23,293,493.545,627.445,627.445,538.737,-0.345338
23,295,700.469,632.217,632.217,582.232,0.836018
23,312,65.0575,46.0281,46.0281,55.0343,0.749771
23,336,0.714766,0.653133,0.653133,0.72487,-0.0573852
23,360,0.0092385,0.00922845,0.00922845,0.00891744,0.148216
23,384,0.000101271,0.000130311,0.000130311,0.000109228,-0.299903
23,385,49.1419,53.1242,53.1242,45.9371,0.287207
23,386,169.959,170.302,170.302,150.998,0.51695
23,389,463.199,554.905,554.905,531.833,-0.531273
23,391,647.223,562.972,562.972,574.339,0.522419
23,408,66.1494,41.6703,41.6703,54.0057,0.925688
23,432,0.679691,0.590125,0.590125,0.704212,-0.143346
23,456,0.00721785,0.00831003,0.00831003,0.0085013,-0.621512
23,480,0.000105808,0.000116911,0.000116911,0.00010194,0.156211
23,481,52.8838,50.05,50.05,45.656,0.651731
23,482,163.12,160.483,160.483,150.078,0.35775
23,485,574.709,524.306,524.306,528.756,0.357772
23,487,612.224,532.776,532.776,571.157,0.296005
23,504,64.0094,39.5557,39.5557,53.761,0.784774
23,528,0.769403,0.556832,0.556832,0.7009,0.402358
23,552,0.0101169,0.00784407,0.00784407,0.00857197,0.741943
23,576,9.15586e-5,0.000110472,0.000110472,0.000104666,-0.515534
23,577,46.0373,48.268,48.268,45.5116,0.0475552
23,578,153.443,154.785,154.785,149.605,0.105616
23,581,535.103,506.316,506.316,526.983,0.063439
23,583,537.676,514.92,514.92,569.337,-0.228933
23,600,64.9597,38.477,38.477,53.5958,0.872874
23,624,0.674895,0.548017,0.548017,0.698737,-0.140474
23,648,0.00778055,0.00775992,0.00775992,0.00858667,-0.386479
24,0,0,0,0,0,0
24,1,554.776,331.71,331.71,495.292,0.49442
24,2,877.237,463.771,463.771,898.009,-0.0952259
24,5,921.319,502.809,502.809,1051.05,-0.508132
24,7,862.823,403.795,403.795,817.149,0.230106
24,24,34.1711,22.7002,22.7002,36.2122,-0.232042
24,48,0.366031,0.317777,0.317777,0.376161,-0.110864
24,72,0.0031697,0.00447282,0.00447282,0.00388826,-0.760786
24,96,3.684e-5,6.30173e-5,6.30173e-5,4.01885e-5,-0.343014
24,97,43.8552,22.6656,22.6656,41.0498,0.281352
24,98,150.901,73.5609,73.5609,131.863,0.594389
24,101,465.477,240.815,240.815,420.772,0.437392
24,103,400.834,239.88,239.88,405.115,-0.0435
24,120,24.1458,17.2612,17.2612,22.4762,0.305792
24,144,0.230169,0.248504,0.248504,0.22945,0.0129026
24,168,0.00236543,0.00355586,0.00355586,0.00232602,0.069744
24,192,2.75359e-5,5.07604e-5,5.07604e-5,2.36482e-5,0.676771
24,193,73.8525,36.497,36.497,61.31,0.842185
24,194,230.23,117.927,117.927,196.051,0.717698
24,197,553.043,384.154,384.154,620.738,-0.448954
24,199,736.999,385.168,385.168,600.245,0.937922
24,216,35.7419,27.8255,27.8255,33.4983,0.275726
24,240,0.318099,0.39748,0.39748,0.344475,-0.315213
24,264,0.00398138,0.00560617,0.00560617,0.00351657,0.54415
24,288,4.89594e-5,7.87858e-5,7.87858e-5,3.53965e-5,1.57741
24,289,91.7938,60.3009,60.3009,92.1801,-0.0172534
24,290,327.071,193.16,193.16,292.234,0.490761
24,293,907.812,627.445,627.445,910.199,-0.0107959
24,295,754.731,632.217,632.217,886.42,-0.611596
24,312,50.5467,46.0281,46.0281,50.2192,0.0268471
24,336,0.511611,0.653133,0.653133,0.513438,-0.0146508
24,360,0.00515234,0.00922845,0.00922845,0.00522721,-0.0589596
24,384,6.77573e-5,0.000130311,0.000130311,5.3212e-5,1.1253
24,385,92.2423,53.1242,53.1242,73.0404,1.08227
24,386,247.542,170.302,170.302,231.841,0.278804
24,389,685.739,554.905,554.905,735.74,-0.279775
24,391,682.48,562.972,562.972,722.045,-0.225583
24,408,45.7527,41.6703,41.6703,41.7226,0.397647
24,432,0.482742,0.590125,0.590125,0.429538,0.509918
24,456,0.00395207,0.00831003,0.00831003,0.00440164,-0.420472
24,480,4.77651e-5,0.000116911,0.000116911,4.49443e-5,0.258379
24,481,71.6023,50.05,50.05,64.4403,0.457544
24,482,255.808,160.483,160.483,204.627,1.02967
24,485,742.471,524.306,524.306,651.471,0.575047
24,487,684.371,532.776,532.776,641.372,0.27599
24,504,40.722,39.5557,39.5557,37.3385,0.373051
24,528,0.374689,0.556832,0.556832,0.388459,-0.14593
24,552,0.00401119,0.00784407,0.00784407,0.00401722,-0.00617723
24,576,4.42994e-5,0.000110472,0.000110472,4.15162e-5,0.275987
24,577,53.8285,48.268,48.268,59.2614,-0.377416
24,578,240.663,154.785,154.785,188.221,1.14701
24,581,608.541,506.316,506.316,601.591,0.0475615
24,583,530.339,514.92,514.92,592.819,-0.433883
24,600,35.9624,38.477,38.477,34.5778,0.16484
24,624,0.358714,0.548017,0.548017,0.353647,0.0589835
24,648,0.00334224,0.00775992,0.00775992,0.00360029,-0.295066
25,0,0,0,0,0,0
25,1,595.615,331.71,331.71,407.34,1.90279
25,2,744.452,463.771,463.771,552.329,1.43197
25,5,780.812,502.809,502.809,580.758,1.4181
25,7,469.195,403.795,403.795,454.111,0.136749
25,24,18.6036,22.7002,22.7002,21.7621,-0.59749
25,48,0.167343,0.317777,0.317777,0.256229,-1.42811
25,72,0.00108607,0.00447282,0.00447282,0.00300841,-2.63056
25,96,8.94925e-6,6.30173e-5,6.30173e-5,3.52019e-5,-3.07017
25,97,35.44,22.6656,22.6656,30.0716,0.734924
25,98,97.8006,73.5609,73.5609,95.8424,0.0841082
25,101,352.104,240.815,240.815,298.627,0.737204
25,103,358.915,239.88,239.88,285.129,1.06533
25,120,14.989,17.2612,17.2612,16.4493,-0.365468
25,144,0.105413,0.248504,0.248504,0.194429,-1.88479
25,168,0.000767916,0.00355586,0.00355586,0.0022925,-2.73777
25,192,7.79763e-6,5.07604e-5,5.07604e-5,2.6983e-5,-2.92708
25,193,54.8478,36.497,36.497,48.7387,0.516012
25,194,204.07,117.927,117.927,154.701,1.31376
25,197,498.444,384.154,384.154,480.277,0.155718
25,199,606.071,385.168,385.168,461.333,1.29159
25,216,25.26,27.8255,27.8255,26.826,-0.24033
25,240,0.210704,0.39748,0.39748,0.313491,-1.3498
25,264,0.00109146,0.00560617,0.00560617,0.00365618,-2.8878
25,288,1.32895e-5,7.87858e-5,7.87858e-5,4.27479e-5,-2.83694
25,289,94.628,60.3009,60.3009,81.1509,0.683687
25,290,293.805,193.16,193.16,255.51,0.61699
25,293,741.34,627.445,627.445,789.245,-0.249874
25,295,698.059,632.217,632.217,762.816,-0.349477
25,312,39.2815,46.0281,46.0281,44.7841,-0.505823
25,336,0.281759,0.653133,0.653133,0.531059,-1.93257
25,360,0.00217035,0.00922845,0.00922845,0.00627837,-2.69364
25,384,2.47519e-5,0.000130311,0.000130311,7.40686e-5,-2.74104
25,385,82.4031,53.1242,53.1242,72.0648,0.590585
25,386,231.778,170.302,170.302,227.094,0.0849136
25,389,756.191,554.905,554.905,711.446,0.258914
25,391,684.578,562.972,562.972,690.184,-0.0334375
25,408,31.972,41.6703,41.6703,40.7505,-0.886835
25,432,0.217441,0.590125,0.590125,0.474041,-2.22841
25,456,0.00161918,0.00831003,0.00831003,0.00550134,-2.90509
25,480,1.47515e-5,0.000116911,0.000116911,6.39106e-5,-3.16655
25,481,77.4222,50.05,50.05,68.1785,0.558148
25,482,249.237,160.483,160.483,214.9,0.657775
25,485,705.383,524.306,524.306,681.001,0.147398
25,487,664.736,532.776,532.776,658.514,0.0388986
25,504,29.3077,39.5557,39.5557,38.9941,-1.02263
25,528,0.251513,0.556832,0.556832,0.457312,-1.85262
25,552,0.0015725,0.00784407,0.00784407,0.00535538,-2.90795
25,576,0.000163377,0.000110472,0.000110472,6.25758e-5,6.63156
25,577,73.7246,48.268,48.268,65.9352,0.486339
25,578,243.951,154.785,154.785,207.852,0.714976
25,581,621.642,506.316,506.316,657.203,-0.222756
25,583,562.871,514.92,514.92,636.646,-0.477051
25,600,27.2902,38.477,38.477,37.7347,-1.13947
25,624,0.230162,0.548017,0.548017,0.439253,-1.95964
25,648,0.00182313,0.00775992,0.00775992,0.00511173,-2.64849
26,0,0,0,0,0,0
26,1,171.348,331.71,331.71,163.647,0.193717
26,2,160.587,463.771,463.771,212.784,-1.00986
26,5,256.354,502.809,502.809,233.17,0.409327
26,7,172.403,403.795,403.795,188.561,-0.352771
26,24,13.6119,22.7002,22.7002,13.6028,0.00276775
26,48,0.299257,0.317777,0.317777,0.302673,-0.0464498
26,72,0.00635555,0.00447282,0.00447282,0.00672563,-0.226527
26,96,0.000145339,6.30173e-5,6.30173e-5,0.000149169,-0.105693
26,97,16.8344,22.6656,22.6656,15.2514,0.427292
26,98,49.5571,73.5609,73.5609,47.8727,0.144851
26,101,140.215,240.815,240.815,146.83,-0.185459
26,103,140.599,239.88,239.88,138.734,0.0553433
26,120,13.5044,17.2612,17.2612,11.003,0.935899
26,144,0.272589,0.248504,0.248504,0.244336,0.476026
26,168,0.00640306,0.00355586,0.00355586,0.00543783,0.730729
26,192,0.00014769,5.07604e-5,5.07604e-5,0.000120966,0.909465
26,193,28.0387,36.497,36.497,26.3676,0.26091
26,194,72.2743,117.927,117.927,82.4709,-0.508993
26,197,274.43,384.154,384.154,250.349,0.395991
26,199,259.753,385.168,385.168,237.86,0.378925
26,216,21.0184,27.8255,27.8255,18.9312,0.45388
26,240,0.470903,0.39748,0.39748,0.420698,0.491285
26,264,0.0095023,0.00560617,0.00560617,0.00936899,0.0585735
26,288,0.000211766,7.87858e-5,7.87858e-5,0.000208657,0.061338
26,289,47.5032,60.3009,60.3009,46.905,0.0525018
26,290,136.773,193.16,193.16,145.65,-0.250918
26,293,456.476,627.445,627.445,439.658,0.157474
26,295,434.316,632.217,632.217,419.945,0.140878
26,312,36.3481,46.0281,46.0281,33.7503,0.31687
26,336,0.670854,0.653133,0.653133,0.757254,-0.469703
26,360,0.01791,0.00922845,0.00922845,0.0169789,0.225762
26,384,0.000377285,0.000130311,0.000130311,0.000379891,-0.0282451
26,385,48.0451,53.1242,53.1242,44.1838,0.359775
26,386,138.416,170.302,170.302,137.274,0.0342347
26,389,492.168,554.905,554.905,419.44,0.713817
26,391,445.593,562.972,562.972,401.003,0.457766
26,408,32.1615,41.6703,41.6703,32.2305,-0.00880917
26,432,0.678946,0.590125,0.590125,0.711663,-0.189259
26,456,0.0180109,0.00831003,0.00831003,0.0157068,0.603903
26,480,0.000283524,0.000116911,0.000116911,0.000347063,-0.753683
26,481,41.1874,50.05,50.05,43.0843,-0.181253
26,482,128.127,160.483,160.483,133.876,-0.176791
26,485,409.126,524.306,524.306,409.516,-0.00392175
26,487,437.028,532.776,532.776,391.792,0.475321
26,504,32.0658,39.5557,39.5557,31.5171,0.0716694
26,528,0.863088,0.556832,0.556832,0.695978,0.988463
26,552,0.0158254,0.00784407,0.00784407,0.0153625,0.124059
26,576,0.000418447,0.000110472,0.000110472,0.000339481,0.957588
26,577,42.925,48.268,48.268,42.4788,0.0432413
26,578,123.915,154.785,154.785,132.001,-0.25219
26,581,400.722,506.316,506.316,403.834,-0.0317233
26,583,430.472,514.92,514.92,386.517,0.468163
26,600,35.9082,38.477,38.477,31.1077,0.635295
26,624,0.803147,0.548017,0.548017,0.687633,0.691567
26,648,0.0162293,0.00775992,0.00775992,0.0152196,0.2731
27,0,0,0,0,0,0
27,1,1904.53,331.71,331.71,1774.42,0.301879
27,2,4135.03,463.771,463.771,3563.99,0.659601
27,5,4408.81,502.809,502.809,4616.89,-0.185536
27,7,4137.08,403.795,403.795,3796.22,0.369632
27,24,319.856,22.7002,22.7002,278.339,0.614062
27,48,6.49927,0.317777,0.317777,5.91062,0.409993
27,72,0.126832,0.00447282,0.00447282,0.125335,0.0491712
28,0,0,0,0,0,0
28,1,87.0621,331.71,331.71,140.664,-1.56874
28,2,114.328,463.771,463.771,209.746,-1.8728
28,5,126.2,502.809,502.809,221.757,-1.77394
28,7,92.7253,403.795,403.795,171.674,-1.8932
28,24,5.68496,22.7002,22.7002,9.27215,-1.59268
28,48,0.0843527,0.317777,0.317777,0.138764,-1.61423
28,72,0.00122396,0.00447282,0.00447282,0.00207611,-1.68975
28,96,1.63228e-5,6.30173e-5,6.30173e-5,3.10721e-5,-1.95414
28,97,13.5917,22.6656,22.6656,9.80254,1.59134
28,98,46.5239,73.5609,73.5609,30.5983,2.14266
28,101,115.903,240.815,240.815,90.6855,1.14475
28,103,101.641,239.88,239.88,83.6751,0.883906
28,120,6.97953,17.2612,17.2612,5.09264,1.52531
28,144,0.0940862,0.248504,0.248504,0.0762005,0.966279
28,168,0.00153252,0.00355586,0.00355586,0.00114114,1.41193
28,192,2.44994e-5,5.07604e-5,5.07604e-5,1.71383e-5,1.76819
28,193,21.8784,36.497,36.497,15.5016,1.69347
28,194,67.9444,117.927,117.927,48.1971,1.68672
28,197,206.06,384.154,384.154,143.395,1.79904
28,199,196.412,385.168,385.168,132.377,1.99139
28,216,9.49824,27.8255,27.8255,8.1027,0.709036
28,240,0.179084,0.39748,0.39748,0.121993,1.92657
28,264,0.00258885,0.00560617,0.00560617,0.00183505,1.69109
28,288,4.32897e-5,7.87858e-5,7.87858e-5,2.74239e-5,2.3817
28,289,41.2436,60.3009,60.3009,24.5608,2.79628
28,290,102.765,193.16,193.16,75.8018,1.46437
28,293,344.634,627.445,627.445,222.621,2.25629
28,295,191.774,632.217,632.217,206.515,-0.293855
28,312,22.0048,46.0281,46.0281,12.67,3.03308
28,336,0.306483,0.653133,0.653133,0.189598,2.53792
28,360,0.00503936,0.00922845,0.00922845,0.00283831,3.19245
28,384,7.05805e-5,0.000130311,0.000130311,4.24008e-5,2.73601
28,385,41.6922,53.1242,53.1242,20.5216,4.24695
28,386,129.923,170.302,170.302,63.4084,4.31843
28,389,405.929,554.905,554.905,188.21,4.76219
28,391,388.784,562.972,562.972,175.609,4.99739
28,408,19.6582,41.6703,41.6703,10.9302,3.28729
28,432,0.268841,0.590125,0.590125,0.166303,2.53829
28,456,0.00556095,0.00831003,0.00831003,0.00252621,4.94548
28,480,8.03654e-5,0.000116911,0.000116911,3.83098e-5,4.51928
28,481,39.4554,50.05,50.05,18.7077,4.56567
28,482,115.765,160.483,160.483,57.8248,4.12499
28,485,364.996,524.306,524.306,172.067,4.61591
28,487,307.159,532.776,532.776,161.05,3.7348
28,504,22.5091,39.5557,39.5557,10.01,5.1404
28,528,0.319841,0.556832,0.556832,0.151941,4.54917
28,552,0.00516561,0.00784407,0.00784407,0.00230129,5.12396
29,0,0,0,0,0,0
29,1,335.52,331.71,331.71,278.91,0.835585
29,2,364.592,463.771,463.771,381.807,-0.185612
29,5,459.462,502.809,502.809,468.661,-0.0808044
29,7,458.166,403.795,403.795,416.408,0.412833
29,24,47.7488,22.7002,22.7002,44.3046,0.320031
29,48,0.940028,0.317777,0.317777,1.05556,-0.450594
29,72,0.0196372,0.00447282,0.00447282,0.0231086,-0.618417
29,96,0.000554073,6.30173e-5,6.30173e-5,0.000500367,0.441859
29,97,25.6907,22.6656,22.6656,21.1937,0.873513
29,98,77.6183,73.5609,73.5609,72.7627,0.274719
29,101,250.204,240.815,240.815,280.709,-0.447369
29,103,388.985,239.88,239.88,324.08,0.824471
29,120,71.5653,17.2612,17.2612,54.3715,1.30183
29,144,1.49017,0.248504,0.248504,1.3739,0.348384
29,168,0.0362606,0.00355586,0.00355586,0.0301647,0.83195
29,192,0.00064044,5.07604e-5,5.07604e-5,0.000649054,-0.0546388
29,193,39.1663,36.497,36.497,36.1085,0.34862
29,194,142.147,117.927,117.927,123.305,0.629079
29,197,462.192,384.154,384.154,472.435,-0.0892553
29,199,566.752,385.168,385.168,548.649,0.135839
29,216,91.8846,27.8255,27.8255,94.5275,-0.115102
29,240,2.86294,0.39748,0.39748,2.40983,0.774055
29,264,0.0504671,0.00560617,0.00560617,0.0525976,-0.166749
29,288,0.00110581,7.87858e-5,7.87858e-5,0.00112318,-0.0636459
29,289,70.2295,60.3009,60.3009,64.3376,0.377006
29,290,231.036,193.16,193.16,217.373,0.258752
29,293,877.885,627.445,627.445,824.883,0.264517
29,295,849.553,632.217,632.217,961.536,-0.479449
29,312,192.196,46.0281,46.0281,170.082,0.535276
29,336,4.68807,0.653133,0.653133,4.34789,0.322095
29,360,0.112915,0.00922845,0.00922845,0.0955844,0.746405
29,384,0.00199113,0.000130311,0.000130311,0.00205653,-0.130912
29,385,67.6866,53.1242,53.1242,61.0393,0.448324
29,386,254.146,170.302,170.302,206.279,0.955274
29,389,672.052,554.905,554.905,780.949,-0.574051
29,391,750.07,562.972,562.972,913.089,-0.734988
29,408,170.131,41.6703,41.6703,164.432,0.142661
29,432,4.1867,0.590125,0.590125,4.21506,-0.0276917
29,456,0.0981751,0.00831003,0.00831003,0.0927008,0.243108
29,480,0.00222802,0.000116911,0.000116911,0.00199506,0.480725
29,481,73.965,50.05,50.05,59.7654,0.978101
29,482,225.025,160.483,160.483,201.986,0.469563
29,485,858.221,524.306,524.306,765.198,0.500462
29,487,975.696,532.776,532.776,895.249,0.369931
29,504,186.839,39.5557,39.5557,161.63,0.642081
29,528,4.80177,0.556832,0.556832,4.14749,0.649427
29,552,0.0921887,0.00784407,0.00784407,0.0912068,0.0443183
29,576,0.00206158,0.000110472,0.000110472,0.00196272,0.207351
29,577,58.2255,48.268,48.268,59.0759,-0.0592656
29,578,223.448,154.785,154.785,199.661,0.490477
29,581,757.285,506.316,506.316,756.584,0.00381133
29,583,838.334,514.92,514.92,885.534,-0.219429
29,600,156.002,38.477,38.477,159.916,-0.100772
29,624,4.74913,0.548017,0.548017,4.13311,0.613582
29,648,0.0951764,0.00775992,0.00775992,0.0913469,0.172581
30,0,0,0,0,0,0
30,1,358.657,331.71,331.71,316.64,0.546274
30,2,453.907,463.771,463.771,439.317,0.13672
30,5,518.604,502.809,502.809,474.359,0.383982
30,7,347.511,403.795,403.795,380.203,-0.35399
30,24,23.4272,22.7002,22.7002,24.0949,-0.114068
30,48,0.349337,0.317777,0.317777,0.423544,-0.721282
30,72,0.00670648,0.00447282,0.00447282,0.00748136,-0.426389
30,96,0.000134374,6.30173e-5,6.30173e-5,0.000131975,0.0748341
30,97,27.8517,22.6656,22.6656,21.6927,1.16882
30,98,85.8324,73.5609,73.5609,69.6126,0.959213
30,101,238.267,240.815,240.815,224.41,0.254201
30,103,191.389,239.88,239.88,219.257,-0.523262
30,120,18.3495,17.2612,17.2612,16.4811,0.466709
30,144,0.288575,0.248504,0.248504,0.291402,-0.0399439
30,168,0.00472145,0.00355586,0.00355586,0.00514848,-0.341455
30,192,8.49471e-5,5.07604e-5,5.07604e-5,9.09951e-5,-0.27362
30,193,42.1781,36.497,36.497,35.3244,0.798731
30,194,123.316,117.927,117.927,112.881,0.380565
30,197,371.207,384.154,384.154,358.508,0.145828
30,199,378.704,385.168,385.168,352.317,0.308319
30,216,32.0323,27.8255,27.8255,26.724,0.817744
30,240,0.471397,0.39748,0.39748,0.472067,-0.00584693
30,264,0.00824927,0.00560617,0.00560617,0.00834344,-0.0464637
30,288,0.000158719,7.87858e-5,7.87858e-5,0.000147272,0.319998
30,289,58.8661,60.3009,60.3009,58.7774,0.00621181
30,290,211.991,193.16,193.16,186.303,0.567623
30,293,602.831,627.445,627.445,590.412,0.0865943
30,295,584.512,632.217,632.217,583.128,0.00977143
30,312,38.8508,46.0281,46.0281,44.5882,-0.529719
30,336,0.824632,0.653133,0.653133,0.788913,0.186389
30,360,0.01513,0.00922845,0.00922845,0.0139474,0.349052
30,384,0.000239119,0.000130311,0.000130311,0.000246684,-0.126233
30,385,59.383,53.1242,53.1242,51.9764,0.58663
30,386,179.535,170.302,170.302,164.873,0.366096
30,389,505.667,554.905,554.905,524.579,-0.148417
30,391,553.435,562.972,562.972,520.776,0.25817
30,408,47.3213,41.6703,41.6703,40.1525,0.735007
30,432,0.76495,0.590125,0.590125,0.705093,0.349479
30,456,0.014835,0.00831003,0.00831003,0.0123348,0.834459
30,480,0.000248802,0.000116911,0.000116911,0.000216856,0.606454
30,481,65.3086,50.05,50.05,49.047,1.36492
30,482,161.145,160.483,160.483,155.616,0.146276
30,485,519.435,524.306,524.306,495.965,0.194818
30,487,476.663,532.776,532.776,493.545,-0.140814
30,504,48.1055,39.5557,39.5557,38.3698,1.04456
30,528,0.687873,0.556832,0.556832,0.682103,0.0348254
30,552,0.013638,0.00784407,0.00784407,0.0121128,0.518344
30,576,0.000233596,0.000110472,0.000110472,0.000215012,0.35583
30,577,51.9466,48.268,48.268,47.3435,0.400262
30,578,164.376,154.785,154.785,150.227,0.387741
30,581,446.708,506.316,506.316,479.446,-0.281105
30,583,589.26,514.92,514.92,477.443,0.964145
30,600,37.7052,38.477,38.477,37.2155,0.0541692
30,624,0.836118,0.548017,0.548017,0.665067,1.05881
30,648,0.0151278,0.00775992,0.00775992,0.0117985,1.16166