id	admin	tox	CRS	oDLT	dose	id_seq
1	1	0	0	0	70	1
1	2	0	0	0	350	1
1	3	0	0	0	700	1
1	4	0	0	0	1400	1
1	5	0	0	0	1400	1
1	6	0	0	0	1400	1
1	7	0	0	0	1400	1
2	1	0	0	0	70	1
2	2	0	0	0	350	1
2	3	0	0	0	700	1
2	4	0	0	0	1400	1
2	5	0	0	0	1400	1
2	6	0	0	0	1400	1
2	7	0	0	0	1400	1
3	1	0	0	0	70	1
3	2	0	0	0	350	1
3	3	0	0	0	700	1
3	4	0	0	0	1400	1
3	5	0	0	0	1400	1
3	6	0	0	0	1400	1
3	7	0	0	0	1400	1
4	1	0	0	0	70	2
4	2	0	0	0	350	2
4	3	0	0	0	700	2
4	4	0	0	0	1750	2
4	5	0	0	0	1750	2
4	6	0	0	0	1750	2
4	7	0	0	0	1750	2
5	1	0	0	0	70	2
5	2	0	0	0	350	2
5	3	0	0	0	700	2
5	4	0	0	0	1750	2
5	5	0	0	0	1750	2
5	6	0	0	0	1750	2
5	7	0	0	0	1750	2
6	1	0	0	0	70	2
6	2	0	0	0	350	2
6	3	0	0	0	700	2
6	4	0	0	0	1750	2
6	5	0	0	0	1750	2
6	6	0	0	0	1750	2
6	7	0	0	0	1750	2
7	1	0	0	0	70	3
7	2	0	0	0	350	3
7	3	0	0	0	700	3
7	4	0	0	0	2100	3
7	5	0	0	0	2100	3
7	6	0	0	0	2100	3
7	7	1	0	1	2100	3
8	1	0	0	0	70	3
8	2	0	0	0	350	3
8	3	0	0	0	700	3
8	4	0	0	0	2100	3
8	5	0	0	0	2100	3
8	6	0	0	0	2100	3
8	7	0	0	0	2100	3
9	1	0	0	0	70	3
9	2	0	0	0	350	3
9	3	0	0	0	700	3
9	4	0	0	0	2100	3
9	5	0	0	0	2100	3
9	6	0	0	0	2100	3
9	7	0	0	0	2100	3
10	1	0	0	0	70	4
10	2	0	0	0	350	4
10	3	0	0	0	700	4
10	4	0	0	0	3150	4
10	5	0	0	0	3150	4
10	6	1	0	1	3150	4
11	1	0	0	0	70	4
11	2	0	0	0	350	4
11	3	0	0	0	700	4
11	4	0	0	0	3150	4
11	5	0	0	0	3150	4
11	6	0	0	0	3150	4
11	7	0	0	0	3150	4
12	1	0	0	0	70	4
12	2	0	0	0	350	4
12	3	0	0	0	700	4
12	4	0	0	0	3150	4
12	5	0	0	0	3150	4
12	6	0	0	0	3150	4
12	7	0	0	0	3150	4
13	1	0	0	0	70	4
13	2	0	0	0	350	4
13	3	0	0	0	700	4
13	4	0	0	0	3150	4
13	5	0	0	0	3150	4
13	6	0	0	0	3150	4
13	7	0	0	0	3150	4
14	1	0	0	0	70	4
14	2	0	0	0	350	4
14	3	0	0	0	700	4
14	4	0	0	0	3150	4
14	5	0	0	0	3150	4
14	6	0	0	0	3150	4
14	7	0	0	0	3150	4
15	1	0	0	0	70	4
15	2	0	0	0	350	4
15	3	0	0	0	700	4
15	4	1	1	0	3150	4
16	1	0	0	0	70	4
16	2	0	0	0	350	4
16	3	0	0	0	700	4
16	4	0	0	0	3150	4
16	5	1	0	1	3150	4
17	1	0	0	0	70	4
17	2	0	0	0	350	4
17	3	0	0	0	700	4
17	4	0	0	0	3150	4
17	5	0	0	0	3150	4
17	6	0	0	0	3150	4
17	7	0	0	0	3150	4
18	1	0	0	0	70	4
18	2	0	0	0	350	4
18	3	0	0	0	700	4
18	4	0	0	0	3150	4
18	5	0	0	0	3150	4
18	6	0	0	0	3150	4
18	7	0	0	0	3150	4
19	1	0	0	0	70	4
19	2	0	0	0	350	4
19	3	0	0	0	700	4
19	4	0	0	0	3150	4
19	5	0	0	0	3150	4
19	6	0	0	0	3150	4
19	7	0	0	0	3150	4
20	1	0	0	0	70	4
20	2	0	0	0	350	4
20	3	0	0	0	700	4
20	4	0	0	0	3150	4
20	5	0	0	0	3150	4
20	6	0	0	0	3150	4
20	7	0	0	0	3150	4
21	1	0	0	0	70	4
21	2	0	0	0	350	4
21	3	0	0	0	700	4
21	4	0	0	0	3150	4
21	5	0	0	0	3150	4
21	6	0	0	0	3150	4
21	7	0	0	0	3150	4
22	1	0	0	0	350	5
22	2	0	0	0	700	5
22	3	0	0	0	1750	5
22	4	0	0	0	5250	5
22	5	0	0	0	5250	5
22	6	0	0	0	5250	5
22	7	0	0	0	5250	5
23	1	0	0	0	350	5
23	2	0	0	0	700	5
23	3	0	0	0	1750	5
23	4	0	0	0	5250	5
23	5	0	0	0	5250	5
23	6	0	0	0	5250	5
23	7	0	0	0	5250	5
24	1	0	0	0	350	5
24	2	0	0	0	700	5
24	3	0	0	0	1750	5
24	4	0	0	0	5250	5
24	5	0	0	0	5250	5
24	6	0	0	0	5250	5
24	7	0	0	0	5250	5
25	1	0	0	0	700	6
25	2	0	0	0	1750	6
25	3	1	0	1	3500	6
26	1	0	0	0	700	6
26	2	0	0	0	1750	6
26	3	0	0	0	3500	6
26	4	0	0	0	7000	6
26	5	0	0	0	7000	6
26	6	0	0	0	7000	6
26	7	0	0	0	7000	6
27	1	0	0	0	700	6
27	2	0	0	0	1750	6
27	3	0	0	0	3500	6
27	4	0	0	0	7000	6
27	5	0	0	0	7000	6
27	6	0	0	0	7000	6
27	7	0	0	0	7000	6
28	1	0	0	0	700	6
28	2	0	0	0	1750	6
28	3	0	0	0	3500	6
28	4	0	0	0	7000	6
28	5	0	0	0	7000	6
28	6	1	0	1	7000	6
29	1	1	1	0	700	6
30	1	0	0	0	700	6
30	2	0	0	0	1750	6
30	3	0	0	0	3500	6
30	4	0	0	0	7000	6
30	5	0	0	0	7000	6
30	6	0	0	0	7000	6
30	7	0	0	0	7000	6
