id,time,y2,popPred_medianCOV,popPred,indivPred_SAEM,indWRes_SAEM
1,0,0,0,0,0,0
1,1,73.3893,103.891,103.891,66.2195,0.563246
1,2,107.536,196.282,196.282,93.5728,0.776279
1,5,92.008,237.294,237.294,97.3423,-0.285071
1,7,86.5542,188.792,188.792,75.548,0.757871
1,24,2.3859,9.94081,9.94081,2.72105,-0.64073
1,48,0.0100423,0.127614,0.127614,0.0165661,-2.04862
1,72,6.95742e-5,0.00163501,0.00163501,9.84121e-5,-1.52439
1,96,8.94627e-7,2.05214e-5,2.05214e-5,8.10745e-7,0.538223
1,97,8.87535,16.5639,16.5639,8.7453,0.0773563
1,98,31.2993,52.2053,52.2053,27.738,0.667909
1,101,102.598,162.276,162.276,87.5205,0.896179
1,103,83.2117,158.594,158.594,85.7888,-0.156272
1,120,3.60512,10.5208,10.5208,4.38643,-0.926606
1,144,0.0199955,0.134729,0.134729,0.027551,-1.42662
1,168,0.000114862,0.0017166,0.0017166,0.000164211,-1.56336
1,192,1.31346e-6,2.19155e-5,2.19155e-5,1.01542e-6,1.52692
1,193,12.7945,20.6303,20.6303,11.6274,0.522197
1,194,28.5457,65.0479,65.0479,36.914,-1.17932
1,197,113.803,205.379,205.379,118.278,-0.196814
1,199,129.027,202.775,202.775,117.827,0.494486
1,216,6.37737,13.7729,13.7729,6.2896,0.072596
1,240,0.0369903,0.177753,0.177753,0.040023,-0.394191
1,264,0.000148057,0.00227919,0.00227919,0.000240855,-2.00432
1,288,1.05346e-6,2.90833e-5,2.90833e-5,1.38636e-6,-1.24914
1,289,23.3988,29.1329,29.1329,17.9913,1.56357
1,290,69.5654,91.7013,91.7013,57.0192,1.14464
1,293,177.179,289.133,289.133,183.296,-0.173622
1,295,202.284,287.305,287.305,184.235,0.509639
1,312,9.91202,19.6489,19.6489,10.0008,-0.0461774
1,336,0.0461008,0.250189,0.250189,0.0632938,-1.4131
1,360,0.000277583,0.00314666,0.00314666,0.000377253,-1.3744
1,384,3.49839e-6,3.98522e-5,3.98522e-5,2.17585e-6,3.16198
1,385,15.1809,22.9582,22.9582,15.6489,-0.155585
1,386,55.0819,72.3587,72.3587,49.6449,0.569727
1,389,142.504,232.8,232.8,162.115,-0.629293
1,391,197.954,232.812,232.812,163.897,1.08101
1,408,9.61129,16.1475,16.1475,9.10904,0.286832
1,432,0.0528799,0.20814,0.20814,0.0582333,-0.478236
1,456,0.000217277,0.00267057,0.00267057,0.000350616,-1.97836
1,480,1.72795e-6,3.42472e-5,3.42472e-5,1.78904e-6,-0.177658
1,481,17.7845,20.3154,20.3154,14.6938,1.09425
1,482,49.8408,64.0543,64.0543,46.6275,0.358509
1,485,168.031,205.137,205.137,153.804,0.481196
1,487,166.932,206.377,206.377,155.181,0.3939
1,504,10.6599,14.5181,14.5181,8.6919,1.17786
1,528,0.0526315,0.184934,0.184934,0.0555952,-0.277314
1,552,0.000210864,0.00232542,0.00232542,0.000325815,-1.83536
1,576,3.73681e-6,2.94369e-5,2.94369e-5,2.21424e-6,3.57712
1,577,15.5651,18.7567,18.7567,14.1516,0.519593
1,578,48.2464,59.1508,59.1508,44.9125,0.386159
1,581,156.089,190.133,190.133,147.79,0.292138
1,583,168.893,191.456,191.456,149.436,0.677307
1,600,7.36281,13.5106,13.5106,8.42122,-0.653828
1,624,0.0494665,0.172909,0.172909,0.0534182,-0.384833
1,648,0.000214036,0.00220345,0.00220345,0.000318669,-1.70809
2,0,0,0,0,0,0
2,1,113.654,103.891,103.891,82.5365,1.96129
2,2,194.194,196.282,196.282,167.922,0.813874
2,5,140.108,237.294,237.294,199.507,-1.54881
2,7,135.117,188.792,188.792,147.914,-0.450067
2,24,3.85301,9.94081,9.94081,5.34378,-1.45125
2,48,0.0189141,0.127614,0.127614,0.0459831,-3.06235
2,72,0.000141712,0.00163501,0.00163501,0.000396082,-3.34089
2,96,1.91556e-6,2.05214e-5,2.05214e-5,3.3323e-6,-2.2117
2,97,16.1639,16.5639,16.5639,20.2013,-1.03968
2,98,57.8845,52.2053,52.2053,59.3444,-0.12797
2,101,96.4494,162.276,162.276,153.385,-1.93099
2,103,113.231,158.594,158.594,129.408,-0.650298
2,120,3.91557,10.5208,10.5208,5.07985,-1.1923
2,144,0.0233492,0.134729,0.134729,0.0446151,-2.47961
2,168,0.00014661,0.0017166,0.0017166,0.000391037,-3.25171
2,192,8.61552e-6,2.19155e-5,2.19155e-5,3.34595e-6,8.19287
2,193,22.5999,20.6303,20.6303,24.134,-0.330674
2,194,80.3507,65.0479,65.0479,71.0116,0.684155
2,197,198.558,205.379,205.379,185.709,0.35995
2,199,130.514,202.775,202.775,158.486,-0.918138
2,216,4.82632,13.7729,13.7729,6.27125,-1.1986
2,240,0.0272669,0.177753,0.177753,0.055139,-2.62961
2,264,0.000208491,0.00227919,0.00227919,0.000483676,-2.95973
2,288,2.4286e-6,2.90833e-5,2.90833e-5,4.1566e-6,-2.16265
2,289,33.2197,29.1329,29.1329,32.9443,0.0434891
2,290,104.639,91.7013,91.7013,96.8413,0.418884
2,293,250.511,289.133,289.133,256.409,-0.119654
2,295,221.819,287.305,287.305,219.219,0.0617155
2,312,8.03681,19.6489,19.6489,8.65624,-0.372261
2,336,0.0403165,0.250189,0.250189,0.074139,-2.37323
2,360,0.000326959,0.00314666,0.00314666,0.000636085,-2.52815
2,384,2.33802e-6,3.98522e-5,3.98522e-5,5.42208e-6,-2.95895
2,385,32.1984,22.9582,22.9582,24.9085,1.5225
2,386,82.2869,72.3587,72.3587,73.3751,0.631822
2,389,193.8,232.8,232.8,197.159,-0.0886367
2,391,199.739,232.812,232.812,169.533,0.926855
2,408,6.25923,16.1475,16.1475,6.78783,-0.405111
2,432,0.0435229,0.20814,0.20814,0.0596459,-1.4062
2,456,0.00024224,0.00267057,0.00267057,0.000522948,-2.7924
2,480,6.58727e-6,3.42472e-5,3.42472e-5,4.49425e-6,2.42269
2,481,26.5443,20.3154,20.3154,21.5006,1.22034
2,482,73.9563,64.0543,64.0543,63.3774,0.868338
2,485,194.532,205.137,205.137,170.816,0.72226
2,487,180.72,206.377,206.377,147.989,1.15057
2,504,5.27021,14.5181,14.5181,5.91922,-0.570385
2,528,0.0379923,0.184934,0.184934,0.0514617,-1.36159
2,552,0.000227182,0.00232542,0.00232542,0.000446381,-2.55454
2,576,3.55205e-6,2.94369e-5,2.94369e-5,3.71314e-6,-0.22568
2,577,23.2229,18.7567,18.7567,19.4631,1.00491
2,578,81.3431,59.1508,59.1508,57.3921,2.17096
2,581,193.256,190.133,190.133,156.297,1.23014
2,583,168.266,191.456,191.456,135.406,1.26244
2,600,5.83865,13.5106,13.5106,5.41696,0.404964
2,624,0.0383084,0.172909,0.172909,0.0467085,-0.935562
2,648,0.000246548,0.00220345,0.00220345,0.000403482,-2.02336
3,0,0,0,0,0,0
3,1,135.955,103.891,103.891,112.565,1.08098
3,2,351.963,196.282,196.282,327.119,0.395099
3,5,526.903,237.294,237.294,726.061,-1.42694
3,7,654.957,188.792,188.792,585.677,0.61536
3,24,20.1333,9.94081,9.94081,18.7323,0.389075
3,48,0.104367,0.127614,0.127614,0.119584,-0.661951
3,72,0.000568321,0.00163501,0.00163501,0.000766133,-1.34317
3,96,5.21855e-6,2.05214e-5,2.05214e-5,4.96993e-6,0.260236
3,97,129.682,16.5639,16.5639,133.164,-0.136017
3,98,460.63,52.2053,52.2053,396.876,0.835659
3,101,1030.8,162.276,162.276,1019.8,0.0561186
3,103,861.677,158.594,158.594,866.43,-0.0285385
3,120,35.3034,10.5208,10.5208,29.0051,1.12962
3,144,0.18035,0.134729,0.134729,0.184062,-0.104894
3,168,0.00112177,0.0017166,0.0017166,0.00117239,-0.22462
3,192,1.20667e-5,2.19155e-5,2.19155e-5,7.41891e-6,3.25905
3,193,137.188,20.6303,20.6303,125.222,0.497147
3,194,379.068,65.0479,65.0479,375.326,0.051868
3,197,1007.23,205.379,205.379,1017.22,-0.0511186
3,199,798.135,202.775,202.775,884.774,-0.509404
3,216,28.4993,13.7729,13.7729,30.7241,-0.376689
3,240,0.164529,0.177753,0.177753,0.197997,-0.87933
3,264,0.00112689,0.00227919,0.00227919,0.00127584,-0.607323
3,288,6.27574e-6,2.90833e-5,2.90833e-5,8.24808e-6,-1.24397
3,289,160,29.1329,29.1329,159.171,0.0271212
3,290,571.103,91.7013,91.7013,476.629,1.03112
3,293,1263.36,289.133,289.133,1305.68,-0.168621
3,295,1196.79,287.305,287.305,1141.71,0.25094
3,312,38.5921,19.6489,19.6489,39.6148,-0.134287
3,336,0.210615,0.250189,0.250189,0.256405,-0.929022
3,360,0.00165831,0.00314666,0.00314666,0.00164618,0.038342
4,0,0,0,0,0,0
4,1,134.65,103.891,103.891,96.9652,2.02178
4,2,188.039,196.282,196.282,181.821,0.177904
4,5,239.566,237.294,237.294,207.206,0.812434
4,7,176.839,188.792,188.792,154.929,0.735708
4,24,5.21936,9.94081,9.94081,6.4919,-1.01971
4,48,0.0524541,0.127614,0.127614,0.0698961,-1.29815
4,72,0.000376787,0.00163501,0.00163501,0.000750983,-2.59209
4,96,2.82493e-6,2.05214e-5,2.05214e-5,7.96105e-6,-3.35618
4,97,17.5503,16.5639,16.5639,19.2123,-0.450015
4,98,48.5053,52.2053,52.2053,56.7207,-0.753476
4,101,171.313,162.276,162.276,150.715,0.710973
4,103,137.021,158.594,158.594,129.077,0.320162
4,120,4.98421,10.5208,10.5208,5.83749,-0.760409
4,144,0.0421387,0.134729,0.134729,0.0625718,-1.69877
4,168,0.000329341,0.0017166,0.0017166,0.000666265,-2.63067
4,192,6.4217e-6,2.19155e-5,2.19155e-5,6.85927e-6,-0.331853
4,193,26.3207,20.6303,20.6303,23.8052,0.549693
4,194,83.461,65.0479,65.0479,70.3586,0.968761
4,197,171.507,205.379,205.379,187.129,-0.434272
4,199,167.672,202.775,202.775,162.111,0.178449
4,216,7.73397,13.7729,13.7729,7.35719,0.266411
4,240,0.0486523,0.177753,0.177753,0.0783828,-1.97316
4,264,0.000462174,0.00227919,0.00227919,0.00084104,-2.34342
4,288,2.31532e-5,2.90833e-5,2.90833e-5,8.82445e-6,8.44699
4,289,36.5182,29.1329,29.1329,33.1768,0.523921
4,290,100.858,91.7013,91.7013,97.9543,0.1542
4,293,259.251,289.133,289.133,263.707,-0.0879145
4,295,219.02,287.305,287.305,228.86,-0.223673
4,312,11.3424,19.6489,19.6489,10.4499,0.444298
4,336,0.0903464,0.250189,0.250189,0.112239,-1.01471
4,360,0.000691778,0.00314666,0.00314666,0.00120118,-2.20615
4,384,8.81224e-6,3.98522e-5,3.98522e-5,1.28855e-5,-1.64446
4,385,26.4628,22.9582,22.9582,25.5638,0.182955
4,386,81.8072,72.3587,72.3587,75.6224,0.425453
4,389,213.631,232.8,232.8,206.196,0.187593
4,391,196.076,232.812,232.812,180.392,0.452306
4,408,7.90218,16.1475,16.1475,8.32285,-0.262937
4,432,0.0609173,0.20814,0.20814,0.0888957,-1.63728
4,456,0.000577379,0.00267057,0.00267057,0.000950417,-2.04184
4,480,6.62988e-6,3.42472e-5,3.42472e-5,1.01437e-5,-1.80203
4,481,25.7973,20.3154,20.3154,22.3182,0.810949
4,482,66.6584,64.0543,64.0543,66.0605,0.0470852
4,485,209.91,205.137,205.137,180.474,0.848471
4,487,166.102,206.377,206.377,158.574,0.24695
4,504,5.28536,14.5181,14.5181,7.30288,-1.43716
4,528,0.0508646,0.184934,0.184934,0.0780373,-1.81139
4,552,0.000476249,0.00232542,0.00232542,0.000833713,-2.23047
4,576,4.86658e-6,2.94369e-5,2.94369e-5,8.04444e-6,-2.05504
4,577,21.8013,18.7567,18.7567,20.3845,0.361559
4,578,64.1413,59.1508,59.1508,60.3566,0.326197
4,581,162.632,190.133,190.133,166.212,-0.112039
4,583,149.501,191.456,191.456,146.033,0.123553
4,600,6.20441,13.5106,13.5106,6.76563,-0.431528
4,624,0.0495506,0.172909,0.172909,0.0722646,-1.63512
4,648,0.00040571,0.00220345,0.00220345,0.000772767,-2.47096
5,0,0,0,0,0,0
5,1,67.0955,103.891,103.891,68.7005,-0.121538
5,2,117.918,196.282,196.282,111.597,0.294664
5,5,125.879,237.294,237.294,130.901,-0.199611
5,7,113.682,188.792,188.792,108.634,0.241737
5,24,6.64144,9.94081,9.94081,7.17193,-0.384789
5,48,0.090384,0.127614,0.127614,0.0938411,-0.191643
5,72,0.000857136,0.00163501,0.00163501,0.00110144,-1.15386
5,96,1.93192e-5,2.05214e-5,2.05214e-5,1.24084e-5,2.89726
5,97,7.8606,16.5639,16.5639,8.03868,-0.115244
5,98,31.7151,52.2053,52.2053,26.5278,1.01725
5,101,98.5166,162.276,162.276,94.0622,0.246351
5,103,96.1467,158.594,158.594,102.794,-0.336399
5,120,11.838,10.5208,10.5208,11.5805,0.115648
5,144,0.147546,0.134729,0.134729,0.170332,-0.695905
5,168,0.00147854,0.0017166,0.0017166,0.00205038,-1.45085
5,192,2.30159e-5,2.19155e-5,2.19155e-5,2.33941e-5,-0.0840922
5,193,11.1402,20.6303,20.6303,10.3017,0.423442
5,194,35.7422,65.0479,65.0479,33.9979,0.266893
5,197,117.962,205.379,205.379,122.656,-0.199109
5,199,134.248,202.775,202.775,135.813,-0.0599305
5,216,16.0252,13.7729,13.7729,16.2347,-0.0671594
5,240,0.213481,0.177753,0.177753,0.242042,-0.61385
5,264,0.00257066,0.00227919,0.00227919,0.00293126,-0.63996
5,288,3.27742e-5,2.90833e-5,2.90833e-5,3.37719e-5,-0.15369
5,289,17.9643,29.1329,29.1329,15.4222,0.857478
5,290,50.9944,91.7013,91.7013,50.7819,0.0217678
5,293,175.23,289.133,289.133,183.743,-0.241021
5,295,230.32,287.305,287.305,204.545,0.655508
5,312,25.0865,19.6489,19.6489,25.1659,-0.0163973
5,336,0.423734,0.250189,0.250189,0.375582,0.666943
5,360,0.00448499,0.00314666,0.00314666,0.00452901,-0.0505665
5,384,5.32156e-5,3.98522e-5,3.98522e-5,5.17179e-5,0.150648
5,385,12.997,22.9582,22.9582,13.0128,-0.00633947
5,386,51.2028,72.3587,72.3587,42.8803,1.00967
5,389,180.858,232.8,232.8,155.491,0.848686
5,391,197.602,232.812,232.812,174.851,0.676911
5,408,25.1075,16.1475,16.1475,22.3169,0.650482
5,432,0.302588,0.20814,0.20814,0.336139,-0.519243
5,456,0.00325479,0.00267057,0.00267057,0.00406659,-1.03848
5,480,5.2727e-5,3.42472e-5,3.42472e-5,4.64655e-5,0.701024
5,481,12.3402,20.3154,20.3154,12.0188,0.139148
5,482,46.6882,64.0543,64.0543,39.6129,0.929157
5,485,139.787,205.137,205.137,144.337,-0.163965
5,487,159.898,206.377,206.377,162.524,-0.0840547
5,504,21.229,14.5181,14.5181,21.0059,0.0552415
5,528,0.347954,0.184934,0.184934,0.319956,0.455212
5,552,0.00437552,0.00232542,0.00232542,0.00389233,0.64578
5,576,4.12358e-5,2.94369e-5,2.94369e-5,4.48783e-5,-0.42223
5,577,11.6322,18.7567,18.7567,11.4462,0.084529
5,578,36.3943,59.1508,59.1508,37.7292,-0.184058
5,581,166.231,190.133,190.133,137.983,1.06498
5,583,198.072,191.456,191.456,155.398,1.4286
5,600,21.6423,13.5106,13.5106,20.1317,0.390346
5,624,0.332522,0.172909,0.172909,0.305035,0.468779
5,648,0.00306016,0.00220345,0.00220345,0.00369127,-0.889431
6,0,0,0,0,0,0
6,1,136.098,103.891,103.891,106.476,1.44726
6,2,325.41,196.282,196.282,253.927,1.46446
6,5,334.125,237.294,237.294,354.458,-0.298409
6,7,299.376,188.792,188.792,269.288,0.581247
6,24,6.71475,9.94081,9.94081,8.1294,-0.905256
6,48,0.0256631,0.127614,0.127614,0.0483411,-2.44045
6,72,0.000109915,0.00163501,0.00163501,0.000286613,-3.20712
6,96,5.50755e-6,2.05214e-5,2.05214e-5,1.62977e-6,12.3777
6,97,38.6832,16.5639,16.5639,34.9354,0.558074
6,98,121.501,52.2053,52.2053,106.485,0.733574
6,101,298.786,162.276,162.276,297.079,0.0299006
6,103,215.86,158.594,158.594,264.318,-0.953723
6,120,7.12476,10.5208,10.5208,9.38783,-1.25405
6,144,0.0262889,0.134729,0.134729,0.0568881,-2.79814
6,168,0.000114814,0.0017166,0.0017166,0.000343653,-3.46411
6,192,1.89178e-6,2.19155e-5,2.19155e-5,2.01446e-6,-0.31682
6,193,39.0228,20.6303,20.6303,38.9339,0.0118825
6,194,143.557,65.0479,65.0479,118.92,1.0777
6,197,324.73,205.379,205.379,341.326,-0.252942
6,199,262.203,202.775,202.775,308.37,-0.778832
6,216,8.78497,13.7729,13.7729,11.224,-1.13044
6,240,0.0357671,0.177753,0.177753,0.0680867,-2.46936
6,264,0.000171942,0.00227919,0.00227919,0.000411136,-3.02653
6,288,1.08525e-6,2.90833e-5,2.90833e-5,2.54071e-6,-2.98006
6,289,55.2041,29.1329,29.1329,51.7264,0.349748
6,290,171.511,91.7013,91.7013,157.787,0.452469
6,293,414.349,289.133,289.133,453.542,-0.449538
6,295,421.051,287.305,287.305,411.808,0.116756
6,312,12.3598,19.6489,19.6489,15.1541,-0.959245
6,336,0.0575182,0.250189,0.250189,0.0910199,-1.91475
6,360,0.000213329,0.00314666,0.00314666,0.000545736,-3.16861
6,384,2.9312e-6,3.98522e-5,3.98522e-5,3.1907e-6,-0.423092
6,385,39.9241,22.9582,22.9582,38.3749,0.210007
6,386,136.313,72.3587,72.3587,117.291,0.843693
6,389,354.144,232.8,232.8,344.014,0.153192
6,391,348.667,232.812,232.812,316.304,0.532258
6,408,10.6725,16.1475,16.1475,11.823,-0.506217
6,432,0.040049,0.20814,0.20814,0.0700397,-2.22753
6,456,0.000150234,0.00267057,0.00267057,0.000414262,-3.31556
6,480,1.47822e-6,3.42472e-5,3.42472e-5,2.38432e-6,-1.97694
6,481,41.3468,20.3154,20.3154,32.7065,1.3743
6,482,103.521,64.0543,64.0543,100.027,0.181761
6,485,333.37,205.137,205.137,295.13,0.674046
6,487,353.695,206.377,206.377,272.393,1.5527
6,504,10.5083,14.5181,14.5181,10.2957,0.107414
6,528,0.034417,0.184934,0.184934,0.0617981,-2.30493
6,552,0.000146398,0.00232542,0.00232542,0.00037009,-3.1443
6,576,6.82216e-7,2.94369e-5,2.94369e-5,2.10888e-6,-3.51926
6,577,38.9319,18.7567,18.7567,29.3332,1.70229
6,578,112.92,59.1508,59.1508,89.7373,1.3439
6,581,275.699,190.133,190.133,265.56,0.19862
6,583,264.519,191.456,191.456,245.542,0.402056
6,600,7.96714,13.5106,13.5106,9.28958,-0.740561
6,624,0.0334005,0.172909,0.172909,0.0552497,-2.05725
6,648,0.000135771,0.00220345,0.00220345,0.000327768,-3.04725
7,0,0,0,0,0,0
7,1,27.7935,103.891,103.891,26.1559,0.325709
7,2,35.0773,196.282,196.282,34.9671,0.0163956
7,5,41.2538,237.294,237.294,38.5555,0.364064
7,7,31.6633,188.792,188.792,31.8307,-0.0273656
7,24,2.59004,9.94081,9.94081,2.35038,0.530426
7,48,0.0519534,0.127614,0.127614,0.0488666,0.328608
7,72,0.0008948,0.00163501,0.00163501,0.00101326,-0.608162
7,96,2.14234e-5,2.05214e-5,2.05214e-5,2.0846e-5,0.144093
7,97,3.97801,16.5639,16.5639,3.54722,0.631772
7,98,10.6114,52.2053,52.2053,11.2616,-0.300356
7,101,37.9691,162.276,162.276,36.3105,0.237619
7,103,37.8443,158.594,158.594,36.724,0.15869
7,120,3.71699,10.5208,10.5208,3.35301,0.564705
7,144,0.0730104,0.134729,0.134729,0.0698171,0.237939
7,168,0.00137901,0.0017166,0.0017166,0.00144797,-0.247731
7,192,2.73374e-5,2.19155e-5,2.19155e-5,2.98851e-5,-0.443475
7,193,6.12502,20.6303,20.6303,5.36748,0.734199
7,194,17.5308,65.0479,65.0479,17.0438,0.148639
7,197,59.1056,205.379,205.379,56.0469,0.283901
7,199,72.9787,202.775,202.775,56.9991,1.45841
7,216,4.58344,13.7729,13.7729,5.28868,-0.693697
7,240,0.0984945,0.177753,0.177753,0.110083,-0.547643
7,264,0.00222406,0.00227919,0.00227919,0.002281,-0.129875
7,288,5.54313e-5,2.90833e-5,2.90833e-5,4.71317e-5,0.916064
7,289,9.47397,35.7742,35.7742,11.0929,-0.759231
7,290,34.2561,112.424,112.424,35.119,-0.12782
7,293,120.055,354.912,354.912,114.343,0.259908
7,295,121.474,350.935,350.935,117.249,0.187453
7,312,11.6331,23.939,23.939,10.9886,0.305145
7,336,0.264839,0.308906,0.308906,0.229091,0.811741
7,360,0.00475518,0.00395938,0.00395938,0.00474553,0.0105842
7,384,0.000100819,5.05919e-5,5.05919e-5,9.81115e-5,0.143562
7,385,11.4046,27.1544,27.1544,10.2319,0.596215
7,386,37.8978,85.4845,85.4845,32.415,0.879905
7,389,97.952,273.276,273.276,106.337,-0.410188
7,391,119.986,273.753,273.753,109.438,0.501389
7,408,8.96161,19.1846,19.1846,10.2693,-0.66245
7,432,0.226767,0.247729,0.247729,0.212225,0.356451
7,456,0.0050804,0.00317531,0.00317531,0.0043424,0.884107
7,480,0.000100347,4.05387e-5,4.05387e-5,8.90394e-5,0.660672
7,481,12.1249,23.9,23.9,9.93822,1.14463
7,482,29.0393,75.2732,75.2732,31.489,-0.404691
7,485,117.605,242.181,242.181,103.434,0.712733
7,487,111.133,243.399,243.399,106.553,0.223583
7,504,9.31846,17.1543,17.1543,10.0388,-0.373278
7,528,0.230348,0.222236,0.222236,0.207914,0.561308
7,552,0.00407582,0.00284521,0.00284521,0.00428672,-0.255937
7,576,9.66453e-5,3.60467e-5,3.60467e-5,8.8352e-5,0.488306
7,577,10.3993,22.0412,22.0412,9.78551,0.326312
7,578,36.2539,69.4332,69.4332,31.0067,0.880347
7,581,90.4082,223.991,223.991,101.968,-0.589737
7,583,100.788,225.223,225.223,105.081,-0.21252
7,600,11.5638,15.837,15.837,9.93937,0.850198
7,624,0.21884,0.203725,0.203725,0.205531,0.336846
7,648,0.00402967,0.00257189,0.00257189,0.0042205,-0.235225
8,0,0,0,0,0,0
8,1,180.064,103.891,103.891,157.398,0.749136
8,2,402.746,196.282,196.282,417.835,-0.187853
8,5,761.038,237.294,237.294,732.762,0.200742
8,7,710.454,188.792,188.792,650.318,0.481052
8,24,106.885,9.94081,9.94081,82.3633,1.5488
8,48,3.72985,0.127614,0.127614,3.83868,-0.147488
8,72,0.195906,0.00163501,0.00163501,0.178783,0.498238
8,96,0.00989028,2.05214e-5,2.05214e-5,0.00833098,0.973672
8,97,43.4223,16.5639,16.5639,38.782,0.622448
8,98,146.854,52.2053,52.2053,125.09,0.905134
8,101,384.565,162.276,162.276,421.554,-0.456463
8,103,499.766,158.594,158.594,446.229,0.624135
8,120,67.9351,10.5208,10.5208,68.3468,-0.031335
8,144,3.73185,0.134729,0.134729,3.21858,0.829589
8,168,0.158501,0.0017166,0.0017166,0.151285,0.248132
8,192,0.00677223,2.19155e-5,2.19155e-5,0.00710148,-0.241191
8,193,56.4478,20.6303,20.6303,47.6192,0.964472
8,194,165.891,65.0479,65.0479,153.551,0.41805
8,197,471.902,205.379,205.379,524.23,-0.51927
8,199,511.317,202.775,202.775,557.853,-0.433964
8,216,96.0472,13.7729,13.7729,86.4645,0.576539
8,240,3.96414,0.177753,0.177753,4.00102,-0.0479521
8,264,0.188382,0.00227919,0.00227919,0.183296,0.144358
8,288,0.0088956,2.90833e-5,2.90833e-5,0.00846863,0.262277
8,289,77.2066,35.7742,35.7742,79.7591,-0.166485
8,290,283.162,112.424,112.424,256.304,0.545129
8,293,957.858,354.912,354.912,868.459,0.535502
8,295,1062.72,350.935,350.935,924.904,0.77517
8,312,138.235,23.939,23.939,143.799,-0.201275
8,336,6.26658,0.308906,0.308906,6.69274,-0.331241
8,360,0.295819,0.00395938,0.00395938,0.310073,-0.239144
8,384,0.0142273,5.05919e-5,5.05919e-5,0.0143694,-0.0514402
8,385,59.1891,27.1544,27.1544,57.3423,0.167544
8,386,197.615,85.4845,85.4845,184.491,0.370061
8,389,548.9,273.276,273.276,632.413,-0.686971
8,391,710.674,273.753,273.753,680.657,0.229418
8,408,128.746,19.1846,19.1846,108.103,0.993409
8,432,5.71289,0.247729,0.247729,5.02542,0.711647
8,456,0.204585,0.00317531,0.00317531,0.232178,-0.618242
8,480,0.0122929,4.05387e-5,4.05387e-5,0.0107245,0.760786
8,481,42.094,23.9,23.9,48.8137,-0.716126
8,482,154.057,75.2732,75.2732,157.109,-0.101081
8,485,498.556,242.181,242.181,538.903,-0.389484
8,487,574.455,243.399,243.399,582.073,-0.0680901
8,504,100.113,17.1543,17.1543,93.0606,0.394215
8,528,4.44823,0.222236,0.222236,4.30059,0.178586
8,552,0.188281,0.00284521,0.00284521,0.199629,-0.295716
8,576,0.00904634,3.60467e-5,3.60467e-5,0.00926789,-0.124359
8,577,45.0527,22.0412,22.0412,43.895,0.137206
8,578,134.616,69.4332,69.4332,141.302,-0.246166
8,581,429.741,223.991,223.991,486.384,-0.605818
8,583,461.443,225.223,225.223,524.882,-0.628749
8,600,63.8104,15.837,15.837,84.2898,-1.26393
8,624,4.64991,0.203725,0.203725,3.94318,0.932368
8,648,0.196274,0.00257189,0.00257189,0.18364,0.357887
9,0,0,0,0,0,0
9,1,78.3646,103.891,103.891,82.2745,-0.247219
9,2,122.767,196.282,196.282,125.678,-0.120508
9,5,138.67,237.294,237.294,133.845,0.187514
9,7,90.3228,188.792,188.792,103.856,-0.677895
9,24,4.21285,9.94081,9.94081,4.67033,-0.509565
9,48,0.0459106,0.127614,0.127614,0.0492847,-0.356149
9,72,0.000433325,0.00163501,0.00163501,0.000519296,-0.861227
9,96,7.03602e-6,2.05214e-5,2.05214e-5,5.50075e-6,1.45193
9,97,11.3228,16.5639,16.5639,10.9172,0.193272
9,98,37.7949,52.2053,52.2053,33.9306,0.592462
9,101,103.474,162.276,162.276,101.329,0.110114
9,103,87.8354,158.594,158.594,96.051,-0.444956
9,120,5.45618,10.5208,10.5208,5.27377,0.179939
9,144,0.0579812,0.134729,0.134729,0.0557438,0.208797
9,168,0.000545273,0.0017166,0.0017166,0.000587302,-0.372281
9,192,9.09486e-6,2.19155e-5,2.19155e-5,6.08857e-6,2.56859
9,193,13.8665,20.6303,20.6303,14.3871,-0.18826
9,194,42.7064,65.0479,65.0479,44.7424,-0.236732
9,197,135.814,205.379,205.379,136.644,-0.0316036
9,199,150.13,202.775,202.775,130.642,0.776005
9,216,7.09962,13.7729,13.7729,7.31236,-0.151346
9,240,0.0637507,0.177753,0.177753,0.0785546,-0.980357
9,264,0.00054418,0.00227919,0.00227919,0.0008402,-1.83282
9,288,9.75103e-6,2.90833e-5,2.90833e-5,8.93202e-6,0.477003
9,289,23.3399,35.7742,35.7742,26.2848,-0.582837
9,290,85.0555,112.424,112.424,81.4976,0.227105
9,293,289.821,354.912,354.912,246.945,0.903223
9,295,254.409,350.935,350.935,237.312,0.374788
9,312,11.8353,23.939,23.939,13.3723,-0.597903
9,336,0.117409,0.308906,0.308906,0.139727,-0.83092
9,360,0.00130651,0.00395938,0.00395938,0.00144957,-0.513407
9,384,1.73086e-5,5.05919e-5,5.05919e-5,1.51898e-5,0.72563
9,385,22.3223,27.1544,27.1544,21.3335,0.24112
9,386,61.4574,85.4845,85.4845,66.2559,-0.376761
9,389,247.919,273.276,273.276,205.674,1.0685
9,391,206.115,273.753,273.753,199.062,0.184306
9,408,14.0146,19.1846,19.1846,11.3373,1.22849
9,432,0.118754,0.247729,0.247729,0.120454,-0.0734562
9,456,0.00115084,0.00317531,0.00317531,0.00127756,-0.515977
9,480,1.18187e-5,4.05387e-5,4.05387e-5,1.36151e-5,-0.686383
9,481,24.7131,23.9,23.9,19.4762,1.39877
9,482,60.9884,75.2732,75.2732,60.5123,0.0409311
9,485,208.552,242.181,242.181,186.776,0.606488
9,487,210.758,243.399,243.399,181.728,0.831012
9,504,11.8891,17.1543,17.1543,10.4791,0.699996
9,528,0.103369,0.222236,0.222236,0.110466,-0.334219
9,552,0.000986721,0.00284521,0.00284521,0.0011662,-0.800605
9,576,1.54942e-5,3.60467e-5,3.60467e-5,1.24087e-5,1.29357
9,577,16.4583,22.0412,22.0412,18.443,-0.55981
9,578,50.3237,69.4332,69.4332,57.3122,-0.634335
9,581,200.311,223.991,223.991,177.092,0.682076
9,583,219.871,225.223,225.223,172.633,1.42347
9,600,10.228,15.837,15.837,9.98403,0.127111
9,624,0.0889343,0.203725,0.203725,0.104305,-0.766586
9,648,0.00103756,0.00257189,0.00257189,0.00107979,-0.20344
10,0,0,0,0,0,0
10,1,65.1756,103.891,103.891,67.5391,-0.182042
10,2,104.163,196.282,196.282,100.983,0.163796
10,5,106.814,237.294,237.294,112.485,-0.262241
10,7,89.2736,188.792,188.792,92.0319,-0.155917
10,24,5.50736,9.94081,9.94081,5.28277,0.221166
10,48,0.052237,0.127614,0.127614,0.0540608,-0.175494
10,72,0.000376934,0.00163501,0.00163501,0.000466538,-0.999131
10,96,4.35746e-6,2.05214e-5,2.05214e-5,3.34673e-6,1.57108
10,97,9.16477,16.5639,16.5639,8.02101,0.741794
10,98,30.5222,52.2053,52.2053,26.4398,0.803213
10,101,88.6149,162.276,162.276,93.1696,-0.254314
10,103,99.8539,158.594,158.594,101.247,-0.0715842
10,120,10.5437,10.5208,10.5208,10.5695,-0.0126784
10,144,0.124433,0.134729,0.134729,0.127159,-0.111549
10,168,0.000911754,0.0017166,0.0017166,0.00116389,-1.12695
10,192,1.04588e-5,2.19155e-5,2.19155e-5,9.60829e-6,0.460484
10,193,10.1908,20.6303,20.6303,10.3931,-0.101266
10,194,39.8083,65.0479,65.0479,34.272,0.840347
10,197,127.965,205.379,205.379,123.502,0.187978
10,199,164.243,202.775,202.775,136.357,1.06386
10,216,15.426,13.7729,13.7729,15.3529,0.0247817
10,240,0.150717,0.177753,0.177753,0.190251,-1.081
10,264,0.00172625,0.00227919,0.00227919,0.0017618,-0.104953
10,288,1.31475e-5,2.90833e-5,2.90833e-5,1.44552e-5,-0.470598
10,289,23.6854,42.2972,42.2972,23.2362,0.100576
10,290,82.1535,132.71,132.71,76.204,0.406147
10,293,280.798,416.219,416.219,270.935,0.189382
10,295,300.855,410.65,410.65,300.86,-8.86861e-5
10,312,28.0757,27.7447,27.7447,34.9389,-1.02187
10,336,0.400109,0.355508,0.355508,0.44179,-0.490798
10,360,0.00282878,0.00453006,0.00453006,0.0041042,-1.61662
10,384,2.44617e-5,5.76771e-5,5.76771e-5,3.37043e-5,-1.42655
10,385,19.884,31.0943,31.0943,19.5442,0.0904523
10,386,70.9266,97.7778,97.7778,64.1691,0.547822
10,389,262.679,311.35,311.35,231.262,0.706723
10,391,281.663,311.688,311.688,259.541,0.443402
10,408,32.0725,21.8602,21.8602,31.7728,0.0490599
10,432,0.32917,0.282311,0.282311,0.406505,-0.989672
10,456,0.00333714,0.00361654,0.00361654,0.00381274,-0.648924
10,480,5.96316e-5,4.61397e-5,4.61397e-5,3.16238e-5,4.60728
10,481,20.9442,27.282,27.282,18.3512,0.735049
10,482,64.3548,85.8321,85.8321,60.2654,0.353001
10,485,244.606,274.989,274.989,218.173,0.630267
10,487,278.336,276.626,276.626,245.271,0.701306
10,504,35.6824,19.593,19.593,30.2143,0.941467
10,528,0.353348,0.251438,0.251438,0.388258,-0.467754
10,552,0.00280857,0.00320319,0.00320319,0.00365055,-1.19984
10,576,2.15875e-5,4.07286e-5,4.07286e-5,3.04774e-5,-1.51739
10,577,18.6612,25.16,25.16,17.7274,0.274048
10,578,63.3961,79.173,79.173,58.2218,0.462331
10,581,262.99,254.037,254.037,210.829,1.28704
10,583,188.68,255.949,255.949,237.271,-1.06535
10,600,28.9172,18.0747,18.0747,29.4964,-0.102146
10,624,0.35559,0.2322,0.2322,0.378846,-0.319335
10,648,0.0029837,0.00295874,0.00295874,0.00353727,-0.814103
11,0,0,0,0,0,0
11,1,236.911,103.891,103.891,172.395,1.9468
11,2,469.254,196.282,196.282,385.598,1.12862
11,5,598.817,237.294,237.294,518.382,0.807198
11,7,463.366,188.792,188.792,408.419,0.699874
11,24,19.2986,9.94081,9.94081,16.8649,0.75068
11,48,0.143739,0.127614,0.127614,0.144365,-0.022549
11,72,0.00100944,0.00163501,0.00163501,0.00122955,-0.931294
11,96,9.11569e-6,2.05214e-5,2.05214e-5,1.04196e-5,-0.651003
11,97,38.9936,16.5639,16.5639,40.1146,-0.14537
11,98,140.335,52.2053,52.2053,126.073,0.58845
11,101,414.561,162.276,162.276,384.855,0.40153
11,103,377.964,158.594,158.594,369.335,0.121538
11,120,21.2021,10.5208,10.5208,19.5042,0.452885
11,144,0.155505,0.134729,0.134729,0.168396,-0.398218
11,168,0.00139728,0.0017166,0.0017166,0.00143603,-0.14037
11,192,1.71955e-5,2.19155e-5,2.19155e-5,1.21702e-5,2.14807
11,193,46.4899,20.6303,20.6303,46.596,-0.0118434
11,194,161.948,65.0479,65.0479,146.589,0.545066
11,197,464.576,205.379,205.379,455.25,0.106567
11,199,454.024,202.775,202.775,443.663,0.121498
11,216,26.1135,13.7729,13.7729,24.1524,0.422404
11,240,0.195218,0.177753,0.177753,0.209088,-0.3451
11,264,0.00200346,0.00227919,0.00227919,0.00178007,0.652845
11,288,1.48652e-5,2.90833e-5,2.90833e-5,1.47244e-5,0.0497416
11,289,105.899,42.2972,42.2972,91.8415,0.796228
11,290,280.373,132.71,132.71,287.446,-0.128021
11,293,634.749,416.219,416.219,886.824,-1.47868
11,295,873.573,410.65,410.65,861.637,0.0720667
11,312,45.6378,27.7447,27.7447,46.8866,-0.138557
11,336,0.378406,0.355508,0.355508,0.40543,-0.346747
11,360,0.00284933,0.00453006,0.00453006,0.00345926,-0.91723
11,384,2.98591e-5,5.76771e-5,5.76771e-5,2.93713e-5,0.0863921
11,385,68.9629,31.0943,31.0943,64.0124,0.40232
11,386,174.611,97.7778,97.7778,200.87,-0.680036
11,389,628.852,311.35,311.35,635.43,-0.0538511
11,391,512.735,311.688,311.688,628.582,-0.958751
11,408,40.3862,21.8602,21.8602,35.5803,0.70266
11,432,0.325006,0.282311,0.282311,0.309404,0.26232
11,456,0.0022456,0.00361654,0.00361654,0.00263328,-0.765869
11,480,2.23292e-5,4.61397e-5,4.61397e-5,2.22599e-5,0.0161985
11,481,51.8765,27.282,27.282,54.555,-0.255404
11,482,185.957,85.8321,85.8321,171.293,0.445327
11,485,476.726,274.989,274.989,541.608,-0.623187
11,487,488.597,276.626,276.626,539.142,-0.487705
11,504,34.4719,19.593,19.593,30.7592,0.627907
11,528,0.247221,0.251438,0.251438,0.265558,-0.35921
11,552,0.00219278,0.00320319,0.00320319,0.00226999,-0.176942
11,576,1.89091e-5,4.07286e-5,4.07286e-5,1.97289e-5,-0.216159
11,577,55.3392,25.16,25.16,49.2931,0.638072
11,578,142.298,79.173,79.173,154.812,-0.420495
11,581,486.735,254.037,254.037,491.57,-0.0511649
11,583,500.737,255.949,255.949,489.953,0.114503
11,600,32.7373,18.0747,18.0747,28.1687,0.843711
11,624,0.217982,0.2322,0.2322,0.242351,-0.523087
11,648,0.0020454,0.00295874,0.00295874,0.00205199,-0.0166967
12,0,0,0,0,0,0
12,1,82.0055,103.891,103.891,87.0603,-0.302039
12,2,185.512,196.282,196.282,153.564,1.08226
12,5,218.177,237.294,237.294,188.521,0.818352
12,7,149.872,188.792,188.792,158.543,-0.284493
12,24,14.7522,9.94081,9.94081,16.1856,-0.460696
12,48,0.586094,0.127614,0.127614,0.573114,0.117825
12,72,0.0222502,0.00163501,0.00163501,0.0202139,0.524069
12,96,0.000752177,2.05214e-5,2.05214e-5,0.000713189,0.28439
12,97,10.8871,16.5639,16.5639,10.3821,0.253031
12,98,32.0474,52.2053,52.2053,33.113,-0.167411
12,101,114.644,162.276,162.276,108.829,0.277961
12,103,110.314,158.594,158.594,112.057,-0.0809394
12,120,14.0221,10.5208,10.5208,13.8834,0.0519955
12,144,0.492165,0.134729,0.134729,0.490609,0.0164965
12,168,0.0164264,0.0017166,0.0017166,0.0173034,-0.263643
12,192,0.000606528,2.19155e-5,2.19155e-5,0.000610563,-0.0343782
12,193,13.5884,20.6303,20.6303,14.0613,-0.174978
12,194,50.5051,65.0479,65.0479,44.8315,0.658341
12,197,159.746,205.379,205.379,148.686,0.386955
12,199,149.753,202.775,202.775,153.755,-0.13539
12,216,22.3243,13.7729,13.7729,19.2761,0.822628
12,240,0.672708,0.177753,0.177753,0.68128,-0.0654537
12,264,0.0250925,0.00227919,0.00227919,0.024026,0.230905
12,288,0.000790142,2.90833e-5,2.90833e-5,0.000847781,-0.35368
12,289,30.0233,42.2972,42.2972,30.1464,-0.0212449
12,290,103.122,132.71,132.71,95.6696,0.405213
12,293,268.069,416.219,416.219,313.051,-0.747477
12,295,321.204,410.65,410.65,324.522,-0.0531925
12,312,41.1465,27.7447,27.7447,40.6495,0.0636086
12,336,1.52903,0.355508,0.355508,1.42271,0.388756
12,360,0.0544757,0.00453006,0.00453006,0.0493967,0.534876
12,384,0.00177422,5.76771e-5,5.76771e-5,0.00171479,0.180275
12,385,23.1089,31.0943,31.0943,23.337,-0.050834
12,386,75.6524,97.7778,97.7778,74.1718,0.103838
12,389,240.456,311.35,311.35,248.233,-0.162982
12,391,251.018,311.688,311.688,259.283,-0.165836
12,408,39.1374,21.8602,21.8602,33.0874,0.951209
12,432,1.19479,0.282311,0.282311,1.18112,0.0601735
12,456,0.0486574,0.00361654,0.00361654,0.0421127,0.808459
12,480,0.00142401,4.61397e-5,4.61397e-5,0.00149823,-0.257718
12,481,22.5667,27.282,27.282,20.9861,0.391802
12,482,55.9653,85.8321,85.8321,66.7227,-0.838715
12,485,216.514,274.989,274.989,223.669,-0.166421
12,487,228.164,276.626,276.626,234.264,-0.13546
12,504,29.2176,19.593,19.593,30.0692,-0.147327
12,528,1.23887,0.251438,0.251438,1.06402,0.854844
12,552,0.0411832,0.00320319,0.00320319,0.0375138,0.508846
12,576,0.00151727,4.07286e-5,4.07286e-5,0.00132325,0.762751
12,577,18.5859,25.16,25.16,19.6939,-0.29268
12,578,63.8605,79.173,79.173,62.6235,0.102759
12,581,221.124,254.037,254.037,210.378,0.265743
12,583,230.533,255.949,255.949,220.563,0.235166
12,600,33.9645,18.0747,18.0747,28.3715,1.02552
12,624,1.00279,0.2322,0.2322,1.0116,-0.0452738
12,648,0.0336859,0.00295874,0.00295874,0.0359987,-0.334214
13,0,0,0,0,0,0
13,1,79.9423,103.891,103.891,87.2573,-0.43611
13,2,163.007,196.282,196.282,170.313,-0.223149
13,5,207.211,237.294,237.294,221.21,-0.329212
13,7,177.311,188.792,188.792,185.597,-0.232236
13,24,19.4939,9.94081,9.94081,18.4872,0.283277
13,48,0.572436,0.127614,0.127614,0.635199,-0.514012
13,72,0.023786,0.00163501,0.00163501,0.0218508,0.460716
13,96,0.000759623,2.05214e-5,2.05214e-5,0.000751104,0.0590021
13,97,11.0198,16.5639,16.5639,12.1322,-0.476961
13,98,40.6577,52.2053,52.2053,38.4926,0.292594
13,101,144.007,162.276,162.276,124.057,0.836606
13,103,111.017,158.594,158.594,126.264,-0.628172
13,120,14.7493,10.5208,10.5208,15.0906,-0.117662
13,144,0.534899,0.134729,0.134729,0.521946,0.129101
13,168,0.0190541,0.0017166,0.0017166,0.0180307,0.295271
13,192,0.000541121,2.19155e-5,2.19155e-5,0.000623215,-0.685261
13,193,17.1963,20.6303,20.6303,16.0397,0.375118
13,194,44.9223,65.0479,65.0479,50.8741,-0.608598
13,197,148.256,205.379,205.379,165.458,-0.540825
13,199,186.107,202.775,202.775,169.297,0.51654
13,216,23.7749,13.7729,13.7729,20.3973,0.861408
13,240,0.619433,0.177753,0.177753,0.699432,-0.595007
13,264,0.0233418,0.00227919,0.00227919,0.023899,-0.121295
13,288,0.000819908,2.90833e-5,2.90833e-5,0.000816561,0.0213239
13,289,46.2419,61.3133,61.3133,48.5604,-0.24837
13,290,179.408,191.49,191.49,152.669,0.911117
13,293,534.708,587.368,587.368,483.851,0.546794
13,295,527.746,576.703,576.703,492.884,0.367956
13,312,53.6288,38.6062,38.6062,58.7349,-0.452248
13,336,1.70019,0.49825,0.49825,2.02051,-0.824723
13,360,0.0773692,0.00632295,0.00632295,0.0695247,0.586959
13,384,0.00269424,8.02343e-5,8.02343e-5,0.00239111,0.659478
13,385,38.1104,41.7793,41.7793,33.5251,0.711512
13,386,107.091,130.959,130.959,105.696,0.0686414
13,389,294.697,420.903,420.903,343.98,-0.745332
13,391,393.458,420.008,420.008,356.331,0.54202
13,408,41.7299,29.433,29.433,43.7132,-0.236019
13,432,1.5187,0.38033,0.38033,1.50366,0.052035
13,456,0.0590984,0.00487758,0.00487758,0.051559,0.760701
13,480,0.00220373,6.24214e-5,6.24214e-5,0.00177059,1.27262
13,481,27.1681,36.5171,36.5171,29.4606,-0.404794
13,482,107.081,114.53,114.53,92.9241,0.792532
13,485,326.711,368.127,368.127,303.882,0.3908
13,487,330.33,370.166,370.166,315.282,0.248294
13,504,41.2801,26.2677,26.2677,38.955,0.310505
13,528,1.25832,0.339312,0.339312,1.35527,-0.372107
13,552,0.0587483,0.00434663,0.00434663,0.0471049,1.28586
13,576,0.00150255,5.55003e-5,5.55003e-5,0.00163402,-0.418547
13,577,32.7461,33.7588,33.7588,27.3148,1.0344
13,578,94.3308,105.903,105.903,86.1717,0.492558
13,581,363.386,339.747,339.747,281.9,1.50371
13,583,333.669,342.593,342.593,293.393,0.71413
13,600,34.5762,24.4252,24.4252,36.2222,-0.236393
13,624,1.37651,0.318542,0.318542,1.24078,0.569051
13,648,0.0472464,0.0041175,0.0041175,0.0422468,0.615645
14,0,0,0,0,0,0
14,1,93.861,103.891,103.891,98.3532,-0.237605
14,2,183.989,196.282,196.282,185.689,-0.0476197
14,5,232.63,237.294,237.294,236.251,-0.0797182
14,7,217.68,188.792,188.792,199.082,0.485976
14,24,14.3098,9.94081,9.94081,14.9478,-0.222047
14,48,0.265489,0.127614,0.127614,0.233901,0.702546
14,72,0.00274891,0.00163501,0.00163501,0.00323581,-0.782775
14,96,4.72816e-5,2.05214e-5,2.05214e-5,4.30409e-5,0.512544
14,97,13.1598,16.5639,16.5639,12.7786,0.155209
14,98,45.1704,52.2053,52.2053,42.532,0.322702
14,101,170.14,162.276,162.276,155.847,0.477093
14,103,158.297,158.594,158.594,173.572,-0.457803
14,120,22.9865,10.5208,10.5208,23.2464,-0.0581687
14,144,0.472799,0.134729,0.134729,0.423248,0.609027
14,168,0.0063814,0.0017166,0.0017166,0.0060607,0.275268
14,192,7.15492e-5,2.19155e-5,2.19155e-5,8.07239e-5,-0.591249
14,193,16.7418,20.6303,20.6303,15.6046,0.379129
14,194,57.6193,65.0479,65.0479,51.9336,0.569533
14,197,171.847,205.379,205.379,191.635,-0.537169
14,199,188.133,202.775,202.775,217.059,-0.693247
14,216,30.0531,13.7729,13.7729,31.1997,-0.191179
14,240,0.656257,0.177753,0.177753,0.585185,0.63181
14,264,0.00748982,0.00227919,0.00227919,0.00857936,-0.660645
14,288,0.00012447,2.90833e-5,2.90833e-5,0.000116539,0.354041
14,289,52.3965,61.3133,61.3133,47.1953,0.573302
14,290,153.2,191.49,191.49,155.446,-0.0751432
14,293,485.357,587.368,587.368,558.653,-0.682522
14,295,602.6,576.703,576.703,629.624,-0.223276
14,312,89.9576,38.6062,38.6062,89.8906,0.00387723
14,336,1.8202,0.49825,0.49825,1.68166,0.42857
14,360,0.0241341,0.00632295,0.00632295,0.0246608,-0.111116
14,384,0.000351648,8.02343e-5,8.02343e-5,0.000334101,0.273214
14,385,31.2343,41.7793,41.7793,33.9544,-0.416747
14,386,114.83,130.959,130.959,112.071,0.128061
14,389,416.002,420.903,420.903,411.771,0.0534488
14,391,372.781,420.008,420.008,473.195,-1.10392
14,408,71.2804,29.433,29.433,73.9778,-0.189681
14,432,1.59694,0.38033,0.38033,1.41938,0.650803
14,456,0.0254374,0.00487758,0.00487758,0.0206163,1.21651
14,480,0.000271213,6.24214e-5,6.24214e-5,0.00027558,-0.0824281
14,481,34.9814,36.5171,36.5171,30.4256,0.778938
14,482,110.908,114.53,114.53,100.455,0.541296
14,485,387.3,368.127,368.127,370.04,0.242645
14,487,443.637,370.166,370.166,427.039,0.202195
14,504,71.837,26.2677,26.2677,68.1734,0.279562
14,528,1.20311,0.339312,0.339312,1.31665,-0.448615
14,552,0.0211809,0.00434663,0.00434663,0.0191438,0.553588
14,576,0.000237641,5.55003e-5,5.55003e-5,0.000255858,-0.370392
14,577,30.8395,33.7588,33.7588,28.6097,0.405439
14,578,97.1916,105.903,105.903,94.4711,0.149811
14,581,405.228,339.747,339.747,348.714,0.843077
14,583,377.927,342.593,342.593,403.197,-0.326034
14,600,84.1924,24.4252,24.4252,65.0656,1.52923
14,624,1.52761,0.318542,0.318542,1.27323,1.03933
14,648,0.0200828,0.0041175,0.0041175,0.0190404,0.284799
15,0,0,0,0,0,0
15,1,54.4872,103.891,103.891,57.5809,-0.279502
15,2,81.5832,196.282,196.282,84.5635,-0.183341
15,5,95.0384,237.294,237.294,96.226,-0.0641994
15,7,76.755,188.792,188.792,80.4984,-0.241918
15,24,7.03189,9.94081,9.94081,6.79387,0.182253
15,48,0.168497,0.127614,0.127614,0.163111,0.171773
15,72,0.00463114,0.00163501,0.00163501,0.00392763,0.931798
15,96,7.36869e-5,2.05214e-5,2.05214e-5,9.7218e-5,-1.25914
15,97,6.02427,16.5639,16.5639,6.40252,-0.30733
15,98,21.5509,52.2053,52.2053,20.6685,0.222097
15,101,77.4266,162.276,162.276,70.2628,0.530401
15,103,82.4563,158.594,158.594,73.5433,0.63047
15,120,8.77915,10.5208,10.5208,8.19257,0.372469
15,144,0.194969,0.134729,0.134729,0.202281,-0.188065
15,168,0.00535967,0.0017166,0.0017166,0.00493252,0.450501
15,192,0.000140272,2.19155e-5,2.19155e-5,0.000120289,0.864182
15,193,9.07825,20.6303,20.6303,9.0457,0.0187219
15,194,33.3164,65.0479,65.0479,29.1972,0.733926
15,197,103.158,205.379,205.379,99.5062,0.190892
15,199,114.981,202.775,202.775,105.371,0.474448
15,216,11.4339,13.7729,13.7729,11.9812,-0.237627
15,240,0.221346,0.177753,0.177753,0.293843,-1.28347
15,264,0.00593411,0.00227919,0.00227919,0.00713554,-0.875894
15,288,0.000214031,2.90833e-5,2.90833e-5,0.000173144,1.22846
15,289,28.7222,61.3133,61.3133,30.0908,-0.236609
15,290,90.0043,191.49,191.49,96.29,-0.339584
15,293,409.694,587.368,587.368,322.144,1.41379
15,295,350.437,576.703,576.703,341.359,0.138346
15,312,42.3073,38.6062,38.6062,39.1131,0.424846
15,336,1.09652,0.49825,0.49825,0.97673,0.637998
15,360,0.0229048,0.00632295,0.00632295,0.0241324,-0.264624
15,384,0.000665975,8.02343e-5,8.02343e-5,0.000594014,0.630202
15,385,24.1403,41.7793,41.7793,24.8827,-0.155225
15,386,95.6189,130.959,130.959,79.7673,1.03379
15,389,326.548,420.903,420.903,272.916,1.0223
15,391,300.87,420.008,420.008,292.377,0.151112
15,408,33.1812,29.433,29.433,34.1264,-0.144087
15,432,1.09776,0.38033,0.38033,0.840995,1.58826
15,456,0.020904,0.00487758,0.00487758,0.0204574,0.113573
15,480,0.000525684,6.24214e-5,6.24214e-5,0.000499375,0.274071
15,481,26.438,36.5171,36.5171,23.5533,0.637128
15,482,78.4353,114.53,114.53,75.5236,0.200558
15,485,208.865,368.127,368.127,258.917,-1.00565
15,487,270.782,370.166,370.166,277.931,-0.133812
15,504,27.8666,26.2677,26.2677,32.7866,-0.780629
15,528,0.85028,0.339312,0.339312,0.815535,0.22163
15,552,0.0148049,0.00434663,0.00434663,0.0198753,-1.32711
16,0,0,0,0,0,0
16,1,165.143,319.345,319.345,268.07,-1.99738
16,2,240.228,482.314,482.314,658.419,-3.3041
16,5,247.099,525.751,525.751,845.586,-3.68195
16,7,234.788,416.619,416.619,572.122,-3.06727
16,24,35.582,22.0904,22.0904,35.2251,0.05271
16,48,1.6201,0.284145,0.284145,1.52123,0.338097
16,72,0.082728,0.00364458,0.00364458,0.0681033,1.11712
16,96,0.0034072,4.65041e-5,4.65041e-5,0.00305866,0.592782
16,97,10.0541,17.0586,17.0586,58.8579,-4.3135
16,98,35.2589,53.8515,53.8515,176.883,-4.16516
16,101,127.847,171.813,171.813,487.406,-3.8376
16,103,137.456,171.097,171.097,439.64,-3.57565
16,120,55.398,11.7794,11.7794,41.881,1.67898
16,144,2.65063,0.150991,0.150991,1.83121,2.32781
16,168,0.0954506,0.00192113,0.00192113,0.0822175,0.837295
16,192,0.00568638,2.43595e-5,2.43595e-5,0.00368989,2.81473
16,193,18.3902,32.8201,32.8201,86.8225,-4.10025
16,194,74.3821,103.211,103.211,259.797,-3.71271
16,197,281.712,326.621,326.621,714.246,-3.15031
16,199,361.222,324.625,324.625,650.425,-2.31306
16,216,92.8893,22.3834,22.3834,64.5896,2.2793
16,240,5.33295,0.28904,0.28904,2.83352,4.58876
16,264,0.22202,0.003706,0.003706,0.127093,3.88554
16,288,0.00863283,4.73601e-5,4.73601e-5,0.00570381,2.6714
16,289,53.4438,71.7129,71.7129,156.403,-3.42453
16,290,169.193,223.142,223.142,460.756,-3.29187
16,293,649.822,692.345,692.345,1222.29,-2.43646
16,295,759.92,690.736,690.736,1118.77,-1.66859
16,312,257.284,47.9443,47.9443,116.169,6.31922
16,336,14.9221,0.61464,0.61464,5.13053,9.92819
16,360,0.725467,0.00782299,0.00782299,0.229958,11.2095
16,384,0.0310818,9.93663e-5,9.93663e-5,0.010327,10.455
16,385,48.0107,56.6584,56.6584,102.219,-2.75878
16,386,153.218,176.603,176.603,302.272,-2.56524
16,389,700.954,556.461,556.461,832.974,-0.8245
16,391,688.628,561.697,561.697,791.028,-0.673425
16,408,212.575,39.8145,39.8145,93.6009,6.6123
16,432,13.0764,0.511159,0.511159,4.18365,11.0577
16,456,0.567259,0.00651298,0.00651298,0.187698,10.5197
16,480,0.0271409,8.29751e-5,8.29751e-5,0.00842313,11.5601
16,481,42.3429,51.2467,51.2467,83.371,-2.56004
16,482,126.187,159.803,159.803,246.757,-2.54185
16,485,551.641,506.156,506.156,686.749,-1.02345
16,487,732.894,512.158,512.158,658.771,0.585328
16,504,244.06,36.5199,36.5199,81.4174,10.392
16,528,12.386,0.468574,0.468574,3.65661,12.4189
16,552,0.640118,0.0059689,0.0059689,0.16418,15.0803
16,576,0.023821,7.58165e-5,7.58165e-5,0.00736323,11.6275
16,577,38.6077,48.2378,48.2378,72.9385,-2.44854
16,578,163.309,150.447,150.447,215.966,-1.26838
16,581,522.043,477.312,477.312,603.825,-0.704577
16,583,642.776,483.747,483.747,581.851,0.544706
16,600,250.752,34.6289,34.6289,73.5587,12.5312
16,624,11.6157,0.444848,0.444848,3.31039,13.0515
16,648,0.627296,0.00566802,0.00566802,0.148754,16.7353
17,0,0,0,0,0,0
17,1,335.819,319.345,319.345,361.336,-0.367359
17,2,631.731,482.314,482.314,604.055,0.238342
17,5,504.877,525.751,525.751,662.042,-1.23496
17,7,470.042,416.619,416.619,510.431,-0.41163
17,24,24.3267,22.0904,22.0904,27.7353,-0.63933
17,48,0.366268,0.284145,0.284145,0.426968,-0.739562
17,72,0.00618005,0.00364458,0.00364458,0.00655105,-0.294609
17,96,8.77613e-5,4.65041e-5,4.65041e-5,0.000100472,-0.658136
17,97,23.8704,17.0586,17.0586,22.9097,0.218156
17,98,69.0162,53.8515,53.8515,69.2314,-0.0161683
17,101,227.393,171.813,171.813,198.974,0.743
17,103,180.949,171.097,171.097,181.724,-0.0221721
17,120,11.808,11.7794,11.7794,11.0356,0.364125
17,144,0.178423,0.150991,0.150991,0.16896,0.291339
17,168,0.00270328,0.00192113,0.00192113,0.0025854,0.237185
17,192,3.80079e-5,2.43595e-5,2.43595e-5,3.95479e-5,-0.202567
17,193,41.7915,32.8201,32.8201,43.8874,-0.248433
17,194,121.303,103.211,103.211,132.154,-0.427167
17,197,321.481,326.621,326.621,376.366,-0.758623
17,199,337.234,324.625,324.625,343.021,-0.087759
17,216,20.8243,22.3834,22.3834,20.8593,-0.00873232
17,240,0.31213,0.28904,0.28904,0.317146,-0.082279
17,264,0.00514951,0.003706,0.003706,0.00482325,0.351893
17,288,6.67651e-5,4.73601e-5,4.73601e-5,7.31466e-5,-0.453852
17,289,102.453,71.7129,71.7129,93.2911,0.510889
17,290,290.239,223.142,223.142,278.336,0.222472
17,293,825.746,692.345,692.345,780.959,0.298338
17,295,657.056,690.736,690.736,711.999,-0.401435
17,312,43.3653,47.9443,47.9443,42.9678,0.0481303
17,336,0.685056,0.61464,0.61464,0.654538,0.242551
17,360,0.00970922,0.00782299,0.00782299,0.0100045,-0.153526
17,384,0.000177412,9.93663e-5,9.93663e-5,0.000152199,0.861755
17,385,62.7996,56.6584,56.6584,69.4281,-0.496665
17,386,238.714,176.603,176.603,207.63,0.778802
17,389,630.137,556.461,556.461,589.858,0.355234
17,391,661.095,561.697,561.697,544.33,1.11591
17,408,38.4041,39.8145,39.8145,33.2293,0.810115
17,432,0.545841,0.511159,0.511159,0.502652,0.446977
17,456,0.00800827,0.00651298,0.00651298,0.00760246,0.277683
17,480,0.000118905,8.29751e-5,8.29751e-5,0.000114889,0.181869
17,481,71.7543,51.2467,51.2467,60.7062,0.946746
17,482,194.501,159.803,159.803,181.653,0.367942
17,485,636.592,506.156,506.156,519.131,1.17705
17,487,524.627,512.158,512.158,480.477,0.478019
17,504,43.3572,36.5199,36.5199,29.6357,2.40861
17,528,0.519163,0.468574,0.468574,0.457729,0.698197
17,552,0.00774265,0.0059689,0.0059689,0.00704989,0.511187
18,0,0,0,0,0,0
18,1,137.388,319.345,319.345,187.5,-1.39033
18,2,166.227,482.314,482.314,256.802,-1.83481
18,5,213.017,525.751,525.751,286.946,-1.34028
18,7,221.146,416.619,416.619,239.279,-0.394226
18,24,11.4696,22.0904,22.0904,15.9026,-1.45014
18,48,0.170374,0.284145,0.284145,0.217194,-1.12142
18,72,0.0019612,0.00364458,0.00364458,0.00280698,-1.56747
18,96,3.33475e-5,4.65041e-5,4.65041e-5,3.58704e-5,-0.365881
18,97,10.6397,17.0586,17.0586,10.1246,0.264628
18,98,33.1442,53.8515,53.8515,33.1004,0.00688377
18,101,97.7064,171.813,171.813,116.891,-0.853798
18,103,135.28,171.097,171.097,126.824,0.34687
18,120,12.6115,11.7794,11.7794,13.246,-0.249183
18,144,0.190297,0.150991,0.150991,0.188581,0.0473584
18,168,0.00229634,0.00192113,0.00192113,0.00241522,-0.25606
18,192,2.87e-5,2.43595e-5,2.43595e-5,3.04979e-5,-0.306671
18,193,21.2357,32.8201,32.8201,20.0484,0.308068
18,194,79.2574,103.211,103.211,65.284,1.11346
18,197,213.589,326.621,326.621,227.964,-0.328027
18,199,275.378,324.625,324.625,248.055,0.573019
18,216,28.6314,22.3834,22.3834,26.2146,0.479596
18,240,0.351329,0.28904,0.28904,0.373731,-0.311825
18,264,0.00421193,0.003706,0.003706,0.00479106,-0.628826
18,288,6.12755e-5,4.73601e-5,4.73601e-5,6.07618e-5,0.0439738
18,289,50.0068,71.7129,71.7129,46.8987,0.344749
18,290,130.08,223.142,223.142,150.946,-0.719139
18,293,538.824,692.345,692.345,518.856,0.200198
18,295,492.453,690.736,690.736,567.301,-0.686354
18,312,76.3723,47.9443,47.9443,61.4078,1.26771
18,336,1.09435,0.61464,0.61464,0.882634,1.24781
18,360,0.0127344,0.00782299,0.00782299,0.0112942,0.663332
18,384,0.000144198,9.93663e-5,9.93663e-5,0.000142939,0.0457914
18,385,42.0246,56.6584,56.6584,41.1357,0.112409
18,386,166.648,176.603,176.603,132.522,1.33965
18,389,582.248,556.461,556.461,460.808,1.37096
18,391,552.46,561.697,561.697,507.294,0.463164
18,408,69.1386,39.8145,39.8145,56.2026,1.19735
18,432,0.714295,0.511159,0.511159,0.800696,-0.561348
18,456,0.0109673,0.00651298,0.00651298,0.0102169,0.382104
18,480,0.000174903,8.29751e-5,8.29751e-5,0.000128476,1.87987
18,481,49.6368,51.2467,51.2467,39.2174,1.38212
18,482,160.003,159.803,159.803,126.365,1.38481
18,485,556.32,506.156,506.156,439.672,1.38016
18,487,542.889,512.158,512.158,485.048,0.620339
18,504,61.7304,36.5199,36.5199,54.1122,0.73238
18,528,0.999539,0.468574,0.468574,0.770511,1.54629
18,552,0.0109199,0.0059689,0.0059689,0.00974652,0.626303
18,576,0.000166425,7.58165e-5,7.58165e-5,0.000121971,1.89597
18,577,49.9389,48.2378,48.2378,38.2154,1.59588
18,578,150.218,150.447,150.447,123.144,1.14369
18,581,544.085,477.312,477.312,428.452,1.40398
18,583,538.506,483.747,483.747,472.508,0.726607
18,600,65.9322,34.6289,34.6289,53.2066,1.24422
18,624,0.81358,0.444848,0.444848,0.760524,0.362911
18,648,0.0136877,0.00566802,0.00566802,0.00967045,2.16102
19,0,0,0,0,0,0
19,1,110.341,103.891,103.891,112.757,-0.111459
19,2,209.583,196.282,196.282,207.7,0.0471697
19,5,279.029,237.294,237.294,262.065,0.336751
19,7,235.718,188.792,188.792,221.795,0.326559
19,24,21.904,9.94081,9.94081,21.5173,0.0935056
19,48,0.755539,0.127614,0.127614,0.665549,0.703384
19,72,0.0175336,0.00163501,0.00163501,0.0204634,-0.744803
19,96,0.000722924,2.05214e-5,2.05214e-5,0.000629261,0.774315
19,97,11.4654,16.5639,16.5639,13.9126,-0.915032
19,98,47.9254,52.2053,52.2053,45.0359,0.333768
19,101,150.799,162.276,162.276,153.444,-0.0896466
19,103,181.762,158.594,158.594,162.337,0.622491
19,120,20.431,10.5208,10.5208,20.5693,-0.034993
19,144,0.617874,0.134729,0.134729,0.640285,-0.182084
19,168,0.018945,0.0017166,0.0017166,0.0197567,-0.213714
19,192,0.000630405,2.19155e-5,2.19155e-5,0.000609966,0.174319
19,193,18.7344,20.6303,20.6303,18.3633,0.10511
19,194,69.148,65.0479,65.0479,59.4217,0.851492
19,197,237.747,205.379,205.379,203.067,0.888433
19,199,202.203,202.775,202.775,216.693,-0.347855
19,216,25.5894,13.7729,13.7729,27.9514,-0.4396
19,240,0.759475,0.177753,0.177753,0.87015,-0.661659
19,264,0.0260594,0.00227919,0.00227919,0.0270882,-0.197579
19,288,0.000714537,2.90833e-5,2.90833e-5,0.000834788,-0.749362
19,289,73.1519,61.3133,61.3133,56.4651,1.53736
19,290,226.453,191.49,191.49,181.047,1.30469
19,293,622.992,587.368,587.368,604.634,0.157949
19,295,628.168,576.703,576.703,642.468,-0.115793
19,312,94.2195,38.6062,38.6062,82.2559,0.756613
19,336,2.53045,0.49825,0.49825,2.55208,-0.0440922
19,360,0.0855679,0.00632295,0.00632295,0.0785464,0.465032
19,384,0.00294097,8.02343e-5,8.02343e-5,0.00241473,1.13368
19,385,44.6454,41.7793,41.7793,40.571,0.522429
19,386,129.478,130.959,130.959,130.395,-0.0365911
19,389,507.16,420.903,420.903,446.456,0.707326
19,391,484.913,420.008,420.008,481.438,0.0375488
19,408,63.2738,29.433,29.433,64.2137,-0.0761474
19,432,2.05205,0.38033,0.38033,2.00345,0.126192
19,456,0.0661168,0.00487758,0.00487758,0.0618009,0.363289
19,480,0.00166366,6.24214e-5,6.24214e-5,0.0019073,-0.664529
19,481,31.7384,36.5171,36.5171,36.2986,-0.653549
19,482,118.524,114.53,114.53,116.707,0.0810195
19,485,362.266,368.127,368.127,402.138,-0.515794
19,487,569.017,370.166,370.166,435.259,1.59865
19,504,70.3743,26.2677,26.2677,58.4972,1.05622
19,528,1.70786,0.339312,0.339312,1.83713,-0.366056
19,552,0.0583033,0.00434663,0.00434663,0.0571704,0.103084
19,576,0.0019092,5.55003e-5,5.55003e-5,0.00177691,0.387299
19,577,32.7812,33.7588,33.7588,34.0685,-0.196575
19,578,105.17,105.903,105.903,109.553,-0.208094
19,581,365.745,339.747,339.747,377.805,-0.166049
19,583,426.153,342.593,342.593,409.486,0.21175
19,600,51.3926,24.4252,24.4252,55.2543,-0.36358
19,624,2.1247,0.318542,0.318542,1.7251,1.20502
19,648,0.0529202,0.0041175,0.0041175,0.0532191,-0.0292207
20,0,0,0,0,0,0
20,1,70.146,103.891,103.891,68.0666,0.158921
20,2,101.705,196.282,196.282,97.8283,0.20617
20,5,103.852,237.294,237.294,109.097,-0.25011
20,7,93.4573,188.792,188.792,89.8198,0.21067
20,24,7.10865,9.94081,9.94081,7.31032,-0.143517
20,48,0.193227,0.127614,0.127614,0.181995,0.321065
20,72,0.00440692,0.00163501,0.00163501,0.00452624,-0.137137
20,96,0.000149129,2.05214e-5,2.05214e-5,0.000112692,1.68202
20,97,7.48742,16.5639,16.5639,7.81198,-0.216131
20,98,20.639,52.2053,52.2053,24.7582,-0.865525
20,101,82.3309,162.276,162.276,79.427,0.190195
20,103,81.1265,158.594,158.594,80.2248,0.0584697
20,120,9.28326,10.5208,10.5208,7.97686,0.851969
20,144,0.216478,0.134729,0.134729,0.200479,0.41515
20,168,0.00567323,0.0017166,0.0017166,0.00505359,0.637844
20,192,0.000139413,2.19155e-5,2.19155e-5,0.000127595,0.48184
20,193,11.2056,20.6303,20.6303,11.2007,0.00227485
20,194,33.7106,65.0479,65.0479,35.4967,-0.261761
20,197,128.093,205.379,205.379,115.19,0.582737
20,199,113.272,202.775,202.775,117.231,-0.175683
20,216,12.6589,13.7729,13.7729,11.8176,0.370306
20,240,0.25931,0.177753,0.177753,0.297291,-0.664614
20,264,0.00881258,0.00227919,0.00227919,0.0074608,0.942549
20,288,0.000194272,2.90833e-5,2.90833e-5,0.000187333,0.192693
20,289,37.0057,61.3133,61.3133,37.3913,-0.0536469
20,290,111.051,191.49,191.49,117.538,-0.28713
20,293,358.075,587.368,587.368,375.842,-0.245925
20,295,425.831,576.703,576.703,382.455,0.590002
20,312,39.854,38.6062,38.6062,38.7579,0.147124
20,336,0.863129,0.49825,0.49825,0.974882,-0.59633
20,360,0.0190109,0.00632295,0.00632295,0.0244592,-1.15877
20,384,0.000606214,8.02343e-5,8.02343e-5,0.000613999,-0.0659551
20,385,31.5364,41.7793,41.7793,30.967,0.0956416
20,386,98.8202,130.959,130.959,97.5392,0.0683233
20,389,331.189,420.903,420.903,316.231,0.246079
20,391,329.956,420.008,420.008,325.9,0.064739
20,408,30.276,29.433,29.433,33.5561,-0.508503
20,432,0.881787,0.38033,0.38033,0.838382,0.269327
20,456,0.0199692,0.00487758,0.00487758,0.0208458,-0.218763
20,480,0.000485112,6.24214e-5,6.24214e-5,0.000519444,-0.343833
20,481,33.0851,36.5171,36.5171,29.3306,0.665905
20,482,103.815,114.53,114.53,92.4097,0.64205
20,485,321.067,368.127,368.127,300.397,0.357946
20,487,339.123,370.166,370.166,310.142,0.486113
20,504,33.8483,26.2677,26.2677,32.0481,0.292211
20,528,0.992744,0.339312,0.339312,0.800694,1.24776
20,552,0.0225582,0.00434663,0.00434663,0.0199035,0.693852
20,576,0.000499162,5.55003e-5,5.55003e-5,0.000495902,0.0341934
20,577,30.671,33.7588,33.7588,28.5252,0.391334
20,578,96.0359,105.903,105.903,89.8805,0.356266
20,581,279.169,339.747,339.747,292.42,-0.235732
20,583,342.471,342.593,342.593,302.127,0.694664
20,600,30.0658,24.4252,24.4252,31.2669,-0.199844
20,624,0.890604,0.318542,0.318542,0.781263,0.728061
20,648,0.0194373,0.0041175,0.0041175,0.0194239,0.00359744
21,0,0,0,0,0,0
21,1,137.516,103.891,103.891,153.401,-0.538703
21,2,403.776,196.282,196.282,330.738,1.1488
21,5,396.436,237.294,237.294,423.025,-0.32698
21,7,377.13,188.792,188.792,324.327,0.846935
21,24,14.4488,9.94081,9.94081,14.1114,0.124377
21,48,0.17318,0.127614,0.127614,0.152468,0.706682
21,72,0.00192834,0.00163501,0.00163501,0.00165293,0.86677
21,96,2.24919e-5,2.05214e-5,2.05214e-5,1.80052e-5,1.29632
21,97,46.1675,16.5639,16.5639,37.3749,1.22383
21,98,110.926,52.2053,52.2053,112.926,-0.092158
21,101,329.583,162.276,162.276,314.615,0.247506
21,103,312.651,158.594,158.594,280.611,0.59396
21,120,14.2599,10.5208,10.5208,13.678,0.221335
21,144,0.148632,0.134729,0.134729,0.149079,-0.0156026
21,168,0.00143502,0.0017166,0.0017166,0.00162587,-0.610637
21,192,1.6438e-5,2.19155e-5,2.19155e-5,1.75848e-5,-0.339273
21,193,44.3786,20.6303,20.6303,44.46,-0.00951665
21,194,121.862,65.0479,65.0479,134.494,-0.488629
21,197,316.789,205.379,205.379,378.184,-0.844515
21,199,297.008,202.775,202.775,341.161,-0.673263
21,216,19.4717,13.7729,13.7729,16.8394,0.813171
21,240,0.231414,0.177753,0.177753,0.182486,1.39478
21,264,0.00225999,0.00227919,0.00227919,0.00197665,0.745695
21,288,2.15983e-5,2.90833e-5,2.90833e-5,2.14004e-5,0.0481097
21,289,115.079,61.3133,61.3133,127.53,-0.507917
21,290,377.313,191.49,191.49,382.162,-0.0660085
21,293,1117.42,587.368,587.368,1040.71,0.383428
21,295,915.242,576.703,576.703,931.602,-0.0913504
21,312,43.5158,38.6062,38.6062,45.7283,-0.251692
21,336,0.591284,0.49825,0.49825,0.498384,0.969689
21,360,0.00390214,0.00632295,0.00632295,0.00543595,-1.46783
21,384,6.14884e-5,8.02343e-5,8.02343e-5,5.90879e-5,0.211345
21,385,84.3952,41.7793,41.7793,80.3308,0.263203
21,386,237.616,130.959,130.959,241.966,-0.0935256
21,389,636.714,420.903,420.903,694.94,-0.435865
21,391,683.813,420.008,420.008,635.098,0.399024
21,408,26.352,29.433,29.433,31.7256,-0.881123
21,432,0.371589,0.38033,0.38033,0.344207,0.413832
21,456,0.00399152,0.00487758,0.00487758,0.00374144,0.347714
21,480,4.01056e-5,6.24214e-5,6.24214e-5,4.13185e-5,-0.152696
21,481,69.2452,36.5171,36.5171,67.7482,0.114951
21,482,207.88,114.53,114.53,204.235,0.0928427
21,485,539.756,368.127,368.127,585.419,-0.405763
21,487,551.056,370.166,370.166,538.574,0.12057
21,504,29.7581,26.2677,26.2677,27.2951,0.469434
21,528,0.308091,0.339312,0.339312,0.297464,0.185835
21,552,0.0033952,0.00434663,0.00434663,0.0032424,0.245164
21,576,3.71088e-5,5.55003e-5,5.55003e-5,3.52227e-5,0.278563
21,577,58.9674,33.7588,33.7588,61.0662,-0.178799
21,578,163.842,105.903,105.903,184.157,-0.573868
21,581,568.595,339.747,339.747,531.612,0.361902
21,583,558.765,342.593,342.593,489.365,0.737743
21,600,23.897,24.4252,24.4252,24.7476,-0.178785
21,624,0.239837,0.318542,0.318542,0.271036,-0.598818
21,648,0.00300341,0.0041175,0.0041175,0.00295219,0.090255
22,0,0,0,0,0,0
22,1,151.068,319.345,319.345,146.452,0.163954
22,2,169.815,482.314,482.314,194.127,-0.651506
22,5,177.348,525.751,525.751,213.712,-0.885164
22,7,162.533,416.619,416.619,176.642,-0.415537
22,24,16.786,22.0904,22.0904,14.4798,0.828546
22,48,0.399637,0.284145,0.284145,0.365662,0.483357
22,72,0.0105196,0.00364458,0.00364458,0.00923738,0.722091
22,96,0.000227133,4.65041e-5,4.65041e-5,0.000233067,-0.132453
22,97,11.1494,17.0586,17.0586,8.74955,1.42683
22,98,28.0599,53.8515,53.8515,27.5131,0.103406
22,101,92.0775,171.813,171.813,87.5802,0.267133
22,103,81.8062,171.097,171.097,88.0452,-0.368629
22,120,9.23107,11.7794,11.7794,8.56607,0.403851
22,144,0.218466,0.150991,0.150991,0.216629,0.0441284
22,168,0.00638822,0.00192113,0.00192113,0.00547746,0.864978
22,192,0.000147675,2.43595e-5,2.43595e-5,0.000138503,0.344507
22,193,22.1464,32.8201,32.8201,18.0591,1.17739
22,194,62.6937,103.211,103.211,56.6004,0.560038
22,197,177.775,326.621,326.621,179.73,-0.0565795
22,199,184.457,324.625,324.625,180.771,0.106076
22,216,17.6408,22.3834,22.3834,17.6461,-0.00157284
22,240,0.482364,0.28904,0.28904,0.448569,0.391935
22,264,0.0102912,0.003706,0.003706,0.0113888,-0.501359
23,0,0,0,0,0,0
23,1,218.603,319.345,319.345,211.518,0.174258
23,2,356.176,482.314,482.314,297.294,1.03034
23,5,350.664,525.751,525.751,340.554,0.154448
23,7,326.32,416.619,416.619,290.113,0.649235
23,24,22.144,22.0904,22.0904,23.342,-0.267007
23,48,0.356667,0.284145,0.284145,0.384151,-0.372184
23,72,0.00468887,0.00364458,0.00364458,0.00518928,-0.501648
23,96,5.57558e-5,4.65041e-5,4.65041e-5,6.63575e-5,-0.831126
23,97,8.6174,17.0586,17.0586,10.5616,-0.95762
23,98,33.4527,53.8515,53.8515,35.1098,-0.245524
23,101,149.5,171.813,171.813,129.871,0.786232
23,103,170.262,171.097,171.097,147.43,0.805656
23,120,22.6134,11.7794,11.7794,21.2134,0.343314
23,144,0.315397,0.150991,0.150991,0.388272,-0.976388
23,168,0.00681882,0.00192113,0.00192113,0.00559182,1.1415
23,192,8.06e-5,2.43595e-5,2.43595e-5,7.53728e-5,0.360774
23,193,21.2167,32.8201,32.8201,20.6687,0.13793
23,194,62.591,103.211,103.211,68.4197,-0.443174
23,197,252.961,326.621,326.621,251.146,0.0376095
23,199,341.24,324.625,324.625,285.574,1.01404
23,216,41.8959,22.3834,22.3834,41.5776,0.0398296
23,240,0.702591,0.28904,0.28904,0.76091,-0.398713
23,264,0.0113832,0.003706,0.003706,0.0108749,0.243151
23,288,0.000134606,4.73601e-5,4.73601e-5,0.000144922,-0.370288
23,289,47.8368,71.7129,71.7129,47.8866,-0.00540772
23,290,177.743,223.142,223.142,156.562,0.703795
23,293,454.27,692.345,692.345,565.554,-1.02362
23,295,661.705,690.736,690.736,644.67,0.137463
23,312,122.087,47.9443,47.9443,97.0491,1.34211
23,336,2.12787,0.61464,0.61464,1.80226,0.939853
23,360,0.0247699,0.00782299,0.00782299,0.0260874,-0.262728
23,384,0.00041789,9.93663e-5,9.93663e-5,0.000353099,0.954554
23,385,43.6536,56.6584,56.6584,41.6826,0.245982
23,386,145.902,176.603,176.603,136.389,0.362849
23,389,513.274,556.461,556.461,494.423,0.198347
23,391,704.564,561.697,561.697,569.494,1.23381
23,408,97.3659,39.8145,39.8145,88.9279,0.49361
23,432,1.79669,0.511159,0.511159,1.65844,0.433662
23,456,0.0229784,0.00651298,0.00651298,0.0238857,-0.197606
23,480,0.0003097,8.29751e-5,8.29751e-5,0.000319437,-0.158567
23,481,41.7858,51.2467,51.2467,39.6209,0.284247
23,482,155.766,159.803,159.803,129.664,1.04724
23,485,483.6,506.156,506.156,471.321,0.135519
23,487,670.368,512.158,512.158,543.658,1.21245
23,504,87.3743,36.5199,36.5199,85.8063,0.0950594
23,528,1.43963,0.468574,0.468574,1.61408,-0.562247
23,552,0.0217678,0.0059689,0.0059689,0.0233843,-0.359605
23,576,0.00036881,7.58165e-5,7.58165e-5,0.000315604,0.876999
23,577,41.058,48.2378,48.2378,38.5405,0.339813
23,578,121.64,150.447,150.447,126.136,-0.185416
23,581,449.27,477.312,477.312,459.323,-0.113854
23,583,589.182,483.747,483.747,529.961,0.581311
23,600,89.3856,34.6289,34.6289,83.9851,0.334515
23,624,1.54923,0.444848,0.444848,1.57215,-0.0758275
23,648,0.0209564,0.00566802,0.00566802,0.0226424,-0.387361
24,0,0,0,0,0,0
24,1,952.433,319.345,319.345,816.709,0.864509
24,2,1886.09,482.314,482.314,1917.61,-0.0855172
24,5,2851.02,525.751,525.751,2860.58,-0.0173884
24,7,2362.16,416.619,416.619,2442.19,-0.170481
24,24,244.972,22.0904,22.0904,232.188,0.286426
24,48,7.29187,0.284145,0.284145,7.09945,0.140996
24,72,0.199758,0.00364458,0.00364458,0.216609,-0.4047
25,0,0,0,0,0,0
25,1,85.5526,103.891,103.891,93.1452,-0.424044
25,2,155.234,196.282,196.282,149.68,0.193053
25,5,177.769,237.294,237.294,157.44,0.671728
25,7,114.937,188.792,188.792,118.512,-0.156941
25,24,5.03532,9.94081,9.94081,5.47868,-0.420978
25,48,0.0546228,0.127614,0.127614,0.0682237,-1.03708
25,72,0.000713273,0.00163501,0.00163501,0.000846001,-0.81616
25,96,1.18641e-5,2.05214e-5,2.05214e-5,1.05368e-5,0.655273
25,97,13.5574,16.5639,16.5639,14.0988,-0.199767
25,98,45.691,52.2053,52.2053,41.8434,0.478347
25,101,98.4169,162.276,162.276,112.002,-0.630977
25,103,107.928,158.594,158.594,97.7255,0.543118
25,120,4.01039,10.5208,10.5208,4.87006,-0.918292
25,144,0.0505886,0.134729,0.134729,0.0588786,-0.732458
25,168,0.000674258,0.0017166,0.0017166,0.000715761,-0.30164
25,192,1.13555e-5,2.19155e-5,2.19155e-5,8.78634e-6,1.52111
25,193,19.172,20.6303,20.6303,18.4334,0.208443
25,194,56.3885,65.0479,65.0479,54.7483,0.155852
25,197,165.753,205.379,205.379,149.603,0.561576
25,199,150.995,202.775,202.775,131.017,0.793219
25,216,6.82592,13.7729,13.7729,6.59895,0.178927
25,240,0.0656049,0.177753,0.177753,0.080604,-0.968032
25,264,0.000933438,0.00227919,0.00227919,0.000985265,-0.27364
25,288,1.21014e-5,2.90833e-5,2.90833e-5,1.19068e-5,0.0849804
25,289,57.0551,61.3133,61.3133,56.1057,0.088035
25,290,183.29,191.49,191.49,165.251,0.56789
25,293,445.992,587.368,587.368,438.04,0.0944361
25,295,431.562,576.703,576.703,383.117,0.657813
25,312,20.4989,38.6062,38.6062,19.234,0.342117
25,336,0.255543,0.49825,0.49825,0.234931,0.456418
25,360,0.00308554,0.00632295,0.00632295,0.00287195,0.386891
25,384,3.01857e-5,8.02343e-5,8.02343e-5,3.49288e-5,-0.706414
25,385,38.7959,41.7793,41.7793,39.5335,-0.0970697
25,386,127.294,130.959,130.959,116.985,0.458408
25,389,286.906,420.903,420.903,321.045,-0.553182
25,391,305.194,420.008,420.008,285.32,0.36235
25,408,15.5748,29.433,29.433,14.5652,0.360579
25,432,0.186955,0.38033,0.38033,0.180641,0.181832
25,456,0.00212755,0.00487758,0.00487758,0.00223304,-0.245756
25,480,2.4987e-5,6.24214e-5,6.24214e-5,2.75315e-5,-0.480793
25,481,26.7659,36.5171,36.5171,35.0996,-1.23514
25,482,102.719,114.53,114.53,103.939,-0.0610478
25,485,309.662,368.127,368.127,287.57,0.399648
25,487,268.471,370.166,370.166,256.479,0.24324
25,504,12.5599,26.2677,26.2677,13.0632,-0.200433
25,528,0.167644,0.339312,0.339312,0.159852,0.253589
25,552,0.00209096,0.00434663,0.00434663,0.00195873,0.351193
25,576,2.82506e-5,5.55003e-5,5.55003e-5,2.37901e-5,0.975363
25,577,34.6018,33.7588,33.7588,32.772,0.290457
25,578,82.3286,105.903,105.903,97.0741,-0.790202
25,581,336.034,339.747,339.747,268.41,1.31063
25,583,302.935,342.593,342.593,239.943,1.3657
25,600,13.7054,24.4252,24.4252,12.2309,0.627121
25,624,0.1555,0.318542,0.318542,0.148599,0.241595
25,648,0.00193412,0.0041175,0.0041175,0.00180531,0.371151
26,0,0,0,0,0,0
26,1,79.5347,103.891,103.891,90.0189,-0.605874
26,2,149.721,196.282,196.282,159.571,-0.321109
26,5,179.345,237.294,237.294,170.656,0.264853
26,7,125.596,188.792,188.792,126.013,-0.0172266
26,24,7.99434,9.94081,9.94081,7.15933,0.606735
26,48,0.120892,0.127614,0.127614,0.124592,-0.154473
26,72,0.00208577,0.00163501,0.00163501,0.00215534,-0.167897
26,96,4.47899e-5,2.05214e-5,2.05214e-5,3.69808e-5,1.09851
26,97,20.634,16.5639,16.5639,19.3498,0.34524
26,98,59.6503,52.2053,52.2053,51.8773,0.779454
26,101,117.944,162.276,162.276,114.266,0.167444
26,103,103.051,158.594,158.594,89.5155,0.786581
26,120,5.24268,10.5208,10.5208,5.13731,0.106701
26,144,0.113649,0.134729,0.134729,0.0888994,1.4483
26,168,0.00142644,0.0017166,0.0017166,0.00153985,-0.383147
26,192,2.93466e-5,2.19155e-5,2.19155e-5,2.66272e-5,0.531277
26,193,27.4111,20.6303,20.6303,24.8908,0.526745
26,194,63.5303,65.0479,65.0479,66.8072,-0.255169
26,197,135.328,205.379,205.379,150.245,-0.51651
26,199,120.433,202.775,202.775,117.967,0.108737
26,216,5.79836,13.7729,13.7729,6.80154,-0.767278
26,240,0.121597,0.177753,0.177753,0.119029,0.11222
26,264,0.0023404,0.00227919,0.00227919,0.00208029,0.650468
26,288,3.54372e-5,2.90833e-5,2.90833e-5,3.62651e-5,-0.118761
26,289,84.4453,61.3133,61.3133,73.0694,0.809899
26,290,171.131,191.49,191.49,194.668,-0.628989
26,293,487.574,587.368,587.368,427.263,0.734311
26,295,322.321,576.703,576.703,333.995,-0.18183
26,312,20.6699,38.6062,38.6062,19.2163,0.393529
26,336,0.319493,0.49825,0.49825,0.335149,-0.243017
26,360,0.00600791,0.00632295,0.00632295,0.00584138,0.14831
26,384,0.000104327,8.02343e-5,8.02343e-5,0.000101679,0.135447
26,385,50.6941,41.7793,41.7793,46.8324,0.428951
26,386,135.088,130.959,130.959,125.6,0.392993
26,389,278.688,420.903,420.903,287.04,-0.151366
26,391,219.25,420.008,420.008,226.355,-0.163277
26,408,12.8491,29.433,29.433,12.984,-0.0540223
26,432,0.236799,0.38033,0.38033,0.225136,0.269494
26,456,0.00351902,0.00487758,0.00487758,0.00390245,-0.511133
26,480,6.92582e-5,6.24214e-5,6.24214e-5,6.74868e-5,0.136549
26,481,41.5657,36.5171,36.5171,39.9055,0.216425
26,482,114.426,114.53,114.53,107.135,0.353985
26,485,234.054,368.127,368.127,247.443,-0.281472
26,487,180.601,370.166,370.166,195.445,-0.395085
26,504,11.015,26.2677,26.2677,11.2695,-0.117501
26,528,0.229275,0.339312,0.339312,0.195735,0.891405
26,552,0.00361128,0.00434663,0.00434663,0.00339943,0.32419
26,576,5.85339e-5,5.55003e-5,5.55003e-5,5.88634e-5,-0.0291199
26,577,30.3824,33.7588,33.7588,36.1786,-0.833448
26,578,101.962,105.903,105.903,97.1732,0.256373
26,581,270.689,339.747,339.747,223.092,1.10989
26,583,196.828,342.593,342.593,176.558,0.59724
26,600,10.9544,24.4252,24.4252,10.1468,0.41405
26,624,0.185076,0.318542,0.318542,0.175486,0.284289
26,648,0.0031182,0.0041175,0.0041175,0.00303847,0.136515
27,0,0,0,0,0,0
27,1,182.367,103.891,103.891,147.594,1.22562
27,2,276.25,196.282,196.282,280.076,-0.0710559
27,5,311.264,237.294,237.294,353.399,-0.620243
27,7,334.054,188.792,188.792,293.625,0.716264
27,24,27.1064,9.94081,9.94081,25.2455,0.383451
27,48,0.700112,0.127614,0.127614,0.694384,0.0429149
27,72,0.0196849,0.00163501,0.00163501,0.0189052,0.214559
27,96,0.000528825,2.05214e-5,2.05214e-5,0.000514858,0.141123
27,97,20.9765,16.5639,16.5639,20.395,0.148322
27,98,57.4295,52.2053,52.2053,64.8795,-0.597356
27,101,254.746,162.276,162.276,209.239,1.13137
27,103,216.84,158.594,158.594,212.715,0.100894
27,120,22.3187,10.5208,10.5208,22.4079,-0.0207268
27,144,0.598939,0.134729,0.134729,0.611856,-0.109825
27,168,0.0173625,0.0017166,0.0017166,0.0166522,0.221878
27,192,0.00045097,2.19155e-5,2.19155e-5,0.000454325,-0.0384165
27,193,25.2828,20.6303,20.6303,26.6703,-0.270637
27,194,86.5046,65.0479,65.0479,84.8233,0.103115
27,197,304.158,205.379,205.379,276.077,0.529138
27,199,290.377,202.775,202.775,282.708,0.141107
27,216,31.209,13.7729,13.7729,30.2118,0.171712
27,240,0.864412,0.177753,0.177753,0.822693,0.263804
27,264,0.0231875,0.00227919,0.00227919,0.0223635,0.191676
27,288,0.000585602,2.90833e-5,2.90833e-5,0.000607621,-0.188516
27,289,94.6026,61.3133,61.3133,80.7734,0.89066
27,290,254.549,191.49,191.49,254.584,-0.000714493
27,293,810.172,587.368,587.368,810.008,0.00105147
27,295,864.312,576.703,576.703,824.948,0.248231
27,312,79.6393,38.6062,38.6062,87.8677,-0.487158
27,336,2.4937,0.49825,0.49825,2.40494,0.191991
27,360,0.0699396,0.00632295,0.00632295,0.0656428,0.340518
28,0,0,0,0,0,0
28,1,59.5954,103.891,103.891,63.2831,-0.303146
28,2,90.3798,196.282,196.282,98.5345,-0.430524
28,5,131.646,237.294,237.294,113.679,0.822198
28,7,92.525,188.792,188.792,94.6384,-0.116169
28,24,8.51604,9.94081,9.94081,7.66861,0.574868
28,48,0.174736,0.127614,0.127614,0.17644,-0.0502508
28,72,0.00446454,0.00163501,0.00163501,0.00402617,0.566405
28,96,0.000105923,2.05214e-5,2.05214e-5,9.20775e-5,0.782206
28,97,6.69479,16.5639,16.5639,7.09326,-0.29223
28,98,24.475,52.2053,52.2053,22.8924,0.359621
28,101,85.5606,162.276,162.276,77.0048,0.577999
28,103,71.7972,158.594,158.594,80.6019,-0.568267
28,120,8.77097,10.5208,10.5208,8.6946,0.0456908
28,144,0.189743,0.134729,0.134729,0.204956,-0.386139
28,168,0.00447189,0.0017166,0.0017166,0.00477545,-0.330676
28,192,0.000117889,2.19155e-5,2.19155e-5,0.000111089,0.318439
28,193,9.68436,20.6303,20.6303,9.70161,-0.00924909
28,194,33.5161,65.0479,65.0479,31.306,0.367251
28,197,105.352,205.379,205.379,106.422,-0.0523369
28,199,117.211,202.775,202.775,112.288,0.22804
28,216,12.252,13.7729,13.7729,12.3923,-0.0588751
28,240,0.294852,0.177753,0.177753,0.293459,0.0246938
28,264,0.00722437,0.00227919,0.00227919,0.00677921,0.341596
28,288,0.000164692,2.90833e-5,2.90833e-5,0.000156174,0.283712
28,289,26.7669,61.3133,61.3133,31.2482,-0.746039
28,290,105.998,191.49,191.49,99.9398,0.315329
28,293,358.561,587.368,587.368,333.446,0.391833
28,295,413.537,576.703,576.703,351.497,0.918182
28,312,34.9023,38.6062,38.6062,38.847,-0.528245
28,336,0.848163,0.49825,0.49825,0.909987,-0.353426
28,360,0.0193192,0.00632295,0.00632295,0.0210352,-0.424391
28,384,0.000486292,8.02343e-5,8.02343e-5,0.000486546,-0.00270944
28,385,25.5482,41.7793,41.7793,24.561,0.209098
28,386,87.5147,130.959,130.959,78.7194,0.581233
28,389,352.163,420.903,420.903,267.866,1.63711
28,391,264.819,420.008,420.008,286.705,-0.397104
28,408,28.7608,29.433,29.433,32.7034,-0.627141
28,432,0.899845,0.38033,0.38033,0.762967,0.933277
28,456,0.0200562,0.00487758,0.00487758,0.0175371,0.747241
29,0,0,0,0,0,0
29,1,166.443,103.891,103.891,146.344,0.714441
29,2,443.322,196.282,196.282,366.534,1.08983
29,5,610.797,237.294,237.294,545.315,0.62467
29,7,407.678,188.792,188.792,399.902,0.101153
29,24,8.53323,9.94081,9.94081,10.4319,-0.946825
29,48,0.0351786,0.127614,0.127614,0.055672,-1.91495
29,72,0.000144781,0.00163501,0.00163501,0.000299469,-2.68711
29,96,1.89087e-6,2.05214e-5,2.05214e-5,1.76158e-6,0.381799
29,97,101.827,16.5639,16.5639,75.1264,1.84887
29,98,250.123,52.2053,52.2053,217.814,0.771639
29,101,599.251,162.276,162.276,533.319,0.64312
29,103,493.411,158.594,158.594,431.333,0.748702
29,120,9.56112,10.5208,10.5208,11.9862,-1.05252
29,144,0.0460843,0.134729,0.134729,0.0644705,-1.48358
29,168,0.000190004,0.0017166,0.0017166,0.000347053,-2.35408
29,192,3.00519e-6,2.19155e-5,2.19155e-5,1.76729e-6,3.64382
29,193,100.623,20.6303,20.6303,79.8175,1.35597
29,194,267.6,65.0479,65.0479,232.313,0.790178
29,197,658.981,205.379,205.379,597.255,0.537635
29,199,526.904,202.775,202.775,487.793,0.417099
29,216,12.895,13.7729,13.7729,13.6703,-0.295005
29,240,0.0426543,0.177753,0.177753,0.0724963,-2.14138
29,264,0.000195815,0.00227919,0.00227919,0.000385666,-2.56085
29,288,2.99339e-6,2.90833e-5,2.90833e-5,2.04821e-6,2.40059
29,289,241.011,61.3133,61.3133,218.767,0.528959
29,290,627.97,191.49,191.49,630.415,-0.020179
29,293,1374.47,587.368,587.368,1545.19,-0.574751
29,295,1108.7,576.703,576.703,1256.74,-0.612797
29,312,28.9445,38.6062,38.6062,35.0004,-0.900081
29,336,0.133478,0.49825,0.49825,0.19015,-1.55043
29,360,0.000483546,0.00632295,0.00632295,0.00101889,-2.7333
30,0,0,0,0,0,0
30,1,118.151,103.891,103.891,116.982,0.0520082
30,2,338.011,196.282,196.282,345.677,-0.115365
30,5,863.104,237.294,237.294,747.068,0.808004
30,7,582.744,188.792,188.792,634.569,-0.424855
30,24,34.6858,9.94081,9.94081,31.0168,0.615369
30,48,0.329965,0.127614,0.127614,0.322278,0.124087
30,72,0.00332222,0.00163501,0.00163501,0.00333367,-0.0178782
30,96,3.74147e-5,2.05214e-5,2.05214e-5,3.42967e-5,0.472952
30,97,93.8051,16.5639,16.5639,80.3435,0.871619
30,98,272.884,52.2053,52.2053,252.208,0.426469
30,101,682.762,162.276,162.276,758.426,-0.518992
30,103,765.818,158.594,158.594,723.938,0.300944
30,120,35.855,10.5208,10.5208,41.2438,-0.679704
30,144,0.372805,0.134729,0.134729,0.429993,-0.69188
30,168,0.00438606,0.0017166,0.0017166,0.00444766,-0.0720491
30,192,4.75233e-5,2.19155e-5,2.19155e-5,4.58629e-5,0.188339
30,193,84.1778,20.6303,20.6303,81.0663,0.199671
30,194,251.347,65.0479,65.0479,255.119,-0.0769137
30,197,900.885,205.379,205.379,791.49,0.719008
30,199,836.214,202.775,202.775,772.622,0.428168
30,216,49.5676,13.7729,13.7729,46.0059,0.402738
30,240,0.452308,0.177753,0.177753,0.486955,-0.370127
30,264,0.0046147,0.00227919,0.00227919,0.00509606,-0.491383
30,288,5.16068e-5,2.90833e-5,2.90833e-5,5.32354e-5,-0.159145
30,289,234.607,61.3133,61.3133,219.686,0.35334
30,290,568.395,191.49,191.49,684.224,-0.880641
30,293,1669.39,587.368,587.368,2050.15,-0.966161
30,295,1882.13,576.703,576.703,1978.39,-0.253103
30,312,144.498,38.6062,38.6062,114.688,1.35212
30,336,1.21377,0.49825,0.49825,1.18844,0.110887
30,360,0.0110726,0.00632295,0.00632295,0.0122151,-0.486566