id,time,y1,popPred_medianCOV,popPred,indivPred_SAEM,indWRes_SAEM
1,0,0,0,0,0,0
1,1,4.34396,3.62519,3.62519,3.73742,1.03514
1,2,6.78576,5.98654,5.98654,6.3361,0.452666
1,5,7.80923,5.55398,5.55398,6.5355,1.24312
1,7,4.3034,2.35649,2.35649,3.15966,2.30888
1,24,0.00749705,0.00161208,0.00161208,0.00655711,0.914325
1,48,8.52361e-7,5.48684e-8,5.48684e-8,1.06918e-6,-1.29348
1,72,1.6428e-10,1.86749e-12,1.86749e-12,1.74336e-10,-0.367943
1,96,2.50195e-14,6.35615e-17,6.35615e-17,2.84266e-14,-0.764502
1,97,18.5906,18.1259,18.1259,18.6871,-0.0329505
1,98,41.0314,29.9327,29.9327,31.6805,1.8827
1,101,38.166,27.7699,27.7699,32.6775,1.07132
1,103,19.2842,11.7825,11.7825,15.7983,1.40743
1,120,0.0395342,0.00806041,0.00806041,0.0327856,1.31296
1,144,5.55367e-6,2.74342e-7,2.74342e-7,5.34589e-6,0.247912
1,168,8.00205e-10,9.33745e-12,9.33745e-12,8.71681e-10,-0.523023
1,192,1.46648e-13,3.17808e-16,3.17808e-16,1.42133e-13,0.202619
1,193,36.7936,36.2519,36.2519,37.3742,-0.099098
1,194,83.0038,59.8654,59.8654,63.361,1.97742
1,197,77.5702,55.5398,55.5398,65.355,1.19217
1,199,36.3094,23.5649,23.5649,31.5966,0.951386
1,216,0.0865814,0.0161208,0.0161208,0.0655711,2.04379
1,240,1.17128e-5,5.48684e-7,5.48684e-7,1.06918e-5,0.609136
1,264,1.6962e-9,1.86749e-11,1.86749e-11,1.74336e-9,-0.172541
1,288,2.88944e-13,6.35615e-16,6.35615e-16,2.84266e-13,0.104962
1,289,84.962,72.5037,72.5037,74.7484,0.871554
1,290,129.847,119.731,119.731,126.722,0.15731
1,293,158.489,111.08,111.08,130.71,1.35557
1,295,82.3695,47.1298,47.1298,63.1932,1.93558
1,312,0.122641,0.0322416,0.0322416,0.131142,-0.413497
1,336,2.78416e-5,1.09737e-6,1.09737e-6,2.13836e-5,1.92637
1,360,4.05151e-9,3.73498e-11,3.73498e-11,3.48672e-9,1.03321
1,384,4.87742e-13,1.27123e-15,1.27123e-15,5.68532e-13,-0.906395
1,385,81.0111,72.5037,72.5037,74.7484,0.53441
1,386,125.953,119.731,119.731,126.722,-0.038727
1,389,148.116,111.08,111.08,130.71,0.849372
1,391,76.1703,47.1298,47.1298,63.1932,1.30985
1,408,0.150232,0.0322416,0.0322416,0.131142,0.928464
1,432,2.28499e-5,1.09737e-6,1.09737e-6,2.13836e-5,0.43738
1,456,3.59891e-9,3.73498e-11,3.73498e-11,3.48672e-9,0.205224
1,480,5.06602e-13,1.27123e-15,1.27123e-15,5.68532e-13,-0.6948
1,481,93.7858,72.5037,72.5037,74.7484,1.62451
1,482,142.348,119.731,119.731,126.722,0.786544
1,485,149.949,111.08,111.08,130.71,0.93883
1,487,72.5434,47.1298,47.1298,63.1932,0.943774
1,504,0.157193,0.0322416,0.0322416,0.131142,1.26706
1,528,1.93384e-5,1.09737e-6,1.09737e-6,2.13836e-5,-0.610044
1,552,3.43679e-9,3.73498e-11,3.73498e-11,3.48672e-9,-0.0913378
1,576,5.15898e-13,1.27123e-15,1.27123e-15,5.68532e-13,-0.590512
1,577,91.3724,72.5037,72.5037,74.7484,1.41857
1,578,133.819,119.731,119.731,126.722,0.357231
1,581,144.24,111.08,111.08,130.71,0.660261
1,583,65.9452,47.1298,47.1298,63.1932,0.277776
1,600,0.13231,0.0322416,0.0322416,0.131142,0.0568003
1,624,2.53471e-5,1.09737e-6,1.09737e-6,2.13836e-5,1.18227
1,648,3.32298e-9,3.73498e-11,3.73498e-11,3.48672e-9,-0.299539
2,0,0,0,0,0,0
2,1,4.08883,3.62519,3.62519,3.2239,1.71126
2,2,5.9815,5.98654,5.98654,4.84546,1.49546
2,5,3.20435,5.55398,5.55398,3.05374,0.314589
2,7,0.934072,2.35649,2.35649,0.77256,1.3335
2,24,6.49603e-6,0.00161208,0.00161208,6.52052e-6,-0.0239634
2,48,4.23378e-13,5.48684e-8,5.48684e-8,4.48212e-13,-0.353412
2,72,2.47106e-20,1.86749e-12,1.86749e-12,3.08094e-20,-2.74666e-5
2,96,1.84626e-27,6.35615e-17,6.35615e-17,2.1178e-27,-1.22289e-12
2,97,17.6251,18.1259,18.1259,16.1195,0.595753
2,98,30.4391,29.9327,29.9327,24.2273,1.63542
2,101,19.034,27.7699,27.7699,15.2687,1.57295
2,103,4.03801,11.7825,11.7825,3.8628,0.28932
2,120,4.03991e-5,0.00806041,0.00806041,3.26026e-5,1.52532
2,144,2.52118e-12,2.74342e-7,2.74342e-7,2.24106e-12,0.797284
2,168,1.33548e-19,9.33745e-12,9.33745e-12,1.54047e-19,-9.23191e-5
2,192,9.37335e-27,3.17808e-16,3.17808e-16,1.0589e-26,-5.47474e-12
2,193,33.9827,36.2519,36.2519,32.239,0.344991
2,194,51.8561,59.8654,59.8654,48.4546,0.447773
2,197,27.6592,55.5398,55.5398,30.5374,-0.601185
2,199,9.76058,23.5649,23.5649,7.7256,1.68014
2,216,7.24149e-5,0.0161208,0.0161208,6.52052e-5,0.705263
2,240,4.65062e-12,5.48684e-7,5.48684e-7,4.48212e-12,0.239793
2,264,2.54502e-19,1.86749e-11,1.86749e-11,3.08094e-19,-0.000241359
2,288,1.52316e-26,6.35615e-16,6.35615e-16,2.1178e-26,-2.67801e-11
2,289,81.5928,72.5037,72.5037,64.4781,1.69307
2,290,94.3446,119.731,119.731,96.9092,-0.168798
2,293,70.1213,111.08,111.08,61.0748,0.944788
2,295,16.225,47.1298,47.1298,15.4512,0.319435
2,312,0.000136828,0.0322416,0.0322416,0.00013041,0.313901
2,336,8.62279e-12,1.09737e-6,1.09737e-6,8.96423e-12,-0.24295
2,360,6.62135e-19,3.73498e-11,3.73498e-11,6.16189e-19,0.000206923
2,384,3.38385e-26,1.27123e-15,1.27123e-15,4.23559e-26,-3.83592e-11
2,385,69.9176,72.5037,72.5037,64.4781,0.538108
2,386,86.4031,119.731,119.731,96.9092,-0.691505
2,389,81.7752,111.08,111.08,61.0748,2.16189
2,391,17.7147,47.1298,47.1298,15.4512,0.934396
2,408,0.000133878,0.0322416,0.0322416,0.00013041,0.169595
2,432,9.42159e-12,1.09737e-6,1.09737e-6,8.96423e-12,0.325429
2,456,5.16425e-19,3.73498e-11,3.73498e-11,6.16189e-19,-0.000449298
2,480,3.1529e-26,1.27123e-15,1.27123e-15,4.23559e-26,-4.87602e-11
2,481,66.7192,72.5037,72.5037,64.4781,0.221701
2,482,112.395,119.731,119.731,96.9092,1.01928
2,485,72.6692,111.08,111.08,61.0748,1.21089
2,487,14.7338,47.1298,47.1298,15.4512,-0.296152
2,504,0.000166655,0.0322416,0.0322416,0.00013041,1.77276
2,528,8.23109e-12,1.09737e-6,1.09737e-6,8.96423e-12,-0.521663
2,552,5.82674e-19,3.73498e-11,3.73498e-11,6.16189e-19,-0.000150935
2,576,3.71042e-26,1.27123e-15,1.27123e-15,4.23559e-26,-2.36516e-11
2,577,76.252,72.5037,72.5037,64.4781,1.16473
2,578,109.599,119.731,119.731,96.9092,0.83526
2,581,65.1666,111.08,111.08,61.0748,0.427341
2,583,17.5868,47.1298,47.1298,15.4512,0.881603
2,600,0.00014796,0.0322416,0.0322416,0.00013041,0.858381
2,624,7.79438e-12,1.09737e-6,1.09737e-6,8.96423e-12,-0.832406
2,648,5.41887e-19,3.73498e-11,3.73498e-11,6.16189e-19,-0.000334624
3,0,0,0,0,0,0
3,1,3.4584,3.62519,3.62519,3.37559,0.156464
3,2,5.94291,5.98654,5.98654,5.25722,0.831931
3,5,4.49888,5.55398,5.55398,3.84105,1.0924
3,7,1.23577,2.35649,2.35649,1.19349,0.22597
3,24,5.81416e-5,0.00161208,0.00161208,5.78027e-5,0.0373952
3,48,4.00919e-11,5.48684e-8,5.48684e-8,4.6813e-11,-0.915783
3,72,3.97263e-17,1.86749e-12,1.86749e-12,3.79127e-17,0.00816747
3,96,2.19008e-23,6.35615e-17,6.35615e-17,3.07046e-23,-3.96488e-8
3,97,19.9745,18.1259,18.1259,16.878,1.17025
3,98,29.5203,29.9327,29.9327,26.2861,0.784789
3,101,24.4524,27.7699,27.7699,19.2053,1.74267
3,103,6.62957,11.7825,11.7825,5.96744,0.707737
3,120,0.00027867,0.00806041,0.00806041,0.000289013,-0.228275
3,144,1.90304e-10,2.74342e-7,2.74342e-7,2.34065e-10,-1.19254
3,168,1.5163e-16,9.33745e-12,9.33745e-12,1.89564e-16,-0.170837
3,192,1.31456e-22,3.17808e-16,3.17808e-16,1.53523e-22,-9.93828e-8
3,193,36.6137,36.2519,36.2519,33.7559,0.539997
3,194,54.8956,59.8654,59.8654,52.5722,0.281888
3,197,49.3502,55.5398,55.5398,38.4105,1.81665
3,199,13.856,23.5649,23.5649,11.9349,1.02674
3,216,0.000710507,0.0161208,0.0161208,0.000578027,1.4619
3,240,5.06747e-10,5.48684e-7,5.48684e-7,4.6813e-10,0.526172
3,264,2.60135e-16,1.86749e-11,1.86749e-11,3.79127e-16,-0.535895
3,288,1.97626e-22,6.35615e-16,6.35615e-16,3.07046e-22,-4.92784e-7
3,289,84.3176,72.5037,72.5037,67.5119,1.58779
3,290,109.207,119.731,119.731,105.144,0.246479
3,293,74.1597,111.08,111.08,76.821,-0.220968
3,295,22.2943,47.1298,47.1298,23.8698,-0.420995
3,312,0.001244,0.0322416,0.0322416,0.00115605,0.485246
3,336,1.05891e-9,1.09737e-6,1.09737e-6,9.3626e-10,0.835557
3,360,7.27957e-16,3.73498e-11,3.73498e-11,7.58255e-16,-0.136447
4,0,0,0,0,0,0
4,1,3.5095,3.62519,3.62519,3.23006,0.551804
4,2,5.27091,5.98654,5.98654,4.86173,0.536829
4,5,3.27731,5.55398,5.55398,3.08259,0.402915
4,7,1.06341,2.35649,2.35649,0.786605,2.2446
4,24,6.6447e-6,0.00161208,0.00161208,7.14334e-6,-0.44525
4,48,6.56988e-13,5.48684e-8,5.48684e-8,5.44487e-13,1.31791
4,72,3.52854e-20,1.86749e-12,1.86749e-12,4.15025e-20,-2.7999e-5
4,96,2.67826e-27,6.35615e-17,6.35615e-17,3.16345e-27,-2.1851e-12
4,97,19.6045,18.1259,18.1259,16.1503,1.36421
4,98,26.2956,29.9327,29.9327,24.3087,0.521354
4,101,17.2487,27.7699,27.7699,15.413,0.759695
4,103,4.0071,11.7825,11.7825,3.93302,0.120139
4,120,3.71321e-5,0.00806041,0.00806041,3.57167e-5,0.252765
4,144,3.01252e-12,2.74342e-7,2.74342e-7,2.72244e-12,0.679639
4,168,1.76677e-19,9.33745e-12,9.33745e-12,2.07512e-19,-0.000138871
4,192,1.51999e-26,3.17808e-16,3.17808e-16,1.58172e-26,-2.78024e-12
4,193,36.0265,36.2519,36.2519,32.3006,0.735757
4,194,51.1037,59.8654,59.8654,48.6173,0.326209
4,197,35.1066,55.5398,55.5398,30.8259,0.885748
4,199,8.80169,23.5649,23.5649,7.86605,0.758699
4,216,8.64515e-5,0.0161208,0.0161208,7.14334e-5,1.34101
4,240,5.63505e-12,5.48684e-7,5.48684e-7,5.44487e-12,0.222792
4,264,3.17437e-19,1.86749e-11,1.86749e-11,4.15025e-19,-0.000439497
4,288,2.7428e-26,6.35615e-16,6.35615e-16,3.16345e-26,-1.89443e-11
4,289,65.4076,72.5037,72.5037,64.6013,0.0796072
4,290,117.774,119.731,119.731,97.2346,1.34733
4,293,69.691,111.08,111.08,61.6518,0.831731
4,295,16.3434,47.1298,47.1298,15.7321,0.247866
4,312,0.000181448,0.0322416,0.0322416,0.000142867,1.7225
4,336,1.06895e-11,1.09737e-6,1.09737e-6,1.08897e-11,-0.117283
4,360,8.18602e-19,3.73498e-11,3.73498e-11,8.3005e-19,-5.15538e-5
4,384,6.50846e-26,1.27123e-15,1.27123e-15,6.32689e-26,8.17701e-12
4,385,69.8427,72.5037,72.5037,64.6013,0.517512
4,386,133.97,119.731,119.731,97.2346,2.40981
4,389,71.8552,111.08,111.08,61.6518,1.05564
4,391,19.3991,47.1298,47.1298,15.7321,1.48675
4,408,0.000161953,0.0322416,0.0322416,0.000142867,0.852131
4,432,9.41762e-12,1.09737e-6,1.09737e-6,1.08897e-11,-0.862272
4,456,8.4158e-19,3.73498e-11,3.73498e-11,8.3005e-19,5.19272e-5
4,480,4.5894e-26,1.27123e-15,1.27123e-15,6.32689e-26,-7.82497e-11
4,481,74.2291,72.5037,72.5037,64.6013,0.950612
4,482,115.137,119.731,119.731,97.2346,1.17435
4,485,61.9591,111.08,111.08,61.6518,0.0317922
4,487,18.2388,47.1298,47.1298,15.7321,1.01632
4,504,0.000136198,0.0322416,0.0322416,0.000142867,-0.297724
4,528,8.95706e-12,1.09737e-6,1.09737e-6,1.08897e-11,-1.13203
4,552,7.74922e-19,3.73498e-11,3.73498e-11,8.3005e-19,-0.000248272
4,576,5.06628e-26,1.27123e-15,1.27123e-15,6.32689e-26,-5.67728e-11
4,577,79.1873,72.5037,72.5037,64.6013,1.44017
4,578,127.433,119.731,119.731,97.2346,1.98098
4,581,67.9573,111.08,111.08,61.6518,0.652361
4,583,17.0521,47.1298,47.1298,15.7321,0.535201
4,600,0.00012387,0.0322416,0.0322416,0.000142867,-0.848121
4,624,1.03719e-11,1.09737e-6,1.09737e-6,1.08897e-11,-0.30329
4,648,7.42054e-19,3.73498e-11,3.73498e-11,8.3005e-19,-0.000396298
5,0,0,0,0,0,0
5,1,3.79733,3.62519,3.62519,3.93436,-0.22216
5,2,8.57386,5.98654,5.98654,6.9828,1.45336
5,5,10.454,5.55398,5.55398,8.65865,1.32253
5,7,5.73173,2.35649,2.35649,5.19827,0.654581
5,24,0.076588,0.00161208,0.00161208,0.0679718,0.808547
5,48,0.000162214,5.48684e-8,5.48684e-8,0.000149014,0.565017
5,72,3.57138e-7,1.86749e-12,1.86749e-12,3.26684e-7,0.594614
5,96,7.89323e-10,6.35615e-17,6.35615e-17,7.16188e-10,0.651355
5,97,18.335,18.1259,18.1259,19.6718,-0.433436
5,98,37.6151,29.9327,29.9327,34.914,0.493464
5,101,48.538,27.7699,27.7699,43.2933,0.772714
5,103,27.7142,11.7825,11.7825,25.9913,0.422807
5,120,0.39111,0.00806041,0.00806041,0.339859,0.961884
5,144,0.000791425,2.74342e-7,2.74342e-7,0.000745072,0.396821
5,168,1.76258e-6,9.33745e-12,9.33745e-12,1.63342e-6,0.504388
5,192,3.25922e-9,3.17808e-16,3.17808e-16,3.58094e-9,-0.573053
5,193,46.7697,36.2519,36.2519,39.3436,1.20394
5,194,79.98,59.8654,59.8654,69.828,0.927337
5,197,98.8063,55.5398,55.5398,86.5865,0.900185
5,199,45.3721,23.5649,23.5649,51.9827,-0.81114
5,216,0.777464,0.0161208,0.0161208,0.679718,0.917246
5,240,0.00200632,5.48684e-7,5.48684e-7,0.00149014,2.20944
5,264,2.73119e-6,1.86749e-11,1.86749e-11,3.26684e-6,-1.04584
5,288,6.97472e-9,6.35615e-16,6.35615e-16,7.16188e-9,-0.166686
5,289,97.0499,72.5037,72.5037,78.6872,1.4885
5,290,170.434,119.731,119.731,139.656,1.4057
5,293,171.882,111.08,111.08,173.173,-0.0475488
5,295,124.401,47.1298,47.1298,103.965,1.25378
5,312,1.43624,0.0322416,0.0322416,1.35944,0.360383
5,336,0.00354415,1.09737e-6,1.09737e-6,0.00298029,1.2068
5,360,6.11479e-6,3.73498e-11,3.73498e-11,6.53368e-6,-0.408934
5,384,1.21552e-8,1.27123e-15,1.27123e-15,1.43238e-8,-0.965693
5,385,85.396,72.5037,72.5037,78.6872,0.543826
5,386,158.182,119.731,119.731,139.656,0.846136
5,389,196.899,111.08,111.08,173.173,0.873915
5,391,116.353,47.1298,47.1298,103.965,0.760032
5,408,1.3463,0.0322416,0.0322416,1.35944,-0.0616375
5,432,0.00349544,1.09737e-6,1.09737e-6,0.00298029,1.10254
5,456,6.94722e-6,3.73498e-11,3.73498e-11,6.53368e-6,0.403719
5,480,1.38714e-8,1.27123e-15,1.27123e-15,1.43238e-8,-0.201422
5,481,92.3779,72.5037,72.5037,78.6872,1.10979
5,482,148.175,119.731,119.731,139.656,0.389064
5,485,200.686,111.08,111.08,173.173,1.0134
5,487,121.567,47.1298,47.1298,103.965,1.07987
5,504,1.56584,0.0322416,0.0322416,1.35944,0.968424
5,528,0.00294302,1.09737e-6,1.09737e-6,0.00298029,-0.0797567
5,552,5.82656e-6,3.73498e-11,3.73498e-11,6.53368e-6,-0.690317
5,576,1.32032e-8,1.27123e-15,1.27123e-15,1.43238e-8,-0.49901
5,577,83.149,72.5037,72.5037,78.6872,0.361682
5,578,203.032,119.731,119.731,139.656,2.89458
5,581,203.464,111.08,111.08,173.173,1.1157
5,583,126.887,47.1298,47.1298,103.965,1.40627
5,600,1.42426,0.0322416,0.0322416,1.35944,0.304137
5,624,0.00318509,1.09737e-6,1.09737e-6,0.00298029,0.438314
5,648,6.62843e-6,3.73498e-11,3.73498e-11,6.53368e-6,0.0925049
6,0,0,0,0,0,0
6,1,3.3556,3.62519,3.62519,3.49845,-0.260439
6,2,6.14975,5.98654,5.98654,5.60804,0.616139
6,5,5.31276,5.55398,5.55398,4.61131,0.970264
6,7,1.83181,2.35649,2.35649,1.67675,0.589888
6,24,0.000325291,0.00161208,0.00161208,0.000308983,0.336646
6,48,1.85442e-9,5.48684e-8,5.48684e-8,1.65064e-9,0.787465
6,72,7.12409e-15,1.86749e-12,1.86749e-12,8.81802e-15,-1.22529
6,96,4.85334e-20,6.35615e-17,6.35615e-17,4.71074e-20,6.422e-6
6,97,20.0128,18.1259,18.1259,17.4922,0.919098
6,98,33.6033,29.9327,29.9327,28.0402,1.26547
6,101,23.0278,27.7699,27.7699,23.0566,-0.00795118
6,103,9.45499,11.7825,11.7825,8.38374,0.815024
6,120,0.00180938,0.00806041,0.00806041,0.00154492,1.09191
6,144,8.76641e-9,2.74342e-7,2.74342e-7,8.25321e-9,0.396624
6,168,3.87674e-14,9.33745e-12,9.33745e-12,4.40901e-14,-0.770026
6,192,2.18484e-19,3.17808e-16,3.17808e-16,2.35537e-19,-7.68018e-5
6,193,37.4324,36.2519,36.2519,34.9845,0.446306
6,194,63.9559,59.8654,59.8654,56.0804,0.895744
6,197,57.313,55.5398,55.5398,46.1131,1.5492
6,199,17.505,23.5649,23.5649,16.7675,0.280551
6,216,0.0032658,0.0161208,0.0161208,0.00308983,0.363267
6,240,1.20716e-8,5.48684e-7,5.48684e-7,1.65064e-8,-1.71373
6,264,8.41661e-14,1.86749e-11,1.86749e-11,8.81802e-14,-0.290359
6,288,4.40463e-19,6.35615e-16,6.35615e-16,4.71074e-19,-0.000137861
6,289,60.341,72.5037,72.5037,69.969,-0.877699
6,290,112.055,119.731,119.731,112.161,-0.00602565
6,293,105.691,111.08,111.08,92.2262,0.931214
6,295,35.1562,47.1298,47.1298,33.535,0.308377
6,312,0.00714023,0.0322416,0.0322416,0.00617966,0.991473
6,336,2.88309e-8,1.09737e-6,1.09737e-6,3.30128e-8,-0.808008
6,360,1.73137e-13,3.73498e-11,3.73498e-11,1.7636e-13,-0.116593
6,384,9.2696e-19,1.27123e-15,1.27123e-15,9.42148e-19,-6.84002e-5
6,385,78.7985,72.5037,72.5037,69.969,0.804909
6,386,123.97,119.731,119.731,112.161,0.671579
6,389,128.812,111.08,111.08,92.2262,2.5303
6,391,36.8901,47.1298,47.1298,33.535,0.638167
6,408,0.0076049,0.0322416,0.0322416,0.00617966,1.47109
6,432,3.45837e-8,1.09737e-6,1.09737e-6,3.30128e-8,0.303507
6,456,1.74986e-13,3.73498e-11,3.73498e-11,1.7636e-13,-0.0496907
6,480,7.84499e-19,1.27123e-15,1.27123e-15,9.42148e-19,-0.000709989
6,481,91.4049,72.5037,72.5037,69.969,1.95413
6,482,138.96,119.731,119.731,112.161,1.52402
6,485,112.717,111.08,111.08,92.2262,1.41715
6,487,38.685,47.1298,47.1298,33.535,0.97955
6,504,0.00599545,0.0322416,0.0322416,0.00617966,-0.190134
6,528,3.14143e-8,1.09737e-6,1.09737e-6,3.30128e-8,-0.308855
6,552,1.54989e-13,3.73498e-11,3.73498e-11,1.7636e-13,-0.772929
6,576,7.76392e-19,1.27123e-15,1.27123e-15,9.42148e-19,-0.000746496
6,577,76.3199,72.5037,72.5037,69.969,0.578956
6,578,123.788,119.731,119.731,112.161,0.661252
6,581,118.156,111.08,111.08,92.2262,1.79336
6,583,42.5932,47.1298,47.1298,33.535,1.72292
6,600,0.00694482,0.0322416,0.0322416,0.00617966,0.789777
6,624,3.75313e-8,1.09737e-6,1.09737e-6,3.30128e-8,0.873025
6,648,1.81461e-13,3.73498e-11,3.73498e-11,1.7636e-13,0.18449
7,0,0,0,0,0,0
7,1,4.62795,3.62519,3.62519,3.61548,1.7862
7,2,5.93909,5.98654,5.98654,5.95695,-0.0191226
7,5,6.56282,5.55398,5.55398,5.47592,1.26605
7,7,2.35822,2.35649,2.35649,2.29669,0.170881
7,24,0.00159017,0.00161208,0.00161208,0.00142426,0.743032
7,48,3.95316e-8,5.48684e-8,5.48684e-8,4.22022e-8,-0.403637
7,72,1.27588e-12,1.86749e-12,1.86749e-12,1.25049e-12,0.129515
7,96,3.7551e-17,6.35615e-17,6.35615e-17,3.70534e-17,0.00224121
7,97,21.6377,18.1259,18.1259,18.0774,1.25621
7,98,33.5911,29.9327,29.9327,29.7848,0.815128
7,101,31.428,27.7699,27.7699,27.3796,0.94313
7,103,12.5138,11.7825,11.7825,11.4834,0.572282
7,120,0.00693279,0.00806041,0.00806041,0.0071213,-0.168849
7,144,2.35053e-7,2.74342e-7,2.74342e-7,2.11011e-7,0.726747
7,168,5.69619e-12,9.33745e-12,9.33745e-12,6.25247e-12,-0.567492
7,192,1.60331e-16,3.17808e-16,3.17808e-16,1.85267e-16,-0.112301
7,193,40.7235,36.2519,36.2519,36.1548,0.806013
7,194,66.4648,59.8654,59.8654,59.5695,0.738314
7,197,60.7951,55.5398,55.5398,54.7592,0.703077
7,199,24.9986,23.5649,23.5649,22.9669,0.564267
7,216,0.0167729,0.0161208,0.0161208,0.0142426,1.13318
7,240,4.3705e-7,5.48684e-7,5.48684e-7,4.22022e-7,0.227129
7,264,1.13327e-11,1.86749e-11,1.86749e-11,1.25049e-11,-0.597946
7,288,4.89115e-16,6.35615e-16,6.35615e-16,3.70534e-16,0.534042
7,289,110.829,90.6296,90.6296,90.387,1.44256
7,290,200.934,149.663,149.663,148.924,2.22763
7,293,137.023,138.85,138.85,136.898,0.00582166
7,295,73.8161,58.9123,58.9123,57.4172,1.82175
7,312,0.0403763,0.040302,0.040302,0.0356065,0.854451
7,336,1.19379e-6,1.37171e-6,1.37171e-6,1.05506e-6,0.838721
7,360,3.35141e-11,4.66873e-11,4.66873e-11,3.12623e-11,0.459421
7,384,8.34253e-16,1.58904e-15,1.58904e-15,9.26334e-16,-0.414695
7,385,113.582,90.6296,90.6296,90.387,1.63685
7,386,176.768,149.663,149.663,148.924,1.19258
7,389,159.475,138.85,138.85,136.898,1.05192
7,391,60.6264,58.9123,58.9123,57.4172,0.35651
7,408,0.0430637,0.040302,0.040302,0.0356065,1.33588
7,432,1.10853e-6,1.37171e-6,1.37171e-6,1.05506e-6,0.323288
7,456,2.99452e-11,4.66873e-11,4.66873e-11,3.12623e-11,-0.268735
7,480,8.35707e-16,1.58904e-15,1.58904e-15,9.26334e-16,-0.408146
7,481,106.688,90.6296,90.6296,90.387,1.15032
7,482,151.542,149.663,149.663,148.924,0.112156
7,485,142.692,138.85,138.85,136.898,0.269976
7,487,64.8149,58.9123,58.9123,57.4172,0.821803
7,504,0.0420289,0.040302,0.040302,0.0356065,1.1505
7,528,9.80646e-7,1.37171e-6,1.37171e-6,1.05506e-6,-0.449855
7,552,2.88944e-11,4.66873e-11,4.66873e-11,3.12623e-11,-0.483124
7,576,8.16409e-16,1.58904e-15,1.58904e-15,9.26334e-16,-0.495058
7,577,97.2003,90.6296,90.6296,90.387,0.480799
7,578,181.636,149.663,149.663,148.924,1.40106
7,581,189.383,138.85,138.85,136.898,2.44544
7,583,53.8751,58.9123,58.9123,57.4172,-0.393492
7,600,0.0368207,0.040302,0.040302,0.0356065,0.217519
7,624,1.18215e-6,1.37171e-6,1.37171e-6,1.05506e-6,0.768388
7,648,3.21652e-11,4.66873e-11,4.66873e-11,3.12623e-11,0.184201
8,0,0,0,0,0,0
8,1,3.63625,3.62519,3.62519,3.64595,-0.0169708
8,2,7.09355,5.98654,5.98654,6.05017,1.09999
8,5,5.24579,5.55398,5.55398,5.72449,-0.533391
8,7,3.24578,2.35649,2.35649,2.48925,1.93854
8,24,0.00237704,0.00161208,0.00161208,0.00209836,0.847129
8,48,1.05566e-7,5.48684e-8,5.48684e-8,9.59068e-8,0.642434
8,72,4.28441e-12,1.86749e-12,1.86749e-12,4.38348e-12,-0.144148
8,96,1.99337e-16,6.35615e-17,6.35615e-17,2.00349e-16,-0.00455814
8,97,23.9228,18.1259,18.1259,18.2297,1.99196
8,98,37.8734,29.9327,29.9327,30.2509,1.60722
8,101,40.9049,27.7699,27.7699,28.6225,2.73711
8,103,12.6624,11.7825,11.7825,12.4462,0.110798
8,120,0.0142038,0.00806041,0.00806041,0.0104918,2.25673
8,144,5.72797e-7,2.74342e-7,2.74342e-7,4.79534e-7,1.24053
8,168,1.96439e-11,9.33745e-12,9.33745e-12,2.19174e-11,-0.661646
8,192,8.8017e-16,3.17808e-16,3.17808e-16,1.00175e-15,-0.547536
8,193,43.3921,36.2519,36.2519,36.4595,1.21284
8,194,66.1725,59.8654,59.8654,60.5017,0.597846
8,197,63.0008,55.5398,55.5398,57.2449,0.641337
8,199,26.9977,23.5649,23.5649,24.8925,0.539457
8,216,0.0215551,0.0161208,0.0161208,0.0209836,0.173731
8,240,1.12487e-6,5.48684e-7,5.48684e-7,9.59068e-7,1.1027
8,264,4.33432e-11,1.86749e-11,1.86749e-11,4.38348e-11,-0.0715275
8,288,2.03667e-15,6.35615e-16,6.35615e-16,2.00349e-15,0.105628
8,289,113.44,90.6296,90.6296,91.1487,1.55989
8,290,170.931,149.663,149.663,151.254,0.829767
8,293,181.882,138.85,138.85,143.112,1.72793
8,295,75.2763,58.9123,58.9123,62.2312,1.33708
8,312,0.063774,0.040302,0.040302,0.052459,1.37579
8,336,2.38823e-6,1.37171e-6,1.37171e-6,2.39767e-6,-0.0250984
8,360,1.09599e-10,4.66873e-11,4.66873e-11,1.09587e-10,0.000699507
8,384,4.43577e-15,1.58904e-15,1.58904e-15,5.00874e-15,-0.729655
8,385,113.117,90.6296,90.6296,91.1487,1.53735
8,386,152.761,149.663,149.663,151.254,0.0635266
8,389,136.451,138.85,138.85,143.112,-0.296896
8,391,70.1447,58.9123,58.9123,62.2312,0.81111
8,408,0.0614719,0.040302,0.040302,0.052459,1.09588
8,432,2.64489e-6,1.37171e-6,1.37171e-6,2.39767e-6,0.657681
8,456,1.20122e-10,4.66873e-11,4.66873e-11,1.09587e-10,0.613185
8,480,4.55094e-15,1.58904e-15,1.58904e-15,5.00874e-15,-0.582996
8,481,105.742,90.6296,90.6296,91.1487,1.02122
8,482,194.656,149.663,149.663,151.254,1.83027
8,485,157.798,138.85,138.85,143.112,0.65452
8,487,70.0551,58.9123,58.9123,62.2312,0.80193
8,504,0.0596252,0.040302,0.040302,0.052459,0.871343
8,528,2.53578e-6,1.37171e-6,1.37171e-6,2.39767e-6,0.367406
8,552,9.52343e-11,4.66873e-11,4.66873e-11,1.09587e-10,-0.83539
8,576,5.08079e-15,1.58904e-15,1.58904e-15,5.00874e-15,0.0917577
8,577,108.672,90.6296,90.6296,91.1487,1.22625
8,578,178.768,149.663,149.663,151.254,1.16026
8,581,175.677,138.85,138.85,143.112,1.45139
8,583,68.7533,58.9123,58.9123,62.2312,0.668495
8,600,0.051161,0.040302,0.040302,0.052459,-0.157816
8,624,2.39893e-6,1.37171e-6,1.37171e-6,2.39767e-6,0.00335568
8,648,1.07582e-10,4.66873e-11,4.66873e-11,1.09587e-10,-0.116667
9,0,0,0,0,0,0
9,1,4.20591,3.62519,3.62519,3.55141,1.17551
9,2,6.61231,5.98654,5.98654,5.76414,0.93856
9,5,5.71956,5.55398,5.55398,4.98555,0.93908
9,7,1.86616,2.35649,2.35649,1.93538,-0.228149
9,24,0.000564103,0.00161208,0.00161208,0.000621908,-0.592865
9,48,6.91923e-9,5.48684e-8,5.48684e-8,7.28408e-9,-0.31949
9,72,8.325e-14,1.86749e-12,1.86749e-12,8.53145e-14,-0.15435
9,96,7.86741e-19,6.35615e-17,6.35615e-17,9.99242e-19,-0.000957018
9,97,23.6714,18.1259,18.1259,17.7571,2.12448
9,98,32.6121,29.9327,29.9327,28.8207,0.839093
9,101,25.6637,27.7699,27.7699,24.9278,0.188317
9,103,9.40292,11.7825,11.7825,9.67692,-0.180608
9,120,0.00330595,0.00806041,0.00806041,0.00310954,0.402883
9,144,3.7215e-8,2.74342e-7,2.74342e-7,3.64204e-8,0.139166
9,168,4.32777e-13,9.33745e-12,9.33745e-12,4.26572e-13,0.0927843
9,192,4.88372e-18,3.17808e-16,3.17808e-16,4.99621e-18,-0.000506611
9,193,37.6038,36.2519,36.2519,35.5141,0.375317
9,194,62.1692,59.8654,59.8654,57.6414,0.501032
9,197,44.0283,55.5398,55.5398,49.8555,-0.74553
9,199,24.0069,23.5649,23.5649,19.3538,1.53352
9,216,0.00742368,0.0161208,0.0161208,0.00621908,1.23547
9,240,7.25574e-8,5.48684e-7,5.48684e-7,7.28408e-8,-0.0248157
9,264,8.62421e-13,1.86749e-11,1.86749e-11,8.53145e-13,0.0693559
9,288,7.95855e-18,6.35615e-16,6.35615e-16,9.99242e-18,-0.00915973
9,289,96.3512,90.6296,90.6296,88.7853,0.543542
9,290,132.738,149.663,149.663,144.104,-0.503082
9,293,147.494,138.85,138.85,124.639,1.16963
9,295,50.694,58.9123,58.9123,48.3846,0.304435
9,312,0.0161551,0.040302,0.040302,0.0155477,0.249198
9,336,1.95331e-7,1.37171e-6,1.37171e-6,1.82102e-7,0.463387
9,360,2.38452e-12,4.66873e-11,4.66873e-11,2.13286e-12,0.752617
9,384,2.30997e-17,1.58904e-15,1.58904e-15,2.49811e-17,-0.00847293
9,385,96.6993,90.6296,90.6296,88.7853,0.568551
9,386,163.486,149.663,149.663,144.104,0.857937
9,389,129.58,138.85,138.85,124.639,0.25285
9,391,42.1737,58.9123,58.9123,48.3846,-0.818771
9,408,0.0166786,0.040302,0.040302,0.0155477,0.463951
9,432,1.96896e-7,1.37171e-6,1.37171e-6,1.82102e-7,0.518188
9,456,2.06672e-12,4.66873e-11,4.66873e-11,2.13286e-12,-0.197815
9,480,2.23369e-17,1.58904e-15,1.58904e-15,2.49811e-17,-0.011908
9,481,103.959,90.6296,90.6296,88.7853,1.09007
9,482,137.96,149.663,149.663,144.104,-0.271938
9,485,155.08,138.85,138.85,124.639,1.55786
9,487,49.0132,58.9123,58.9123,48.3846,0.0828698
9,504,0.0179871,0.040302,0.040302,0.0155477,1.00078
9,528,1.67511e-7,1.37171e-6,1.37171e-6,1.82102e-7,-0.511077
9,552,2.20558e-12,4.66873e-11,4.66873e-11,2.13286e-12,0.217482
9,576,2.3527e-17,1.58904e-15,1.58904e-15,2.49811e-17,-0.00654825
9,577,105.037,90.6296,90.6296,88.7853,1.16754
9,578,147.576,149.663,149.663,144.104,0.153716
9,581,124.8,138.85,138.85,124.639,0.00825482
9,583,52.0826,58.9123,58.9123,48.3846,0.487503
9,600,0.0163349,0.040302,0.040302,0.0155477,0.322939
9,624,1.59793e-7,1.37171e-6,1.37171e-6,1.82102e-7,-0.781409
9,648,2.00739e-12,4.66873e-11,4.66873e-11,2.13286e-12,-0.375231
10,0,0,0,0,0,0
10,1,4.155,3.62519,3.62519,3.97681,0.285788
10,2,8.95968,5.98654,5.98654,7.12788,1.63921
10,5,10.7289,5.55398,5.55398,9.19372,1.06512
10,7,6.12348,2.35649,2.35649,5.77211,0.388283
10,24,0.111347,0.00161208,0.00161208,0.110409,0.0541881
10,48,0.000393032,5.48684e-8,5.48684e-8,0.000414117,-0.324773
10,72,1.48494e-6,1.86749e-12,1.86749e-12,1.55326e-6,-0.280548
10,96,4.81508e-9,6.35615e-17,6.35615e-17,5.82591e-9,-1.10671
10,97,23.0386,18.1259,18.1259,19.8841,1.01191
10,98,39.9701,29.9327,29.9327,35.6394,0.775077
10,101,57.3319,27.7699,27.7699,45.9686,1.57674
10,103,30.3388,11.7825,11.7825,28.8606,0.326713
10,120,0.573573,0.00806041,0.00806041,0.552043,0.248757
10,144,0.00223187,2.74342e-7,2.74342e-7,0.00207059,0.496842
10,168,7.77695e-6,9.33745e-12,9.33745e-12,7.76629e-6,0.00875613
10,192,2.36432e-8,3.17808e-16,3.17808e-16,2.91296e-8,-1.20135
10,193,45.9962,36.2519,36.2519,39.7681,0.998921
10,194,73.6152,59.8654,59.8654,71.2788,0.209074
10,197,122.865,55.5398,55.5398,91.9372,2.14574
10,199,64.9359,23.5649,23.5649,57.7211,0.797271
10,216,1.17893,0.0161208,0.0161208,1.10409,0.432374
10,240,0.00524541,5.48684e-7,5.48684e-7,0.00414117,1.70081
10,264,1.64845e-5,1.86749e-11,1.86749e-11,1.55326e-5,0.390915
10,288,6.77201e-8,6.35615e-16,6.35615e-16,5.82591e-8,1.03583
10,289,168.716,108.756,108.756,119.304,2.64174
10,290,255.624,179.596,179.596,213.836,1.24649
10,293,289.48,166.619,166.619,275.812,0.316085
10,295,196.118,70.6947,70.6947,173.163,0.845528
10,312,3.78481,0.0483624,0.0483624,3.31226,0.91
10,336,0.0135109,1.64605e-6,1.64605e-6,0.0124235,0.558302
10,360,4.30231e-5,5.60247e-11,5.60247e-11,4.65978e-5,-0.489315
10,384,1.81334e-7,1.90685e-15,1.90685e-15,1.74777e-7,0.239288
10,385,113.181,108.756,108.756,119.304,-0.327381
10,386,245.106,179.596,179.596,213.836,0.932746
10,389,305.991,166.619,166.619,275.812,0.697935
10,391,162.739,70.6947,70.6947,173.163,-0.38399
10,408,3.63477,0.0483624,0.0483624,3.31226,0.621071
10,432,0.0106703,1.64605e-6,1.64605e-6,0.0124235,-0.900139
10,456,5.55316e-5,5.60247e-11,5.60247e-11,4.65978e-5,1.2229
10,480,1.65937e-7,1.90685e-15,1.90685e-15,1.74777e-7,-0.32263
10,481,145.477,108.756,108.756,119.304,1.39931
10,482,255.181,179.596,179.596,213.836,1.23327
10,485,294.636,166.619,166.619,275.812,0.435331
10,487,166.616,70.6947,70.6947,173.163,-0.241164
10,504,4.80069,0.0483624,0.0483624,3.31226,2.8663
10,528,0.0109802,1.64605e-6,1.64605e-6,0.0124235,-0.74101
10,552,4.86409e-5,5.60247e-11,5.60247e-11,4.65978e-5,0.279672
10,576,1.71121e-7,1.90685e-15,1.90685e-15,1.74777e-7,-0.133458
10,577,138.505,108.756,108.756,119.304,1.02652
10,578,289.818,179.596,179.596,213.836,2.26646
10,581,283.965,166.619,166.619,275.812,0.188552
10,583,211.159,70.6947,70.6947,173.163,1.39958
10,600,3.2938,0.0483624,0.0483624,3.31226,-0.0355494
10,624,0.0136518,1.64605e-6,1.64605e-6,0.0124235,0.630597
10,648,4.84799e-5,5.60247e-11,5.60247e-11,4.65978e-5,0.257631
11,0,0,0,0,0,0
11,1,4.37279,3.62519,3.62519,3.65223,1.25843
11,2,7.08012,5.98654,5.98654,6.06953,1.06203
11,5,6.56125,5.55398,5.55398,5.77706,0.865832
11,7,3.08817,2.35649,2.35649,2.53076,1.40488
11,24,0.00266034,0.00161208,0.00161208,0.00227181,1.09086
11,48,1.02135e-7,5.48684e-8,5.48684e-8,1.13474e-7,-0.637393
11,72,6.09555e-12,1.86749e-12,1.86749e-12,5.6679e-12,0.481264
11,96,2.33802e-16,6.35615e-17,6.35615e-17,2.83104e-16,-0.222039
11,97,19.28,18.1259,18.1259,18.2612,0.355869
11,98,36.0712,29.9327,29.9327,30.3476,1.20298
11,101,38.2177,27.7699,27.7699,28.8853,2.06078
11,103,12.5436,11.7825,11.7825,12.6538,-0.0555245
11,120,0.0115488,0.00806041,0.00806041,0.0113591,0.10654
11,144,6.41288e-7,2.74342e-7,2.74342e-7,5.67371e-7,0.830983
11,168,2.91864e-11,9.33745e-12,9.33745e-12,2.83395e-11,0.190611
11,192,1.66377e-15,3.17808e-16,3.17808e-16,1.41552e-15,1.118
11,193,34.0474,36.2519,36.2519,36.5223,-0.432238
11,194,71.49,59.8654,59.8654,60.6953,1.13442
11,197,69.7305,55.5398,55.5398,57.7706,1.3205
11,199,29.0368,23.5649,23.5649,25.3076,0.939914
11,216,0.0271345,0.0161208,0.0161208,0.0227181,1.23996
11,240,8.87896e-7,5.48684e-7,5.48684e-7,1.13474e-6,-1.38754
11,264,5.54226e-11,1.86749e-11,1.86749e-11,5.6679e-11,-0.141384
11,288,2.65579e-15,6.35615e-16,6.35615e-16,2.83104e-15,-0.394864
11,289,128.628,108.756,108.756,109.567,1.10968
11,290,236.941,179.596,179.596,182.086,1.92157
11,293,206.836,166.619,166.619,173.312,1.23382
11,295,97.1007,70.6947,70.6947,75.9227,1.77921
11,312,0.072294,0.0483624,0.0483624,0.0681543,0.387423
11,336,3.51679e-6,1.64605e-6,1.64605e-6,3.40423e-6,0.210901
11,360,1.55216e-10,5.60247e-11,5.60247e-11,1.70037e-10,-0.555955
11,384,8.12989e-15,1.90685e-15,1.90685e-15,8.49313e-15,-0.2728
11,385,119.044,108.756,108.756,109.567,0.551727
11,386,209.359,179.596,179.596,182.086,0.955369
11,389,178.425,166.619,166.619,173.312,0.188188
11,391,86.9947,70.6947,70.6947,75.9227,0.930183
11,408,0.0762637,0.0483624,0.0483624,0.0681543,0.758943
11,432,3.79798e-6,1.64605e-6,1.64605e-6,3.40423e-6,0.737772
11,456,1.60441e-10,5.60247e-11,5.60247e-11,1.70037e-10,-0.359971
11,480,8.36151e-15,1.90685e-15,1.90685e-15,8.49313e-15,-0.0988505
11,481,115.962,108.756,108.756,109.567,0.37228
11,482,212.963,179.596,179.596,182.086,1.08161
11,485,203.992,166.619,166.619,173.312,1.12912
11,487,100.297,70.6947,70.6947,75.9227,2.04773
11,504,0.0808051,0.0483624,0.0483624,0.0681543,1.18397
11,528,3.41186e-6,1.64605e-6,1.64605e-6,3.40423e-6,0.0143024
11,552,1.62252e-10,5.60247e-11,5.60247e-11,1.70037e-10,-0.292047
11,576,8.99553e-15,1.90685e-15,1.90685e-15,8.49313e-15,0.37731
11,577,117.554,108.756,108.756,109.567,0.46498
11,578,220.551,179.596,179.596,182.086,1.34743
11,581,220.024,166.619,166.619,173.312,1.71919
11,583,76.6453,70.6947,70.6947,75.9227,0.0607032
11,600,0.07318,0.0483624,0.0483624,0.0681543,0.470348
11,624,3.49822e-6,1.64605e-6,1.64605e-6,3.40423e-6,0.176117
11,648,1.26017e-10,5.60247e-11,5.60247e-11,1.70037e-10,-1.6513
12,0,0,0,0,0,0
12,1,4.18037,3.62519,3.62519,3.59581,1.03692
12,2,6.18266,5.98654,5.98654,5.8973,0.308648
12,5,6.9513,5.55398,5.55398,5.32081,1.9546
12,7,2.52521,2.35649,2.35649,2.17971,1.01103
12,24,0.00122662,0.00161208,0.00161208,0.00110657,0.691992
12,48,2.46169e-8,5.48684e-8,5.48684e-8,2.47193e-8,-0.0264339
12,72,5.25376e-13,1.86749e-12,1.86749e-12,5.52196e-13,-0.309798
12,96,9.84334e-18,6.35615e-17,6.35615e-17,1.23353e-17,-0.0112227
12,97,17.5794,18.1259,18.1259,17.9791,-0.141778
12,98,30.3082,29.9327,29.9327,29.4865,0.177743
12,101,27.4387,27.7699,27.7699,26.604,0.20012
12,103,12.8458,11.7825,11.7825,10.8985,1.13966
12,120,0.0062103,0.00806041,0.00806041,0.00553287,0.78097
12,144,1.14764e-7,2.74342e-7,2.74342e-7,1.23597e-7,-0.455815
12,168,2.26324e-12,9.33745e-12,9.33745e-12,2.76098e-12,-1.14989
12,192,5.53178e-17,3.17808e-16,3.17808e-16,6.16764e-17,-0.0286366
12,193,39.6328,36.2519,36.2519,35.9581,0.651842
12,194,62.5501,59.8654,59.8654,58.973,0.386897
12,197,63.3717,55.5398,55.5398,53.2081,1.2184
12,199,20.5793,23.5649,23.5649,21.7971,-0.356361
12,216,0.010775,0.0161208,0.0161208,0.0110657,-0.167558
12,240,2.31764e-7,5.48684e-7,5.48684e-7,2.47193e-7,-0.398125
12,264,4.91353e-12,1.86749e-11,1.86749e-11,5.52196e-12,-0.702804
12,288,1.14566e-16,6.35615e-16,6.35615e-16,1.23353e-16,-0.039572
12,289,143.415,108.756,108.756,107.874,2.1015
12,290,195.86,179.596,179.596,176.919,0.682879
12,293,174.782,166.619,166.619,159.624,0.6057
12,295,77.9567,70.6947,70.6947,65.3913,1.22567
12,312,0.0311675,0.0483624,0.0483624,0.0331972,-0.389978
12,336,8.74208e-7,1.64605e-6,1.64605e-6,7.4158e-7,1.14076
12,360,1.52724e-11,5.60247e-11,5.60247e-11,1.65659e-11,-0.498025
12,384,2.93888e-16,1.90685e-15,1.90685e-15,3.70059e-16,-0.34304
12,385,130.379,108.756,108.756,107.874,1.33069
12,386,195.579,179.596,179.596,176.919,0.67275
12,389,211.97,166.619,166.619,159.624,2.09172
12,391,69.2292,70.6947,70.6947,65.3913,0.37436
12,408,0.0347604,0.0483624,0.0483624,0.0331972,0.300343
12,432,7.43913e-7,1.64605e-6,1.64605e-6,7.4158e-7,0.0200674
12,456,1.55489e-11,5.60247e-11,5.60247e-11,1.65659e-11,-0.391582
12,480,3.75028e-16,1.90685e-15,1.90685e-15,3.70059e-16,0.0223792
12,481,122.216,108.756,108.756,107.874,0.848002
12,482,183.049,179.596,179.596,176.919,0.22102
12,485,164.052,166.619,166.619,159.624,0.176934
12,487,74.334,70.6947,70.6947,65.3913,0.872301
12,504,0.0315081,0.0483624,0.0483624,0.0331972,-0.324545
12,528,8.62017e-7,1.64605e-6,1.64605e-6,7.4158e-7,1.03591
12,552,1.87277e-11,5.60247e-11,5.60247e-11,1.65659e-11,0.832386
12,576,3.34662e-16,1.90685e-15,1.90685e-15,3.70059e-16,-0.159414
12,577,120.609,108.756,108.756,107.874,0.752968
12,578,221.005,179.596,179.596,176.919,1.58942
12,581,166.007,166.619,166.619,159.624,0.255073
12,583,67.8016,70.6947,70.6947,65.3913,0.235104
12,600,0.0359401,0.0483624,0.0483624,0.0331972,0.527015
12,624,6.88737e-7,1.64605e-6,1.64605e-6,7.4158e-7,-0.454513
12,648,1.54396e-11,5.60247e-11,5.60247e-11,1.65659e-11,-0.433672
13,0,0,0,0,0,0
13,1,3.42003,3.62519,3.62519,3.56476,-0.258963
13,2,5.80608,5.98654,5.98654,5.80395,0.00233344
13,5,5.56874,5.55398,5.55398,5.08422,0.607867
13,7,2.42623,2.35649,2.35649,2.00607,1.33593
13,24,0.000813116,0.00161208,0.00161208,0.00074025,0.62786
13,48,1.22746e-8,5.48684e-8,5.48684e-8,1.05399e-8,1.04982
13,72,1.47704e-13,1.86749e-12,1.86749e-12,1.5007e-13,-0.10059
13,96,1.84253e-18,6.35615e-17,6.35615e-17,2.13675e-18,-0.00132502
13,97,18.9369,18.1259,18.1259,17.8238,0.398348
13,98,30.592,29.9327,29.9327,29.0198,0.345576
13,101,32.4676,27.7699,27.7699,25.4211,1.76806
13,103,12.3827,11.7825,11.7825,10.0303,1.4959
13,120,0.00474627,0.00806041,0.00806041,0.00370125,1.80091
13,144,5.1292e-8,2.74342e-7,2.74342e-7,5.26995e-8,-0.170355
13,168,6.30873e-13,9.33745e-12,9.33745e-12,7.50352e-13,-1.01565
13,192,8.51675e-18,3.17808e-16,3.17808e-16,1.06837e-17,-0.0097592
13,193,38.2484,36.2519,36.2519,35.6476,0.465354
13,194,81.5524,59.8654,59.8654,58.0395,2.58404
13,197,58.829,55.5398,55.5398,50.8422,1.00199
13,199,25.1224,23.5649,23.5649,20.0607,1.60943
13,216,0.00771105,0.0161208,0.0161208,0.0074025,0.26586
13,240,1.05986e-7,5.48684e-7,5.48684e-7,1.05399e-7,0.0355066
13,264,1.66125e-12,1.86749e-11,1.86749e-11,1.5007e-12,0.682374
13,288,2.29197e-17,6.35615e-16,6.35615e-16,2.13675e-17,0.00699051
13,289,174.919,163.133,163.133,160.414,0.576762
13,290,339.769,269.394,269.394,261.178,1.91935
13,293,270.923,249.929,249.929,228.79,1.17464
13,295,117.749,106.042,106.042,90.2731,1.9414
13,312,0.036983,0.0725436,0.0725436,0.0333113,0.703076
13,336,4.11014e-7,2.46908e-6,2.46908e-6,4.74296e-7,-0.851039
13,360,7.61483e-12,8.40371e-11,8.40371e-11,6.75316e-12,0.813859
13,384,8.36922e-17,2.86027e-15,2.86027e-15,9.61536e-17,-0.056121
13,385,208.383,163.133,163.133,160.414,1.90737
13,386,320.893,269.394,269.394,261.178,1.45836
13,389,240.71,249.929,249.929,228.79,0.332317
13,391,100.325,106.042,106.042,90.2731,0.71023
13,408,0.0417917,0.0725436,0.0725436,0.0333113,1.62384
13,432,4.21004e-7,2.46908e-6,2.46908e-6,4.74296e-7,-0.716688
13,456,6.89958e-12,8.40371e-11,8.40371e-11,6.75316e-12,0.138291
13,480,8.46425e-17,2.86027e-15,2.86027e-15,9.61536e-17,-0.0518412
13,481,158.467,163.133,163.133,160.414,-0.0774195
13,482,335.118,269.394,269.394,261.178,1.80575
13,485,240.447,249.929,249.929,228.79,0.324994
13,487,96.2736,106.042,106.042,90.2731,0.423982
13,504,0.0355255,0.0725436,0.0725436,0.0333113,0.423994
13,528,4.61923e-7,2.46908e-6,2.46908e-6,4.74296e-7,-0.166388
13,552,5.7677e-12,8.40371e-11,8.40371e-11,6.75316e-12,-0.930789
13,576,9.6274e-17,2.86027e-15,2.86027e-15,9.61536e-17,0.000542565
13,577,188.114,163.133,163.133,160.414,1.10141
13,578,310.865,269.394,269.394,261.178,1.21345
13,581,257.514,249.929,249.929,228.79,0.800809
13,583,113.652,106.042,106.042,90.2731,1.65193
13,600,0.0351749,0.0725436,0.0725436,0.0333113,0.356846
13,624,4.70139e-7,2.46908e-6,2.46908e-6,4.74296e-7,-0.0558953
13,648,7.19703e-12,8.40371e-11,8.40371e-11,6.75316e-12,0.419243
14,0,0,0,0,0,0
14,1,4.12334,3.62519,3.62519,3.97959,0.230416
14,2,9.19813,5.98654,5.98654,7.13742,1.84159
14,5,12.8772,5.55398,5.55398,9.2297,2.5207
14,7,5.72832,2.35649,2.35649,5.81152,-0.0913156
14,24,0.151683,0.00161208,0.00161208,0.113935,2.11322
14,48,0.000454198,5.48684e-8,5.48684e-8,0.000442471,0.169041
14,72,1.60364e-6,1.86749e-12,1.86749e-12,1.71835e-6,-0.425796
14,96,6.33515e-9,6.35615e-17,6.35615e-17,6.67326e-9,-0.323179
14,97,25.1839,18.1259,18.1259,19.8979,1.69446
14,98,40.8023,29.9327,29.9327,35.6871,0.914254
14,101,55.2531,27.7699,27.7699,46.1485,1.2584
14,103,40.9404,11.7825,11.7825,29.0576,2.60841
14,120,0.678771,0.00806041,0.00806041,0.569677,1.22148
14,144,0.00241106,2.74342e-7,2.74342e-7,0.00221236,0.57287
14,168,6.33774e-6,9.33745e-12,9.33745e-12,8.59175e-6,-1.67336
14,192,3.43878e-8,3.17808e-16,3.17808e-16,3.33663e-8,0.195277
14,193,45.5653,36.2519,36.2519,39.7959,0.924728
14,194,77.5291,59.8654,59.8654,71.3742,0.55005
14,197,106.046,55.5398,55.5398,92.297,0.950143
14,199,57.3495,23.5649,23.5649,58.1152,-0.0840465
14,216,1.32097,0.0161208,0.0161208,1.13935,1.01677
14,240,0.00495156,5.48684e-7,5.48684e-7,0.00442471,0.759486
14,264,1.73966e-5,1.86749e-11,1.86749e-11,1.71835e-5,0.0791129
14,288,6.69163e-8,6.35615e-16,6.35615e-16,6.67326e-8,0.0175625
14,289,168.755,163.133,163.133,179.081,-0.3678
14,290,310.89,269.394,269.394,321.184,-0.204418
14,293,447.393,249.929,249.929,415.337,0.4923
14,295,311.392,106.042,106.042,261.519,1.21642
14,312,5.37306,0.0725436,0.0725436,5.12709,0.306006
14,336,0.0221606,2.46908e-6,2.46908e-6,0.0199112,0.720581
14,360,8.43124e-5,8.40371e-11,8.40371e-11,7.73257e-5,0.576314
14,384,2.58466e-7,2.86027e-15,2.86027e-15,3.00297e-7,-0.888511
14,385,212.985,163.133,163.133,179.081,1.20755
14,386,414.166,269.394,269.394,321.184,1.84657
14,389,461.583,249.929,249.929,415.337,0.71022
14,391,313.81,106.042,106.042,261.519,1.27539
14,408,5.40371,0.0725436,0.0725436,5.12709,0.344128
14,432,0.019812,2.46908e-6,2.46908e-6,0.0199112,-0.0317798
14,456,8.6454e-5,8.40371e-11,8.40371e-11,7.73257e-5,0.752974
14,480,2.65201e-7,2.86027e-15,2.86027e-15,3.00297e-7,-0.745459
14,481,188.187,163.133,163.133,179.081,0.324334
14,482,348.596,269.394,269.394,321.184,0.544383
14,485,455.253,249.929,249.929,415.337,0.613007
14,487,275.415,106.042,106.042,261.519,0.338932
14,504,5.58947,0.0725436,0.0725436,5.12709,0.575225
14,528,0.018357,2.46908e-6,2.46908e-6,0.0199112,-0.497892
14,552,8.514e-5,8.40371e-11,8.40371e-11,7.73257e-5,0.644584
14,576,2.92015e-7,2.86027e-15,2.86027e-15,3.00297e-7,-0.175905
14,577,206.037,163.133,163.133,179.081,0.960112
14,578,350.075,269.394,269.394,321.184,0.573751
14,581,461.586,249.929,249.929,415.337,0.710272
14,583,260.295,106.042,106.042,261.519,-0.0298344
14,600,5.19229,0.0725436,0.0725436,5.12709,0.0811108
14,624,0.0182218,2.46908e-6,2.46908e-6,0.0199112,-0.541208
14,648,7.41368e-5,8.40371e-11,8.40371e-11,7.73257e-5,-0.263052
15,0,0,0,0,0,0
15,1,4.42923,3.62519,3.62519,3.71075,1.23501
15,2,7.57183,5.98654,5.98654,6.25181,1.34677
15,5,6.23307,5.55398,5.55398,6.28864,-0.0563643
15,7,3.39253,2.35649,2.35649,2.9489,0.959565
15,24,0.00495801,0.00161208,0.00161208,0.00472104,0.320154
15,48,4.89498e-7,5.48684e-8,5.48684e-8,5.33676e-7,-0.52802
15,72,5.69139e-11,1.86749e-12,1.86749e-12,6.03278e-11,-0.360953
15,96,6.83409e-15,6.35615e-17,6.35615e-17,6.81957e-15,0.0135752
15,97,20.4505,18.1259,18.1259,18.5538,0.652081
15,98,29.4957,29.9327,29.9327,31.259,-0.359818
15,101,35.316,27.7699,27.7699,31.4432,0.785625
15,103,16.6177,11.7825,11.7825,14.7445,0.81036
15,120,0.0253702,0.00806041,0.00806041,0.0236052,0.476934
15,144,3.01421e-6,2.74342e-7,2.74342e-7,2.66838e-6,0.826667
15,168,2.17338e-10,9.33745e-12,9.33745e-12,3.01639e-10,-1.78263
15,192,3.57759e-14,3.17808e-16,3.17808e-16,3.40979e-14,0.313905
15,193,43.844,36.2519,36.2519,37.1075,1.15795
15,194,93.5978,59.8654,59.8654,62.5181,3.17095
15,197,61.4677,55.5398,55.5398,62.8864,-0.143899
15,199,33.8607,23.5649,23.5649,29.489,0.945593
15,216,0.0556688,0.0161208,0.0161208,0.0472104,1.14279
15,240,5.19759e-6,5.48684e-7,5.48684e-7,5.33676e-6,-0.166332
15,264,7.46039e-10,1.86749e-11,1.86749e-11,6.03278e-10,1.50942
15,288,6.80648e-14,6.35615e-16,6.35615e-16,6.81957e-14,-0.0122432
15,289,160.889,163.133,163.133,166.984,-0.232818
15,290,263.84,269.394,269.394,281.331,-0.396576
15,293,332.539,249.929,249.929,282.989,1.11684
15,295,157.731,106.042,106.042,132.7,1.20315
15,312,0.257841,0.0725436,0.0725436,0.212447,1.36291
15,336,2.58518e-5,2.46908e-6,2.46908e-6,2.40154e-5,0.487748
15,360,2.62765e-9,8.40371e-11,8.40371e-11,2.71475e-9,-0.204642
15,384,2.75e-13,2.86027e-15,2.86027e-15,3.06881e-13,-0.66264
15,385,210.989,163.133,163.133,166.984,1.68091
15,386,288.324,269.394,269.394,281.331,0.158533
15,389,311.609,249.929,249.929,282.989,0.645091
15,391,161.917,106.042,106.042,132.7,1.40434
15,408,0.238616,0.0725436,0.0725436,0.212447,0.785679
15,432,2.27759e-5,2.46908e-6,2.46908e-6,2.40154e-5,-0.32922
15,456,2.61987e-9,8.40371e-11,8.40371e-11,2.71475e-9,-0.222924
15,480,2.73004e-13,2.86027e-15,2.86027e-15,3.06881e-13,-0.704121
15,481,146.622,163.133,163.133,166.984,-0.777772
15,482,290.762,269.394,269.394,281.331,0.213816
15,485,340.055,249.929,249.929,282.989,1.28624
15,487,142.185,106.042,106.042,132.7,0.45589
15,504,0.261849,0.0725436,0.0725436,0.212447,1.48325
15,528,2.96527e-5,2.46908e-6,2.46908e-6,2.40154e-5,1.49725
15,552,2.76712e-9,8.40371e-11,8.40371e-11,2.71475e-9,0.123043
16,0,0,0,0,0,0
16,1,21.2718,18.1259,18.1259,20.8047,0.143215
16,2,49.0582,29.9327,29.9327,38.9036,1.66491
16,5,68.6857,27.7699,27.7699,59.457,0.990038
16,7,48.4627,11.7825,11.7825,44.9971,0.491253
16,24,5.23895,0.00806041,0.00806041,4.2124,1.55442
16,48,0.154874,2.74342e-7,2.74342e-7,0.1487,0.264829
16,72,0.00570638,9.33745e-12,9.33745e-12,0.00524917,0.555581
16,96,0.00017433,3.17808e-16,3.17808e-16,0.000185298,-0.377551
16,97,51.1945,36.2519,36.2519,41.6096,1.46931
16,98,81.9515,59.8654,59.8654,77.8073,0.339732
16,101,117.706,55.5398,55.5398,118.914,-0.0648019
16,103,116.697,23.5649,23.5649,89.9943,1.8926
16,120,9.0262,0.0161208,0.0161208,8.4248,0.455323
16,144,0.27786,5.48684e-7,5.48684e-7,0.297399,-0.419072
16,168,0.00965929,1.86749e-11,1.86749e-11,0.0104983,-0.509783
16,192,0.000331139,6.35615e-16,6.35615e-16,0.000370596,-0.679118
16,193,144.895,90.6296,90.6296,104.024,2.50611
16,194,242.225,149.663,149.663,194.518,1.56437
16,197,340.251,138.85,138.85,297.285,0.921862
16,199,264.475,58.9123,58.9123,224.986,1.11954
16,216,19.3524,0.040302,0.040302,21.062,-0.517731
16,240,0.692963,1.37171e-6,1.37171e-6,0.743499,-0.433549
16,264,0.0235991,4.66873e-11,4.66873e-11,0.0262458,-0.643224
16,288,0.000865888,1.58904e-15,1.58904e-15,0.000926491,-0.417221
16,289,320.6,271.889,271.889,312.071,0.174313
16,290,632.26,448.99,448.99,583.555,0.532373
16,293,848.878,416.549,416.549,891.856,-0.307376
16,295,898.645,176.737,176.737,674.957,2.11389
16,312,60.8306,0.120906,0.120906,63.186,-0.237772
16,336,2.59523,4.11513e-6,4.11513e-6,2.2305,1.04303
16,360,0.0803437,1.40062e-10,1.40062e-10,0.0787375,0.130118
16,384,0.00264397,4.76711e-15,4.76711e-15,0.00277947,-0.310957
16,385,381.368,271.889,271.889,312.073,1.41633
16,386,631.523,448.99,448.99,583.556,0.524293
16,389,1170.01,416.549,416.549,891.857,1.9893
16,391,744.986,176.737,176.737,674.958,0.661773
16,408,68.8552,0.120906,0.120906,63.1861,0.572284
16,432,2.1705,4.11513e-6,4.11513e-6,2.2305,-0.17156
16,456,0.0713107,1.40062e-10,1.40062e-10,0.0787376,-0.60165
16,480,0.00293178,4.76711e-15,4.76711e-15,0.00277947,0.349519
16,481,378.222,271.889,271.889,312.073,1.35203
16,482,639.157,448.99,448.99,583.556,0.607739
16,485,1023.15,416.549,416.549,891.857,0.939002
16,487,701.293,176.737,176.737,674.958,0.248868
16,504,67.9642,0.120906,0.120906,63.1861,0.482341
16,528,2.57114,4.11513e-6,4.11513e-6,2.2305,0.974125
16,552,0.0743904,1.40062e-10,1.40062e-10,0.0787376,-0.352164
16,576,0.00227276,4.76711e-15,4.76711e-15,0.00277947,-1.16283
16,577,276.395,271.889,271.889,312.073,-0.729231
16,578,601.319,448.99,448.99,583.556,0.194153
16,581,987.972,416.549,416.549,891.857,0.687409
16,583,761.707,176.737,176.737,674.958,0.819793
16,600,57.3103,0.120906,0.120906,63.1861,-0.593141
16,624,2.45029,4.11513e-6,4.11513e-6,2.2305,0.628522
16,648,0.0708657,1.40062e-10,1.40062e-10,0.0787376,-0.637702
17,0,0,0,0,0,0
17,1,17.8478,18.1259,18.1259,16.6268,0.468435
17,2,30.4264,29.9327,29.9327,25.5913,1.20512
17,5,15.3766,27.7699,27.7699,17.8089,-0.871162
17,7,4.75155,11.7825,11.7825,5.17697,-0.524156
17,24,0.000147823,0.00806041,0.00806041,0.000142335,0.245935
17,48,4.81346e-11,2.74342e-7,2.74342e-7,5.18302e-11,-0.454798
17,72,1.38846e-17,9.33745e-12,9.33745e-12,1.88736e-17,-0.0224688
17,96,5.66703e-24,3.17808e-16,3.17808e-16,6.87272e-24,-5.42996e-9
17,97,43.1881,36.2519,36.2519,33.2536,1.90558
17,98,60.9002,59.8654,59.8654,51.1826,1.21103
17,101,37.0561,55.5398,55.5398,35.6177,0.257577
17,103,12.2642,23.5649,23.5649,10.3539,1.17683
17,120,0.000296835,0.0161208,0.0161208,0.000284669,0.272603
17,144,1.00294e-10,5.48684e-7,5.48684e-7,1.0366e-10,-0.207175
17,168,3.44288e-17,1.86749e-11,1.86749e-11,3.77473e-17,-0.0149452
17,192,9.91873e-24,6.35615e-16,6.35615e-16,1.37454e-23,-1.7234e-8
17,193,83.2022,90.6296,90.6296,83.1339,0.00524569
17,194,118.561,149.663,149.663,127.957,-0.468373
17,197,105.517,138.85,138.85,89.0443,1.18001
17,199,31.0742,58.9123,58.9123,25.8848,1.27875
17,216,0.000743825,0.040302,0.040302,0.000711673,0.288165
17,240,2.24141e-10,1.37171e-6,1.37171e-6,2.59151e-10,-0.861714
17,264,7.49834e-17,4.66873e-11,4.66873e-11,9.43682e-17,-0.0873015
17,288,2.5153e-23,1.58904e-15,1.58904e-15,3.43636e-23,-4.1481e-8
17,289,286.633,271.889,271.889,249.402,0.95219
17,290,419.625,448.99,448.99,383.87,0.594117
17,293,311.557,416.549,416.549,267.133,1.06073
17,295,84.3283,176.737,176.737,77.6545,0.548178
17,312,0.00223316,0.120906,0.120906,0.00213502,0.293209
17,336,8.80823e-10,4.11513e-6,4.11513e-6,7.77454e-10,0.848078
17,360,2.44934e-16,1.40062e-10,1.40062e-10,2.83105e-16,-0.171906
17,384,7.62548e-23,4.76711e-15,4.76711e-15,1.03091e-22,-1.20859e-7
17,385,289.308,271.889,271.889,249.402,1.02062
17,386,517.419,448.99,448.99,383.87,2.21909
17,389,324.368,416.549,416.549,267.133,1.36662
17,391,96.0657,176.737,176.737,77.6545,1.51227
17,408,0.00211666,0.120906,0.120906,0.00213502,-0.0548503
17,432,7.25302e-10,4.11513e-6,4.11513e-6,7.77454e-10,-0.427871
17,456,2.41406e-16,1.40062e-10,1.40062e-10,2.83105e-16,-0.187795
17,480,6.75366e-23,4.76711e-15,4.76711e-15,1.03091e-22,-1.60122e-7
17,481,306.341,271.889,271.889,249.402,1.45623
17,482,452.579,448.99,448.99,383.87,1.14169
17,485,279.282,416.549,416.549,267.133,0.2901
17,487,95.7033,176.737,176.737,77.6545,1.48251
17,504,0.00231959,0.120906,0.120906,0.00213502,0.551419
17,528,7.69364e-10,4.11513e-6,4.11513e-6,7.77454e-10,-0.0663693
17,552,2.37045e-16,1.40062e-10,1.40062e-10,2.83105e-16,-0.207434
18,0,0,0,0,0,0
18,1,23.4933,18.1259,18.1259,19.2822,1.39305
18,2,31.8749,29.9327,29.9327,33.6088,-0.329079
18,5,42.377,27.7699,27.7699,38.757,0.595764
18,7,26.1498,11.7825,11.7825,21.3959,1.41721
18,24,0.161205,0.00806041,0.00806041,0.137141,1.11921
18,48,0.000133913,2.74342e-7,2.74342e-7,0.000109884,1.39482
18,72,8.89364e-8,9.33745e-12,9.33745e-12,8.80448e-8,0.064591
18,96,6.99526e-11,3.17808e-16,3.17808e-16,7.0546e-11,-0.0536492
18,97,41.0487,36.2519,36.2519,38.5643,0.410912
18,98,72.8955,59.8654,59.8654,67.2177,0.538787
18,101,89.8169,55.5398,55.5398,77.5141,1.01238
18,103,49.1418,23.5649,23.5649,42.7919,0.946513
18,120,0.265145,0.0161208,0.0161208,0.274282,-0.21249
18,144,0.000223981,5.48684e-7,5.48684e-7,0.000219769,0.12226
18,168,1.76238e-7,1.86749e-11,1.86749e-11,1.7609e-7,0.00538387
18,192,1.35343e-10,6.35615e-16,6.35615e-16,1.41092e-10,-0.259899
18,193,113.411,90.6296,90.6296,96.4108,1.12476
18,194,183.336,149.663,149.663,168.044,0.580432
18,197,214.407,138.85,138.85,193.785,0.678773
18,199,111.613,58.9123,58.9123,106.98,0.276272
18,216,0.763775,0.040302,0.040302,0.685705,0.726213
18,240,0.000539931,1.37171e-6,1.37171e-6,0.000549421,-0.110175
18,264,4.53769e-7,4.66873e-11,4.66873e-11,4.40224e-7,0.196249
18,288,2.79439e-10,1.58904e-15,1.58904e-15,3.5273e-10,-1.32534
18,289,354.371,271.889,271.889,289.232,1.4365
18,290,621.312,448.99,448.99,504.133,1.4826
18,293,650.614,416.549,416.549,581.355,0.759885
18,295,393.492,176.737,176.737,320.939,1.44195
18,312,2.59235,0.120906,0.120906,2.05711,1.65961
18,336,0.00162577,4.11513e-6,4.11513e-6,0.00164826,-0.087055
18,360,1.27349e-6,1.40062e-10,1.40062e-10,1.32067e-6,-0.227864
18,384,8.9936e-10,4.76711e-15,4.76711e-15,1.05819e-9,-0.957382
18,385,370.543,271.889,271.889,289.232,1.79316
18,386,669.132,448.99,448.99,504.133,2.08764
18,389,683.151,416.549,416.549,581.355,1.11688
18,391,363.781,176.737,176.737,320.939,0.851456
18,408,2.14233,0.120906,0.120906,2.05711,0.26422
18,432,0.00148545,4.11513e-6,4.11513e-6,0.00164826,-0.630072
18,456,1.23836e-6,1.40062e-10,1.40062e-10,1.32067e-6,-0.397547
18,480,1.11177e-9,4.76711e-15,4.76711e-15,1.05819e-9,0.322946
18,481,300.499,271.889,271.889,289.232,0.248468
18,482,582.451,448.99,448.99,504.133,0.990917
18,485,608.361,416.549,416.549,581.355,0.296298
18,487,411.834,176.737,176.737,320.939,1.8065
18,504,2.3367,0.120906,0.120906,2.05711,0.866906
18,528,0.00198747,4.11513e-6,4.11513e-6,0.00164826,1.31266
18,552,1.24684e-6,1.40062e-10,1.40062e-10,1.32067e-6,-0.356576
18,576,1.06345e-9,4.76711e-15,4.76711e-15,1.05819e-9,0.0317343
18,577,345.086,271.889,271.889,289.232,1.23174
18,578,541.751,448.99,448.99,504.133,0.475962
18,581,556.376,416.549,416.549,581.355,-0.274063
18,583,391.719,176.737,176.737,320.939,1.40671
18,600,1.86675,0.120906,0.120906,2.05711,-0.590257
18,624,0.00164583,4.11513e-6,4.11513e-6,0.00164826,-0.00942516
18,648,1.40229e-6,1.40062e-10,1.40062e-10,1.32067e-6,0.394186
19,0,0,0,0,0,0
19,1,3.8058,3.62519,3.62519,3.70749,0.169134
19,2,8.60103,5.98654,5.98654,6.24154,2.41126
19,5,6.58552,5.55398,5.55398,6.25903,0.332716
19,7,3.45826,2.35649,2.35649,2.92401,1.16543
19,24,0.00595626,0.00161208,0.00161208,0.00453407,2.00071
19,48,5.45836e-7,5.48684e-8,5.48684e-8,4.89947e-7,0.727596
19,72,5.79249e-11,1.86749e-12,1.86749e-12,5.29432e-11,0.600189
19,96,4.82748e-15,6.35615e-17,6.35615e-17,5.72099e-15,-0.996195
19,97,18.2925,18.1259,18.1259,18.5374,-0.0842732
19,98,35.6799,29.9327,29.9327,31.2077,0.91407
19,101,35.7652,27.7699,27.7699,31.2952,0.911067
19,103,19.0419,11.7825,11.7825,14.6201,1.92917
19,120,0.0295842,0.00806041,0.00806041,0.0226704,1.94525
19,144,2.65611e-6,2.74342e-7,2.74342e-7,2.44974e-6,0.537355
19,168,2.37871e-10,9.33745e-12,9.33745e-12,2.64716e-10,-0.646854
19,192,2.86002e-14,3.17808e-16,3.17808e-16,2.86049e-14,-0.00106392
19,193,43.1104,36.2519,36.2519,37.0749,1.03836
19,194,59.0812,59.8654,59.8654,62.4154,-0.340733
19,197,64.903,55.5398,55.5398,62.5903,0.235679
19,199,31.0163,23.5649,23.5649,29.2401,0.387454
19,216,0.0412838,0.0161208,0.0161208,0.0453407,-0.570729
19,240,5.61801e-6,5.48684e-7,5.48684e-7,4.89947e-6,0.935446
19,264,5.47759e-10,1.86749e-11,1.86749e-11,5.29432e-10,0.220803
19,288,5.20245e-14,6.35615e-16,6.35615e-16,5.72099e-14,-0.578125
19,289,204.745,163.133,163.133,166.837,1.4493
19,290,252.155,269.394,269.394,280.869,-0.6521
19,293,329.921,249.929,249.929,281.656,1.09302
19,295,160.726,106.042,106.042,131.58,1.41286
19,312,0.205338,0.0725436,0.0725436,0.204033,0.0407906
19,336,2.12018e-5,2.46908e-6,2.46908e-6,2.20476e-5,-0.244698
19,360,2.48203e-9,8.40371e-11,8.40371e-11,2.38244e-9,0.266627
19,384,2.1853e-13,2.86027e-15,2.86027e-15,2.57444e-13,-0.964149
19,385,152.119,163.133,163.133,166.837,-0.562697
19,386,325.025,269.394,269.394,280.869,1.00277
19,389,297.844,249.929,249.929,281.656,0.366581
19,391,164.05,106.042,106.042,131.58,1.57397
19,408,0.196065,0.0725436,0.0725436,0.204033,-0.249121
19,432,2.25026e-5,2.46908e-6,2.46908e-6,2.20476e-5,0.13162
19,456,2.38713e-9,8.40371e-11,8.40371e-11,2.38244e-9,0.0125546
19,480,2.43047e-13,2.86027e-15,2.86027e-15,2.57444e-13,-0.356721
19,481,200.393,163.133,163.133,166.837,1.28289
19,482,378.671,269.394,269.394,280.869,2.22106
19,485,319.993,249.929,249.929,281.656,0.868182
19,487,158.319,106.042,106.042,131.58,1.29616
19,504,0.234758,0.0725436,0.0725436,0.204033,0.960515
19,528,2.47711e-5,2.46908e-6,2.46908e-6,2.20476e-5,0.787917
19,552,2.56735e-9,8.40371e-11,8.40371e-11,2.38244e-9,0.495046
19,576,2.33514e-13,2.86027e-15,2.86027e-15,2.57444e-13,-0.592911
19,577,206.268,163.133,163.133,166.837,1.50751
19,578,340.872,269.394,269.394,280.869,1.36265
19,581,392,249.929,249.929,281.656,2.49887
19,583,146.214,106.042,106.042,131.58,0.709397
19,600,0.264505,0.0725436,0.0725436,0.204033,1.89046
19,624,1.84833e-5,2.46908e-6,2.46908e-6,2.20476e-5,-1.03117
19,648,2.29612e-9,8.40371e-11,8.40371e-11,2.38244e-9,-0.231117
20,0,0,0,0,0,0
20,1,3.89923,3.62519,3.62519,3.58691,0.555382
20,2,5.85902,5.98654,5.98654,5.87042,-0.012397
20,5,6.07871,5.55398,5.55398,5.25194,1.00412
20,7,2.18255,2.35649,2.35649,2.12857,0.161784
20,24,0.00116172,0.00161208,0.00161208,0.000986528,1.13272
20,48,1.98882e-8,5.48684e-8,5.48684e-8,1.93784e-8,0.167808
20,72,3.43001e-13,1.86749e-12,1.86749e-12,3.8065e-13,-0.630886
20,96,5.83204e-18,6.35615e-17,6.35615e-17,7.47712e-18,-0.00740878
20,97,20.3609,18.1259,18.1259,17.9345,0.862924
20,98,30.4537,29.9327,29.9327,29.3521,0.239389
20,101,36.0486,27.7699,27.7699,26.2597,2.37773
20,103,12.0191,11.7825,11.7825,10.6428,0.824849
20,120,0.00620978,0.00806041,0.00806041,0.00493264,1.65149
20,144,9.25653e-8,2.74342e-7,2.74342e-7,9.6892e-8,-0.284828
20,168,1.65386e-12,9.33745e-12,9.33745e-12,1.90325e-12,-0.835782
20,192,3.58605e-17,3.17808e-16,3.17808e-16,3.73856e-17,-0.00686826
20,193,35.2288,36.2519,36.2519,35.8691,-0.113855
20,194,74.0565,59.8654,59.8654,58.7042,1.66808
20,197,50.3586,55.5398,55.5398,52.5194,-0.262422
20,199,21.4959,23.5649,23.5649,21.2857,0.0629889
20,216,0.00966099,0.0161208,0.0161208,0.00986528,-0.132086
20,240,2.18865e-7,5.48684e-7,5.48684e-7,1.93784e-7,0.825568
20,264,3.59951e-12,1.86749e-11,1.86749e-11,3.8065e-12,-0.346853
20,288,6.26255e-17,6.35615e-16,6.35615e-16,7.47712e-17,-0.0546994
20,289,213.012,163.133,163.133,161.411,2.03911
20,290,310.655,269.394,269.394,264.169,1.12243
20,293,333.306,249.929,249.929,236.337,2.61709
20,295,120.892,106.042,106.042,95.7854,1.67185
20,312,0.045957,0.0725436,0.0725436,0.0443938,0.224604
20,336,1.04028e-6,2.46908e-6,2.46908e-6,8.72028e-7,1.23071
20,360,1.55631e-11,8.40371e-11,8.40371e-11,1.71293e-11,-0.583195
20,384,3.50266e-16,2.86027e-15,2.86027e-15,3.3647e-16,0.0621301
20,385,213.475,163.133,163.133,161.411,2.05741
20,386,331.616,269.394,269.394,264.169,1.62853
20,389,282.38,249.929,249.929,236.337,1.24264
20,391,103.844,106.042,106.042,95.7854,0.536625
20,408,0.050993,0.0725436,0.0725436,0.0443938,0.94818
20,432,8.30853e-7,2.46908e-6,2.46908e-6,8.72028e-7,-0.301174
20,456,1.88974e-11,8.40371e-11,8.40371e-11,1.71293e-11,0.658403
20,480,3.18995e-16,2.86027e-15,2.86027e-15,3.3647e-16,-0.0787025
20,481,174.76,163.133,163.133,161.411,0.527503
20,482,305.465,269.394,269.394,264.169,0.997098
20,485,247.486,249.929,249.929,236.337,0.300883
20,487,101.88,106.042,106.042,95.7854,0.405819
20,504,0.0412552,0.0725436,0.0725436,0.0443938,-0.450946
20,528,7.88482e-7,2.46908e-6,2.46908e-6,8.72028e-7,-0.611101
20,552,1.66601e-11,8.40371e-11,8.40371e-11,1.71293e-11,-0.17469
20,576,3.01246e-16,2.86027e-15,2.86027e-15,3.3647e-16,-0.158637
20,577,181.045,163.133,163.133,161.411,0.775882
20,578,339.987,269.394,269.394,264.169,1.83064
20,581,268.641,249.929,249.929,236.337,0.871855
20,583,119.13,106.042,106.042,95.7854,1.55455
20,600,0.0473844,0.0725436,0.0725436,0.0443938,0.429697
20,624,8.26215e-7,2.46908e-6,2.46908e-6,8.72028e-7,-0.3351
20,648,1.73588e-11,8.40371e-11,8.40371e-11,1.71293e-11,0.0854827
21,0,0,0,0,0,0
21,1,3.88973,3.62519,3.62519,3.37684,0.968791
21,2,5.56198,5.98654,5.98654,5.26071,0.365286
21,5,4.17989,5.55398,5.55398,3.84824,0.549713
21,7,1.12572,2.35649,2.35649,1.19768,-0.383235
21,24,6.2038e-5,0.00161208,0.00161208,5.88185e-5,0.349132
21,48,5.0342e-11,5.48684e-8,5.48684e-8,4.85806e-11,0.231264
21,72,4.38793e-17,1.86749e-12,1.86749e-12,4.01248e-17,0.016909
21,96,3.41043e-23,6.35615e-17,6.35615e-17,3.31407e-23,4.33936e-9
21,97,18.0641,18.1259,18.1259,16.8842,0.445721
21,98,34.6606,29.9327,29.9327,26.3035,2.02655
21,101,20.9108,27.7699,27.7699,19.2412,0.553473
21,103,7.0537,11.7825,11.7825,5.9884,1.13469
21,120,0.000353037,0.00806041,0.00806041,0.000294092,1.27844
21,144,2.69025e-10,2.74342e-7,2.74342e-7,2.42903e-10,0.685934
21,168,2.19085e-16,9.33745e-12,9.33745e-12,2.00624e-16,0.0831399
21,192,1.70109e-22,3.17808e-16,3.17808e-16,1.65704e-22,1.98396e-8
21,193,39.6372,36.2519,36.2519,33.7684,1.10855
21,194,49.9322,59.8654,59.8654,52.6071,-0.324319
21,197,50.5415,55.5398,55.5398,38.4824,1.9988
21,199,14.5338,23.5649,23.5649,11.9768,1.36175
21,216,0.000708931,0.0161208,0.0161208,0.000588185,1.30941
21,240,5.47621e-10,5.48684e-7,5.48684e-7,4.85806e-10,0.811605
21,264,4.39282e-16,1.86749e-11,1.86749e-11,4.01248e-16,0.171292
21,288,3.30002e-22,6.35615e-16,6.35615e-16,3.31407e-22,-6.32865e-9
21,289,191.434,163.133,163.133,151.958,1.65702
21,290,261.547,269.394,269.394,236.732,0.668626
21,293,191.246,249.929,249.929,173.171,0.66577
21,295,57.7712,106.042,106.042,53.8956,0.458668
21,312,0.00254229,0.0725436,0.0725436,0.00264683,-0.251937
21,336,1.94887e-9,2.46908e-6,2.46908e-6,2.18613e-9,-0.692243
21,360,1.8224e-15,8.40371e-11,8.40371e-11,1.80562e-15,0.0593036
21,384,1.50051e-21,2.86027e-15,2.86027e-15,1.49133e-21,4.13084e-8
21,385,157.026,163.133,163.133,151.958,0.212754
21,386,252.102,269.394,269.394,236.732,0.414143
21,389,243.553,249.929,249.929,173.171,2.59244
21,391,56.7396,106.042,106.042,53.8956,0.336574
21,408,0.00299806,0.0725436,0.0725436,0.00264683,0.846415
21,432,2.17328e-9,2.46908e-6,2.46908e-6,2.18613e-9,-0.0374949
21,456,1.531e-15,8.40371e-11,8.40371e-11,1.80562e-15,-0.970103
21,480,1.26575e-21,2.86027e-15,2.86027e-15,1.49133e-21,-1.01592e-6
21,481,178.624,163.133,163.133,151.958,1.11931
21,482,304.639,269.394,269.394,236.732,1.82967
21,485,178.758,249.929,249.929,173.171,0.205803
21,487,56.861,106.042,106.042,53.8956,0.350942
21,504,0.00249069,0.0725436,0.0725436,0.00264683,-0.376269
21,528,2.0779e-9,2.46908e-6,2.46908e-6,2.18613e-9,-0.315785
21,552,1.56744e-15,8.40371e-11,8.40371e-11,1.80562e-15,-0.841383
21,576,1.59863e-21,2.86027e-15,2.86027e-15,1.49133e-21,4.83226e-7
21,577,192.537,163.133,163.133,151.958,1.70334
21,578,334.505,269.394,269.394,236.732,2.63439
21,581,188.109,249.929,249.929,173.171,0.550222
21,583,63.543,106.042,106.042,53.8956,1.14175
21,600,0.00272839,0.0725436,0.0725436,0.00264683,0.196537
21,624,2.39491e-9,2.46908e-6,2.46908e-6,2.18613e-9,0.609174
21,648,1.77007e-15,8.40371e-11,8.40371e-11,1.80562e-15,-0.125571
22,0,0,0,0,0,0
22,1,18.2669,18.1259,18.1259,17.65,0.222959
22,2,31.9111,29.9327,29.9327,28.5033,0.762599
22,5,27.9322,27.7699,27.7699,24.1546,0.997532
22,7,10.591,11.7825,11.7825,9.13347,1.01789
22,24,0.00243684,0.00806041,0.00806041,0.00234712,0.243835
22,48,2.21853e-8,2.74342e-7,2.74342e-7,2.0052e-8,0.678608
22,72,1.70707e-13,9.33745e-12,9.33745e-12,1.71309e-13,-0.0224018
22,96,1.35557e-18,3.17808e-16,3.17808e-16,1.46353e-18,-0.000486185
22,97,42.3139,36.2519,36.2519,35.2999,1.26738
22,98,75.1756,59.8654,59.8654,57.0065,2.03294
22,101,49.0789,55.5398,55.5398,48.3093,0.101613
22,103,21.4141,23.5649,23.5649,18.2669,1.09893
22,120,0.00488379,0.0161208,0.0161208,0.00469424,0.25757
22,144,3.55468e-8,5.48684e-7,5.48684e-7,4.01039e-8,-0.724799
22,168,3.6841e-13,1.86749e-11,1.86749e-11,3.42617e-13,0.480184
22,192,2.84694e-18,6.35615e-16,6.35615e-16,2.92706e-18,-0.000360835
22,193,116.088,90.6296,90.6296,88.2498,2.01204
22,194,186.051,149.663,149.663,142.516,1.94843
22,197,125.161,138.85,138.85,120.773,0.231751
22,199,48.685,58.9123,58.9123,45.6674,0.421487
22,216,0.0127499,0.040302,0.040302,0.0117356,0.551288
22,240,1.12798e-7,1.37171e-6,1.37171e-6,1.0026e-7,0.797698
22,264,6.96279e-13,4.66873e-11,4.66873e-11,8.56543e-13,-1.19344
23,0,0,0,0,0,0
23,1,22.3433,18.1259,18.1259,19.8315,0.807872
23,2,39.3309,29.9327,29.9327,35.4588,0.696517
23,5,58.9022,27.7699,27.7699,45.2922,1.91669
23,7,30.7585,11.7825,11.7825,28.1242,0.597435
23,24,0.64918,0.00806041,0.00806041,0.489858,2.07454
23,48,0.00159475,2.74342e-7,2.74342e-7,0.00160976,-0.0594932
23,72,4.71748e-6,9.33745e-12,9.33745e-12,5.28997e-6,-0.690284
23,96,1.63428e-8,3.17808e-16,3.17808e-16,1.73838e-8,-0.381947
23,97,44.2664,36.2519,36.2519,39.663,0.740292
23,98,85.8733,59.8654,59.8654,70.9177,1.34514
23,101,129.997,55.5398,55.5398,90.5844,2.77526
23,103,57.0305,23.5649,23.5649,56.2485,0.0886768
23,120,1.16558,0.0161208,0.0161208,0.979717,1.21007
23,144,0.00365295,5.48684e-7,5.48684e-7,0.00321953,0.858703
23,168,1.27175e-5,1.86749e-11,1.86749e-11,1.05799e-5,1.28869
23,192,3.67591e-8,6.35615e-16,6.35615e-16,3.47676e-8,0.36537
23,193,123.993,90.6296,90.6296,99.1576,1.59758
23,194,183.171,149.663,149.663,177.294,0.211424
23,197,256.478,138.85,138.85,226.461,0.845458
23,199,171.619,58.9123,58.9123,140.621,1.40604
23,216,2.09388,0.040302,0.040302,2.44929,-0.92558
23,240,0.00832566,1.37171e-6,1.37171e-6,0.00804881,0.219397
23,264,2.70307e-5,4.66873e-11,4.66873e-11,2.64498e-5,0.140081
23,288,6.71647e-8,1.58904e-15,1.58904e-15,8.6919e-8,-1.44965
23,289,378.325,271.889,271.889,297.473,1.73365
23,290,592.173,448.99,448.99,531.883,0.723023
23,293,894.429,416.549,416.549,679.383,2.01899
23,295,424.556,176.737,176.737,421.864,0.0407055
23,312,8.97824,0.120906,0.120906,7.34788,1.41527
23,336,0.0241985,4.11513e-6,4.11513e-6,0.0241464,0.013759
23,360,7.27288e-5,1.40062e-10,1.40062e-10,7.93495e-5,-0.532209
23,384,2.34102e-7,4.76711e-15,4.76711e-15,2.60757e-7,-0.652008
23,385,301.538,271.889,271.889,297.473,0.0871748
23,386,613.012,448.99,448.99,531.883,0.972928
23,389,777.432,416.549,416.549,679.383,0.920547
23,391,474.741,176.737,176.737,421.864,0.799496
23,408,7.31763,0.120906,0.120906,7.34788,-0.0262592
23,432,0.0251587,4.11513e-6,4.11513e-6,0.0241464,0.267393
23,456,7.42003e-5,1.40062e-10,1.40062e-10,7.93495e-5,-0.413919
23,480,2.59233e-7,4.76711e-15,4.76711e-15,2.60757e-7,-0.0372657
23,481,311.505,271.889,271.889,297.473,0.300881
23,482,723.389,448.99,448.99,531.883,2.29659
23,485,756.193,416.549,416.549,679.383,0.721146
23,487,458.914,176.737,176.737,421.864,0.560186
23,504,7.14849,0.120906,0.120906,7.34788,-0.173082
23,528,0.0261772,4.11513e-6,4.11513e-6,0.0241464,0.536434
23,552,7.79225e-5,1.40062e-10,1.40062e-10,7.93495e-5,-0.114714
23,576,2.64821e-7,4.76711e-15,4.76711e-15,2.60757e-7,0.0994171
23,577,307.818,271.889,271.889,297.473,0.221822
23,578,590.388,448.99,448.99,531.883,0.701609
23,581,694.387,416.549,416.549,679.383,0.140869
23,583,461.596,176.737,176.737,421.864,0.600738
23,600,7.4627,0.120906,0.120906,7.34788,0.0996754
23,624,0.0246337,4.11513e-6,4.11513e-6,0.0241464,0.128713
23,648,6.53201e-5,1.40062e-10,1.40062e-10,7.93495e-5,-1.12775
24,0,0,0,0,0,0
24,1,21.2021,18.1259,18.1259,18.3287,0.99995
24,2,34.7667,29.9327,29.9327,30.5565,0.878861
24,5,31.0326,27.7699,27.7699,29.4582,0.340902
24,7,13.5971,11.7825,11.7825,13.1109,0.23653
24,24,0.0115435,0.00806041,0.00806041,0.013467,-0.91106
24,48,8.763e-7,2.74342e-7,2.74342e-7,8.13595e-7,0.491593
24,72,5.03465e-11,9.33745e-12,9.33745e-12,4.91524e-11,0.154954
25,0,0,0,0,0,0
25,1,3.08471,3.62519,3.62519,3.24506,-0.315176
25,2,5.59529,5.98654,5.98654,4.9015,0.902856
25,5,3.44629,5.55398,5.55398,3.15386,0.59141
25,7,0.773145,2.35649,2.35649,0.821761,-0.377351
25,24,8.65011e-6,0.00161208,0.00161208,8.91085e-6,-0.186645
25,48,8.57787e-13,5.48684e-8,5.48684e-8,8.72476e-13,-0.107383
25,72,8.37847e-20,1.86749e-12,1.86749e-12,8.54254e-20,-7.38915e-6
25,96,5.27419e-27,6.35615e-17,6.35615e-17,8.36414e-27,-1.39159e-11
25,97,15.8675,18.1259,18.1259,16.2253,-0.140669
25,98,30.1852,29.9327,29.9327,24.5075,1.47772
25,101,15.0346,27.7699,27.7699,15.7693,-0.297187
25,103,5.15225,11.7825,11.7825,4.1088,1.61984
25,120,4.3409e-5,0.00806041,0.00806041,4.45543e-5,-0.163954
25,144,3.80015e-12,2.74342e-7,2.74342e-7,4.36238e-12,-0.822072
25,168,4.17383e-19,9.33745e-12,9.33745e-12,4.27127e-19,-4.38854e-5
25,192,3.5382e-26,3.17808e-16,3.17808e-16,4.18207e-26,-2.89971e-11
25,193,38.5397,36.2519,36.2519,32.4506,1.19686
25,194,59.6009,59.8654,59.8654,49.015,1.37758
25,197,33.9137,55.5398,55.5398,31.5386,0.480341
25,199,9.03072,23.5649,23.5649,8.21761,0.631133
25,216,8.79646e-5,0.0161208,0.0161208,8.91085e-5,-0.081883
25,240,9.13915e-12,5.48684e-7,5.48684e-7,8.72476e-12,0.302953
25,264,8.42965e-19,1.86749e-11,1.86749e-11,8.54254e-19,-5.08409e-5
25,288,7.87325e-26,6.35615e-16,6.35615e-16,8.36414e-26,-2.21077e-11
25,289,133.749,163.133,163.133,146.028,-0.536322
25,290,199.774,269.394,269.394,220.567,-0.601304
25,293,157.431,249.929,249.929,141.924,0.696923
25,295,39.3694,106.042,106.042,36.9792,0.412281
25,312,0.000330665,0.0725436,0.0725436,0.000400988,-1.11862
25,336,4.3683e-11,2.46908e-6,2.46908e-6,3.92614e-11,0.718339
25,360,3.27579e-18,8.40371e-11,8.40371e-11,3.84414e-18,-0.00255965
25,384,3.34024e-25,2.86027e-15,2.86027e-15,3.76386e-25,-1.90784e-10
25,385,138.646,163.133,163.133,146.028,-0.322421
25,386,260.177,269.394,269.394,220.567,1.14544
25,389,161.106,249.929,249.929,141.924,0.862093
25,391,42.9471,106.042,106.042,36.9792,1.02939
25,408,0.000483799,0.0725436,0.0725436,0.000400988,1.31726
25,432,4.29685e-11,2.46908e-6,2.46908e-6,3.92614e-11,0.602255
25,456,3.12918e-18,8.40371e-11,8.40371e-11,3.84414e-18,-0.00321989
25,480,3.08796e-25,2.86027e-15,2.86027e-15,3.76386e-25,-3.044e-10
25,481,161.306,163.133,163.133,146.028,0.667347
25,482,249.502,269.394,269.394,220.567,0.836745
25,485,137.388,249.929,249.929,141.924,-0.20384
25,487,41.4222,106.042,106.042,36.9792,0.766356
25,504,0.000436314,0.0725436,0.0725436,0.000400988,0.561914
25,528,3.55215e-11,2.46908e-6,2.46908e-6,3.92614e-11,-0.607586
25,552,3.69851e-18,8.40371e-11,8.40371e-11,3.84414e-18,-0.000655891
25,576,3.25012e-25,2.86027e-15,2.86027e-15,3.76386e-25,-2.31369e-10
25,577,183.79,163.133,163.133,146.028,1.64947
25,578,204.782,269.394,269.394,220.567,-0.456481
25,581,197.254,249.929,249.929,141.924,2.48671
25,583,46.4306,106.042,106.042,36.9792,1.63025
25,600,0.000380251,0.0725436,0.0725436,0.000400988,-0.329871
25,624,4.16582e-11,2.46908e-6,2.46908e-6,3.92614e-11,0.389388
25,648,3.77514e-18,8.40371e-11,8.40371e-11,3.84414e-18,-0.000310782
26,0,0,0,0,0,0
26,1,3.16591,3.62519,3.62519,2.57913,1.45119
26,2,3.46813,5.98654,5.98654,3.34359,0.237582
26,5,0.973623,5.55398,5.55398,1.07812,-0.618219
26,7,0.114244,2.35649,2.35649,0.0947176,1.31496
26,24,9.08824e-11,0.00161208,0.00161208,9.96398e-11,-0.560608
26,48,1.48981e-23,5.48684e-8,5.48684e-8,2.10675e-23,-2.77842e-8
26,72,2.48477e-36,1.86749e-12,1.86749e-12,4.45442e-36,-8.8705e-21
26,96,4.51568e-49,6.35615e-17,6.35615e-17,9.41826e-49,-2.20793e-33
26,97,13.1402,18.1259,18.1259,12.8956,0.120991
26,98,17.5939,29.9327,29.9327,16.7179,0.334195
26,101,6.13196,27.7699,27.7699,5.39058,0.877239
26,103,0.469236,11.7825,11.7825,0.473588,-0.0586221
26,120,5.28899e-10,0.00806041,0.00806041,4.98199e-10,0.393058
26,144,6.97225e-23,2.74342e-7,2.74342e-7,1.05337e-22,-1.60394e-7
26,168,1.45335e-35,9.33745e-12,9.33745e-12,2.22721e-35,-3.48518e-20
26,192,2.08146e-48,3.17808e-16,3.17808e-16,4.70913e-48,-1.1834e-32
26,193,27.8281,36.2519,36.2519,25.7913,0.503739
26,194,40.3246,59.8654,59.8654,33.4359,1.31414
26,197,13.0736,55.5398,55.5398,10.7812,1.35628
26,199,1.0173,23.5649,23.5649,0.947176,0.4722
26,216,8.57726e-10,0.0161208,0.0161208,9.96398e-10,-0.887713
26,240,1.83386e-22,5.48684e-7,5.48684e-7,2.10675e-22,-1.22896e-7
26,264,2.20049e-35,1.86749e-11,1.86749e-11,4.45442e-35,-1.01508e-19
26,288,3.80523e-48,6.35615e-16,6.35615e-16,9.41826e-48,-2.52788e-32
26,289,138.819,163.133,163.133,116.061,1.25077
26,290,196.489,269.394,269.394,150.461,1.95122
26,293,59.9733,249.929,249.929,48.5153,1.50643
26,295,5.37253,106.042,106.042,4.26229,1.66146
26,312,3.98157e-9,0.0725436,0.0725436,4.48379e-9,-0.714435
26,336,5.98937e-22,2.46908e-6,2.46908e-6,9.48035e-22,-1.5722e-6
26,360,9.06414e-35,8.40371e-11,8.40371e-11,2.00449e-34,-4.94529e-19
26,384,1.99109e-47,2.86027e-15,2.86027e-15,4.23822e-47,-1.01201e-31
26,385,130.434,163.133,163.133,116.061,0.789956
26,386,170.13,269.394,269.394,150.461,0.833828
26,389,48.0449,249.929,249.929,48.5153,-0.0618421
26,391,4.47492,106.042,106.042,4.26229,0.318198
26,408,4.30779e-9,0.0725436,0.0725436,4.48379e-9,-0.250376
26,432,7.84518e-22,2.46908e-6,2.46908e-6,9.48035e-22,-7.36417e-7
26,456,1.17104e-34,8.40371e-11,8.40371e-11,2.00449e-34,-3.75353e-19
26,480,2.03499e-47,2.86027e-15,2.86027e-15,4.23822e-47,-9.92246e-32
26,481,121.366,163.133,163.133,116.061,0.29158
26,482,183.199,269.394,269.394,150.461,1.38782
26,485,59.042,249.929,249.929,48.5153,1.38399
26,487,5.16701,106.042,106.042,4.26229,1.3539
26,504,4.50664e-9,0.0725436,0.0725436,4.48379e-9,0.0325047
26,528,6.22749e-22,2.46908e-6,2.46908e-6,9.48035e-22,-1.46496e-6
26,552,1.09685e-34,8.40371e-11,8.40371e-11,2.00449e-34,-4.08763e-19
26,576,1.55245e-47,2.86027e-15,2.86027e-15,4.23822e-47,-1.20956e-31
26,577,130.183,163.133,163.133,116.061,0.776112
26,578,166.135,269.394,269.394,150.461,0.664453
26,581,57.94,249.929,249.929,48.5153,1.2391
26,583,4.37533,106.042,106.042,4.26229,0.169156
26,600,4.79844e-9,0.0725436,0.0725436,4.48379e-9,0.447615
26,624,6.69626e-22,2.46908e-6,2.46908e-6,9.48035e-22,-1.25384e-6
26,648,1.16539e-34,8.40371e-11,8.40371e-11,2.00449e-34,-3.77896e-19
27,0,0,0,0,0,0
27,1,4.83757,3.62519,3.62519,3.60637,2.17759
27,2,6.23771,5.98654,5.98654,5.92926,0.331828
27,5,6.92423,5.55398,5.55398,5.40352,1.79509
27,7,2.30888,2.35649,2.35649,2.24178,0.190903
27,24,0.00147382,0.00161208,0.00161208,0.00126733,1.0393
27,48,3.3323e-8,5.48684e-8,5.48684e-8,3.29529e-8,0.0716265
27,72,7.59008e-13,1.86749e-12,1.86749e-12,8.56838e-13,-0.728267
27,96,2.14614e-17,6.35615e-17,6.35615e-17,2.22794e-17,-0.00368411
27,97,21.219,18.1259,18.1259,18.0318,1.12741
27,98,38.2857,29.9327,29.9327,29.6463,1.85879
27,101,31.1258,27.7699,27.7699,27.0176,0.969896
27,103,13.5033,11.7825,11.7825,11.2089,1.3056
27,120,0.00630306,0.00806041,0.00806041,0.00633664,-0.0338043
27,144,1.80664e-7,2.74342e-7,2.74342e-7,1.64765e-7,0.615511
27,168,3.93792e-12,9.33745e-12,9.33745e-12,4.28419e-12,-0.515549
27,192,1.01328e-16,3.17808e-16,3.17808e-16,1.11397e-16,-0.0453487
27,193,41.9434,36.2519,36.2519,36.0637,1.03993
27,194,63.1562,59.8654,59.8654,59.2926,0.415632
27,197,61.1114,55.5398,55.5398,54.0352,0.83529
27,199,26.5462,23.5649,23.5649,22.4178,1.17464
27,216,0.0142189,0.0161208,0.0161208,0.0126733,0.777898
27,240,2.96191e-7,5.48684e-7,5.48684e-7,3.29529e-7,-0.645309
27,264,7.89222e-12,1.86749e-11,1.86749e-11,8.56838e-12,-0.503353
27,288,1.88495e-16,6.35615e-16,6.35615e-16,2.22794e-16,-0.154471
27,289,171.81,163.133,163.133,162.287,0.374315
27,290,250.648,269.394,269.394,266.817,-0.386513
27,293,255.568,249.929,249.929,243.158,0.325534
27,295,122.499,106.042,106.042,100.88,1.3669
27,312,0.0662492,0.0725436,0.0725436,0.0570298,1.03114
27,336,1.66569e-6,2.46908e-6,2.46908e-6,1.48288e-6,0.786346
27,360,4.29829e-11,8.40371e-11,8.40371e-11,3.85577e-11,0.732048
28,0,0,0,0,0,0
28,1,4.81742,3.62519,3.62519,3.71567,1.89132
28,2,6.93224,5.98654,5.98654,6.26728,0.676757
28,5,7.61735,5.55398,5.55398,6.33347,1.29301
28,7,3.63468,2.35649,2.35649,2.98674,1.38374
28,24,0.00563721,0.00161208,0.00161208,0.00501679,0.788818
28,48,5.0201e-7,5.48684e-8,5.48684e-8,6.06878e-7,-1.1022
28,72,6.85403e-11,1.86749e-12,1.86749e-12,7.34137e-11,-0.423421
28,96,8.78925e-15,6.35615e-17,6.35615e-17,8.88081e-15,-0.0657603
28,97,21.6176,18.1259,18.1259,18.5783,1.04345
28,98,35.9479,29.9327,29.9327,31.3364,0.93867
28,101,32.4683,27.7699,27.7699,31.6673,0.161339
28,103,15.066,11.7825,11.7825,14.9337,0.0565088
28,120,0.0258374,0.00806041,0.00806041,0.025084,0.191578
28,144,3.38265e-6,2.74342e-7,2.74342e-7,3.03439e-6,0.732058
28,168,3.34267e-10,9.33745e-12,9.33745e-12,3.67069e-10,-0.569984
28,192,3.93982e-14,3.17808e-16,3.17808e-16,4.44041e-14,-0.719078
28,193,40.7407,36.2519,36.2519,37.1567,0.615252
28,194,73.1363,59.8654,59.8654,62.6728,1.06491
28,197,74.2581,55.5398,55.5398,63.3347,1.1001
28,199,44.2111,23.5649,23.5649,29.8674,3.06324
28,216,0.0615652,0.0161208,0.0161208,0.0501679,1.44908
28,240,6.57427e-6,5.48684e-7,5.48684e-7,6.06878e-6,0.531276
28,264,7.52763e-10,1.86749e-11,1.86749e-11,7.34137e-10,0.161829
28,288,9.11073e-14,6.35615e-16,6.35615e-16,8.88081e-14,0.165135
28,289,168.069,163.133,163.133,167.205,0.0329652
28,290,278.561,269.394,269.394,282.028,-0.0784006
28,293,396.032,249.929,249.929,285.006,2.48479
28,295,156.158,106.042,106.042,134.403,1.03244
28,312,0.288753,0.0725436,0.0725436,0.225756,1.77992
28,336,2.82203e-5,2.46908e-6,2.46908e-6,2.73095e-5,0.21272
28,360,3.58562e-9,8.40371e-11,8.40371e-11,3.30362e-9,0.544476
28,384,3.63978e-13,2.86027e-15,2.86027e-15,3.99637e-13,-0.569142
28,385,207.323,163.133,163.133,167.205,1.53042
28,386,348.2,269.394,269.394,282.028,1.49659
28,389,339.838,249.929,249.929,285.006,1.22716
28,391,135.092,106.042,106.042,134.403,0.0326863
28,408,0.253507,0.0725436,0.0725436,0.225756,0.784072
28,432,2.66573e-5,2.46908e-6,2.46908e-6,2.73095e-5,-0.152344
28,456,3.41758e-9,8.40371e-11,8.40371e-11,3.30362e-9,0.220042
29,0,0,0,0,0,0
29,1,3.04636,3.62519,3.62519,3.20748,-0.320416
29,2,4.73027,5.98654,5.98654,4.80227,-0.0956389
29,5,3.8085,5.55398,5.55398,2.97803,1.77875
29,7,0.97999,2.35649,2.35649,0.736221,2.11197
29,24,6.08428e-6,0.00161208,0.00161208,5.10721e-6,1.22028
29,48,2.57482e-13,5.48684e-8,5.48684e-8,2.66157e-13,-0.207898
29,72,1.2943e-20,1.86749e-12,1.86749e-12,1.38705e-20,-4.17721e-6
29,96,5.34545e-28,6.35615e-17,6.35615e-17,7.22847e-28,-8.48039e-13
29,97,18.5665,18.1259,18.1259,16.0374,1.0059
29,98,32.462,29.9327,29.9327,24.0114,2.24488
29,101,15.5244,27.7699,27.7699,14.8901,0.271691
29,103,4.21411,11.7825,11.7825,3.6811,0.923579
29,120,2.51118e-5,0.00806041,0.00806041,2.55361e-5,-0.105983
29,144,1.18475e-12,2.74342e-7,2.74342e-7,1.33079e-12,-0.699933
29,168,5.68277e-20,9.33745e-12,9.33745e-12,6.93525e-20,-5.64067e-5
29,192,3.4752e-27,3.17808e-16,3.17808e-16,3.61424e-27,-6.26171e-13
29,193,36.0994,36.2519,36.2519,32.0748,0.800348
29,194,61.8117,59.8654,59.8654,48.0227,1.83148
29,197,30.5069,55.5398,55.5398,29.7803,0.155635
29,199,9.15236,23.5649,23.5649,7.36221,1.55095
29,216,5.53108e-5,0.0161208,0.0161208,5.10721e-5,0.529378
29,240,2.37601e-12,5.48684e-7,5.48684e-7,2.66157e-12,-0.68436
29,264,1.11329e-19,1.86749e-11,1.86749e-11,1.38705e-19,-0.00012329
29,288,5.52278e-27,6.35615e-16,6.35615e-16,7.22847e-27,-7.68174e-12
29,289,142.483,163.133,163.133,144.337,-0.0819007
29,290,246.855,269.394,269.394,216.102,0.907689
29,293,150.025,249.929,249.929,134.011,0.762214
29,295,38.8954,106.042,106.042,33.1299,1.11001
29,312,0.000238475,0.0725436,0.0725436,0.000229825,0.240088
29,336,1.23986e-11,2.46908e-6,2.46908e-6,1.19771e-11,0.224502
29,360,5.42397e-19,8.40371e-11,8.40371e-11,6.24173e-19,-0.000368284
30,0,0,0,0,0,0
30,1,4.21528,3.62519,3.62519,3.6388,1.01053
30,2,7.315,5.98654,5.98654,6.02821,1.36157
30,5,7.27478,5.55398,5.55398,5.66523,1.8122
30,7,3.16591,2.35649,2.35649,2.44277,1.88822
30,24,0.00200943,0.00161208,0.00161208,0.00191664,0.308803
30,48,7.863e-8,5.48684e-8,5.48684e-8,7.91642e-8,-0.0430389
30,72,3.24568e-12,1.86749e-12,1.86749e-12,3.26977e-12,-0.0469869
30,96,1.16007e-16,6.35615e-17,6.35615e-17,1.35053e-16,-0.0857759
30,97,20.6965,18.1259,18.1259,18.194,0.877327
30,98,33.2108,29.9327,29.9327,30.141,0.649623
30,101,32.2876,27.7699,27.7699,28.3261,0.892041
30,103,14.7237,11.7825,11.7825,12.2139,1.3107
30,120,0.0112358,0.00806041,0.00806041,0.00958321,1.09997
30,144,4.63728e-7,2.74342e-7,2.74342e-7,3.95821e-7,1.09429
30,168,1.33989e-11,9.33745e-12,9.33745e-12,1.63488e-11,-1.1509
30,192,6.54544e-16,3.17808e-16,3.17808e-16,6.75266e-16,-0.093324
30,193,43.8572,36.2519,36.2519,36.388,1.30928
30,194,80.9616,59.8654,59.8654,60.2821,2.18812
30,197,59.8736,55.5398,55.5398,56.6523,0.362695
30,199,29.4885,23.5649,23.5649,24.4277,1.32146
30,216,0.0220601,0.0161208,0.0161208,0.0191664,0.962986
30,240,9.28269e-7,5.48684e-7,5.48684e-7,7.91642e-7,1.10084
30,264,2.96466e-11,1.86749e-11,1.86749e-11,3.26977e-11,-0.595195
30,288,1.14804e-15,6.35615e-16,6.35615e-16,1.35053e-15,-0.911934
30,289,207.422,163.133,163.133,163.746,1.70134
30,290,385.665,269.394,269.394,271.269,2.68983
30,293,305.451,249.929,249.929,254.935,1.26391
30,295,125.171,106.042,106.042,109.925,0.884703
30,312,0.102112,0.0725436,0.0725436,0.0862489,1.17315
30,336,3.20175e-6,2.46908e-6,2.46908e-6,3.56239e-6,-0.645734
30,360,1.4557e-10,8.40371e-11,8.40371e-11,1.4714e-10,-0.0680432