id,time,y2,popPred_medianCOV,popPred,indivPred_SAEM,indWRes_SAEM
1,0,0,0,0,0,0
1,1,70.9577,95.6855,95.6855,61.2929,0.920666
1,2,129.91,171.838,171.838,112.104,0.927411
1,5,115.928,205.075,205.075,128.857,-0.58581
1,7,103.117,165.727,165.727,99.3526,0.221252
1,24,3.96457,9.73168,9.73168,5.02748,-1.23443
1,48,0.0456138,0.141062,0.141062,0.0692553,-1.99317
1,72,0.000583167,0.00203514,0.00203514,0.000949937,-2.25435
1,96,2.51303e-5,2.9207e-5,2.9207e-5,1.31425e-5,5.32579
1,97,9.24969,13.432,13.432,10.441,-0.666202
1,98,26.1885,42.9658,42.9658,31.6552,-1.00832
1,101,88.691,138.89,138.89,88.7368,-0.0030133
1,103,88.8701,140.15,140.15,80.3328,0.620508
1,120,4.39856,10.9081,10.9081,4.54251,-0.18503
1,144,0.0444356,0.159952,0.159952,0.0617714,-1.63862
1,168,0.000589367,0.002305,0.002305,0.000843411,-1.7587
1,192,1.07438e-5,3.33727e-5,3.33727e-5,1.16177e-5,-0.439203
1,193,15.6057,17.0441,17.0441,13.2517,1.03719
1,194,42.016,54.5326,54.5326,40.2029,0.263334
1,197,126.733,180.238,180.238,114.264,0.637186
1,199,108.248,183.127,183.127,103.976,0.239934
1,216,5.27196,14.6387,14.6387,5.95365,-0.66854
1,240,0.0575444,0.215879,0.215879,0.0816718,-1.72489
1,264,0.000754735,0.00313627,0.00313627,0.00112073,-1.90678
1,288,1.1769e-5,4.55493e-5,4.55493e-5,1.52306e-5,-1.32704
1,289,19.2481,24.5249,24.5249,18.7413,0.157904
1,290,66.9413,78.3268,78.3268,56.7866,1.0441
1,293,174.069,257.837,257.837,162.423,0.418643
1,295,151.777,264.285,264.285,148.715,0.120237
1,312,9.26487,21.4421,21.4421,8.55665,0.483267
1,336,0.0917144,0.311593,0.311593,0.118956,-1.33713
1,360,0.00128539,0.0044464,0.0044464,0.00165108,-1.29322
1,384,2.48131e-5,6.3516e-5,6.3516e-5,2.28769e-5,0.494171
1,385,15.9451,19.706,19.706,14.6658,0.509354
1,386,51.7894,63.0063,63.0063,44.5093,0.955018
1,389,115.606,209.657,209.657,129.798,-0.638444
1,391,129.108,216.843,216.843,119.644,0.461841
1,408,6.30972,18.0025,18.0025,6.94163,-0.531514
1,432,0.0975745,0.263953,0.263953,0.095213,0.144816
1,456,0.000859532,0.0038059,0.0038059,0.00130693,-1.99876
1,480,1.84651e-5,5.48101e-5,5.48101e-5,1.76213e-5,0.279592
1,481,16.1123,17.6635,17.6635,12.9212,1.44199
1,482,45.6917,56.4951,56.4951,39.2341,0.961007
1,485,135.83,190.638,190.638,114.822,1.06825
1,487,101.525,196.742,196.742,106.114,-0.252528
1,504,6.04239,16.413,16.413,6.16155,-0.112922
1,528,0.0729713,0.23921,0.23921,0.0849086,-0.820873
1,552,0.00091413,0.00341935,0.00341935,0.00116222,-1.24635
1,576,1.54972e-5,4.88966e-5,4.88966e-5,1.58486e-5,-0.129455
1,577,13.1873,16.4563,16.4563,11.8865,0.638932
1,578,42.7716,52.6424,52.6424,36.1012,1.07883
1,581,128.027,176.802,176.802,105.981,1.21455
1,583,94.2388,183.057,183.057,98.0868,-0.229063
1,600,5.66337,15.4076,15.4076,5.71839,-0.0561739
1,624,0.0848879,0.224334,0.224334,0.0790042,0.434827
1,648,0.000879928,0.00321591,0.00321591,0.00109113,-1.13019
2,0,0,0,0,0,0
2,1,94.4401,95.6855,95.6855,55.2621,4.13941
2,2,155.618,171.838,171.838,126.604,1.33806
2,5,145.941,205.075,205.075,167.925,-0.764407
2,7,113.837,165.727,165.727,125.867,-0.558042
2,24,2.68755,9.73168,9.73168,3.56569,-1.43794
2,48,0.015167,0.141062,0.141062,0.0196945,-1.34227
2,72,7.85055e-5,0.00203514,0.00203514,0.000108626,-1.61901
2,96,9.12817e-7,2.9207e-5,2.9207e-5,6.78215e-7,2.0197
2,97,15.622,13.432,13.432,16.7967,-0.408312
2,98,56.7551,42.9658,42.9658,51.0009,0.658759
2,101,112.885,138.89,138.89,139.97,-1.12983
2,103,137.19,140.15,140.15,123.066,0.670069
2,120,3.03817,10.9081,10.9081,4.05505,-1.46419
2,144,0.0150099,0.159952,0.159952,0.0226273,-1.96561
2,168,7.89085e-5,0.002305,0.002305,0.00012659,-2.19925
2,192,1.39829e-6,3.33727e-5,3.33727e-5,1.15802e-6,1.21145
2,193,21.6962,17.0441,17.0441,18.9479,0.846886
2,194,57.6112,54.5326,54.5326,57.6549,-0.00442763
2,197,181.753,180.238,180.238,162.131,0.706639
2,199,140.982,183.127,183.127,144.589,-0.145668
2,216,4.77436,14.6387,14.6387,4.91212,-0.163751
2,240,0.0259948,0.215879,0.215879,0.0273241,-0.284054
2,264,0.000120729,0.00313627,0.00313627,0.000151558,-1.18769
2,288,9.84092e-7,4.55493e-5,4.55493e-5,7.8271e-7,1.50225
2,289,28.7346,24.5249,24.5249,25.3549,0.77828
2,290,99.5451,78.3268,78.3268,77.0569,1.70399
2,293,216.448,257.837,257.837,218.317,-0.0499901
2,295,227.974,264.285,264.285,195.918,0.955336
2,312,6.26569,21.4421,21.4421,6.67606,-0.358899
2,336,0.039352,0.311593,0.311593,0.0369096,0.386371
2,360,0.00014685,0.0044464,0.0044464,0.000203348,-1.62223
2,384,8.4837e-7,6.3516e-5,6.3516e-5,1.07028e-6,-1.21059
2,385,24.3612,19.706,19.706,18.8698,1.69915
2,386,71.277,63.0063,63.0063,57.4653,1.40335
2,389,169.168,209.657,209.657,165.551,0.127582
2,391,168.266,216.843,216.843,150.141,0.704857
2,408,5.69367,18.0025,18.0025,5.23192,0.51531
2,432,0.0216916,0.263953,0.263953,0.0291487,-1.49373
2,456,0.000115784,0.0038059,0.0038059,0.000162113,-1.66862
2,480,-9.55316e-8,5.48101e-5,5.48101e-5,8.3331e-7,-6.50815
2,481,17.7082,17.6635,17.6635,16.1355,0.569114
2,482,54.1558,56.4951,56.4951,49.1693,0.592142
2,485,179.072,190.638,190.638,142.508,1.49808
2,487,150.112,196.742,196.742,129.956,0.905573
2,504,4.79142,16.413,16.413,4.5423,0.320223
2,528,0.0265129,0.23921,0.23921,0.0250045,0.352231
2,552,0.000115517,0.00341935,0.00341935,0.000137525,-0.934388
2,576,8.86607e-7,4.88966e-5,4.88966e-5,7.76182e-7,0.830667
2,577,20.0643,16.4563,16.4563,14.5071,2.23664
2,578,58.8239,52.6424,52.6424,44.2209,1.92813
2,581,153.971,176.802,176.802,130.834,1.03253
2,583,150.744,183.057,183.057,118.685,1.57717
2,600,4.8078,15.4076,15.4076,4.17318,0.887908
2,624,0.0274322,0.224334,0.224334,0.0232353,1.05466
2,648,9.94741e-5,0.00321591,0.00321591,0.000128785,-1.32889
3,0,0,0,0,0,0
3,1,211.843,95.6855,95.6855,172.945,1.31327
3,2,325.464,171.838,171.838,379.792,-0.835222
3,5,477.408,205.075,205.075,527.779,-0.557251
3,7,457.845,165.727,165.727,444.139,0.180175
3,24,25.5704,9.73168,9.73168,30.1736,-0.890762
3,48,0.39186,0.141062,0.141062,0.410923,-0.270863
3,72,0.00480623,0.00203514,0.00203514,0.00483826,-0.0386572
3,96,4.66532e-5,2.9207e-5,2.9207e-5,5.31903e-5,-0.717592
3,97,32.6419,13.432,13.432,29.2846,0.669378
3,98,105.559,42.9658,42.9658,97.4743,0.484308
3,101,370.68,138.89,138.89,351.644,0.316073
3,103,449.604,140.15,140.15,389.008,0.909512
3,120,51.1362,10.9081,10.9081,48.1419,0.363157
3,144,0.804841,0.159952,0.159952,0.782459,0.16702
3,168,0.0100647,0.002305,0.002305,0.0098131,0.149721
3,192,0.000106854,3.33727e-5,3.33727e-5,0.000111324,-0.234464
3,193,34.9021,17.0441,17.0441,33.9076,0.171252
3,194,110.503,54.5326,54.5326,112.88,-0.122958
3,197,439.719,180.238,180.238,414.561,0.354327
3,199,485.485,183.127,183.127,465.983,0.244367
3,216,66.1642,14.6387,14.6387,62.2268,0.369443
3,240,1.05588,0.215879,0.215879,1.04354,0.0690642
3,264,0.0128525,0.00313627,0.00313627,0.0133462,-0.215987
3,288,0.00016457,4.55493e-5,4.55493e-5,0.00015334,0.42759
3,289,46.747,24.5249,24.5249,46.9459,-0.0247442
3,290,155.368,78.3268,78.3268,155.918,-0.0206076
3,293,644.002,257.837,257.837,571.691,0.73853
3,295,769.985,264.285,264.285,646.747,1.11259
3,312,91.3246,21.4421,21.4421,89.4563,0.121943
3,336,1.86553,0.311593,0.311593,1.51389,1.35622
3,360,0.0206054,0.0044464,0.0044464,0.0192621,0.407191
3,384,0.000257085,6.3516e-5,6.3516e-5,0.000220336,0.973835
3,385,38.4095,19.706,19.706,36.5599,0.295393
3,386,128.712,63.0063,63.0063,121.53,0.345038
3,389,460.507,209.657,209.657,451.003,0.123039
3,391,372.583,216.843,216.843,514.933,-1.6141
3,408,74.6114,18.0025,18.0025,75.0497,-0.0340988
3,432,1.05809,0.263953,0.263953,1.29416,-1.06507
3,456,0.0146971,0.0038059,0.0038059,0.0165877,-0.665471
3,480,0.000206075,5.48101e-5,5.48101e-5,0.000190638,0.472824
3,481,30.4176,17.6635,17.6635,32.177,-0.319259
3,482,127.96,56.4951,56.4951,106.989,1.14447
3,485,336.397,190.638,190.638,397.277,-0.894752
3,487,498.879,196.742,196.742,455.167,0.560724
3,504,77.7306,16.413,16.413,67.5081,0.884137
3,528,1.31944,0.23921,0.23921,1.16495,0.774289
3,552,0.0141301,0.00341935,0.00341935,0.0148767,-0.293002
3,576,0.000194832,4.88966e-5,4.88966e-5,0.000169429,0.875426
3,577,27.4857,16.4563,16.4563,29.6005,-0.417153
3,578,100.531,52.6424,52.6424,98.4344,0.124372
3,581,392.692,176.802,176.802,365.958,0.426524
3,583,357.4,183.057,183.057,420.329,-0.874151
3,600,60.4627,15.4076,15.4076,63.1383,-0.247434
3,624,1.13618,0.224334,0.224334,1.09414,0.224372
3,648,0.0128309,0.00321591,0.00321591,0.014064,-0.511957
4,0,0,0,0,0,0
4,1,117.886,95.6855,95.6855,128.025,-0.462434
4,2,364.844,171.838,171.838,305.982,1.12322
4,5,463.102,205.075,205.075,458.485,0.0587954
4,7,342.567,165.727,165.727,385.976,-0.656669
4,24,30.4121,9.73168,9.73168,29.7838,0.123174
4,48,0.805359,0.141062,0.141062,0.639876,1.51001
4,72,0.0149554,0.00203514,0.00203514,0.0137467,0.513394
4,96,0.0003291,2.9207e-5,2.9207e-5,0.000295075,0.673268
4,97,31.9664,13.432,13.432,27.4601,0.958164
4,98,85.4634,42.9658,42.9658,88.3934,-0.193538
4,101,312.34,138.89,138.89,291.422,0.419111
4,103,311.665,140.15,140.15,300.136,0.224274
4,120,27.3517,10.9081,10.9081,29.7524,-0.471117
4,144,0.611581,0.159952,0.159952,0.641926,-0.276007
4,168,0.0140687,0.002305,0.002305,0.0136528,0.177865
4,192,0.00033276,3.33727e-5,3.33727e-5,0.000291492,0.826629
4,193,36.5312,17.0441,17.0441,33.1143,0.602477
4,194,108.508,54.5326,54.5326,106.607,0.104115
4,197,320.584,180.238,180.238,356.464,-0.587705
4,199,368.188,183.127,183.127,370.439,-0.0354686
4,216,37.7893,14.6387,14.6387,37.6698,0.0185272
4,240,0.768824,0.215879,0.215879,0.824397,-0.393595
4,264,0.0156447,0.00313627,0.00313627,0.0177886,-0.703689
4,288,0.000308151,4.55493e-5,4.55493e-5,0.000383899,-1.15206
4,289,49.3937,30.1346,30.1346,55.7974,-0.670094
4,290,167.271,96.0926,96.0926,179.005,-0.382736
4,293,603.806,313.662,313.662,597.573,0.0609068
4,295,686.663,320.879,320.879,621.681,0.61031
4,312,68.583,25.7023,25.7023,63.4287,0.47447
4,336,1.54455,0.375087,0.375087,1.39041,0.647278
4,360,0.02861,0.00539666,0.00539666,0.0301428,-0.296909
4,384,0.000549483,7.75265e-5,7.75265e-5,0.000652991,-0.92553
4,385,39.2847,23.4395,23.4395,40.5808,-0.186482
4,386,135.895,74.8549,74.8549,130.388,0.246598
4,389,479.894,247.901,247.901,440.508,0.522042
4,391,500.589,256.518,256.518,463.952,0.461072
4,408,50.1914,21.2083,21.2083,48.8323,0.162499
4,432,1.22338,0.308075,0.308075,1.07847,0.784505
4,456,0.0242857,0.00437444,0.00437444,0.0235782,0.175187
4,480,0.000510284,6.22231e-5,6.22231e-5,0.000513137,-0.0324637
4,481,37.8191,20.9154,20.9154,34.8493,0.497567
4,482,110.686,66.8194,66.8194,112.018,-0.0694222
4,485,354.151,222.111,222.111,378.686,-0.3783
4,487,362.05,230.667,230.667,400.823,-0.56481
4,504,39.0899,19.332,19.332,42.5688,-0.477168
4,528,0.828979,0.283685,0.283685,0.925503,-0.608947
4,552,0.0214422,0.00409191,0.00409191,0.0198385,0.471977
4,576,0.000402446,5.90266e-5,5.90266e-5,0.000425729,-0.319327
4,577,35.5836,19.4844,19.4844,31.5585,0.744694
4,578,100.07,62.2585,62.2585,101.459,-0.0799206
4,581,303.729,207.899,207.899,344.299,-0.688001
4,583,424.927,216.042,216.042,364.793,0.962483
4,600,43.2407,18.1795,18.1795,38.8093,0.666689
4,624,1.07111,0.266746,0.266746,0.842913,1.58071
4,648,0.0184422,0.00384637,0.00384637,0.0181195,0.103977
5,0,0,0,0,0,0
5,1,71.3925,95.6855,95.6855,79.8187,-0.616383
5,2,129.819,171.838,171.838,129.665,0.00692533
5,5,149.782,205.075,205.075,145.502,0.171729
5,7,112.186,165.727,165.727,116.196,-0.20152
5,24,8.30161,9.73168,9.73168,8.08678,0.155108
5,48,0.179466,0.141062,0.141062,0.171205,0.281707
5,72,0.0035389,0.00203514,0.00203514,0.00362506,-0.138776
5,96,8.30128e-5,2.9207e-5,2.9207e-5,7.66724e-5,0.482836
5,97,9.66318,13.432,13.432,10.2611,-0.340207
5,98,33.0096,42.9658,42.9658,31.8025,0.221619
5,101,94.7349,138.89,138.89,95.6049,-0.0531309
5,103,109.575,140.15,140.15,91.4471,1.15742
5,120,7.47346,10.9081,10.9081,7.34535,0.101839
5,144,0.131393,0.159952,0.159952,0.156306,-0.930619
5,168,0.00306028,0.002305,0.002305,0.00332518,-0.465142
5,192,8.59206e-5,3.33727e-5,3.33727e-5,7.05082e-5,1.27629
5,193,14.1725,17.0441,17.0441,13.8194,0.149178
5,194,44.789,54.5326,54.5326,42.8365,0.266136
5,197,112.694,180.238,180.238,130.648,-0.802387
5,199,101.851,183.127,183.127,125.702,-1.10786
5,216,9.79112,14.6387,14.6387,10.1578,-0.21077
5,240,0.240639,0.215879,0.215879,0.216714,0.644597
5,264,0.00458455,0.00313627,0.00313627,0.00461144,-0.0340531
5,288,9.60215e-5,4.55493e-5,4.55493e-5,9.78024e-5,-0.106321
5,289,28.1148,30.1346,30.1346,25.1472,0.689013
5,290,77.7806,96.0926,96.0926,77.7265,0.00406135
5,293,207.212,313.662,313.662,237.42,-0.742878
5,295,275.718,320.879,320.879,228.695,1.20054
5,312,19.2565,25.7023,25.7023,18.5715,0.215372
5,336,0.381452,0.375087,0.375087,0.395268,-0.204085
5,360,0.00881653,0.00539666,0.00539666,0.00841293,0.280113
5,384,0.0001773,7.75265e-5,7.75265e-5,0.000178958,-0.0540896
5,385,20.7173,23.4395,23.4395,20.0542,0.193081
5,386,65.1745,74.8549,74.8549,62.0835,0.290705
5,389,219.434,247.901,247.901,190.589,0.883696
5,391,207.546,256.518,256.518,185.645,0.688804
5,408,16.0153,21.2083,21.2083,15.2947,0.27509
5,432,0.375932,0.308075,0.308075,0.325457,0.90553
5,456,0.00796842,0.00437444,0.00437444,0.0069253,0.879462
5,480,0.000165436,6.22231e-5,6.22231e-5,0.000147269,0.720272
5,481,21.1163,20.9154,20.9154,18.1406,0.957779
5,482,56.62,66.8194,66.8194,56.1816,0.0455529
5,485,157.538,222.111,222.111,173.732,-0.544262
5,487,176.109,230.667,230.667,169.489,0.228042
5,504,15.4377,19.332,19.332,13.9557,0.620034
5,528,0.307745,0.283685,0.283685,0.295385,0.244315
5,552,0.00717654,0.00409191,0.00409191,0.00625709,0.857988
5,576,0.000134089,5.90266e-5,5.90266e-5,0.000132417,0.0737262
5,577,17.9122,19.4844,19.4844,17.055,0.293469
5,578,61.3915,62.2585,62.2585,52.8288,0.946374
5,581,151.05,207.899,207.899,164.116,-0.464829
5,583,154.312,216.042,216.042,160.202,-0.214681
5,600,15.2169,18.1795,18.1795,13.2487,0.867367
5,624,0.292786,0.266746,0.266746,0.281962,0.224144
5,648,0.00546096,0.00384637,0.00384637,0.00599843,-0.523164
6,0,0,0,0,0,0
6,1,154.899,95.6855,95.6855,125.404,1.37329
6,2,325.358,171.838,171.838,271.653,1.15431
6,5,374.047,205.075,205.075,394.097,-0.297046
6,7,330.776,165.727,165.727,350.373,-0.326584
6,24,52.1398,9.73168,9.73168,41.1809,1.55379
6,48,1.5296,0.141062,0.141062,1.27811,1.14892
6,72,0.0378552,0.00203514,0.00203514,0.0357499,0.343832
6,96,0.00096711,2.9207e-5,2.9207e-5,0.000971659,-0.0273391
6,97,16.4021,13.432,13.432,16.5761,-0.0612816
6,98,56.2434,42.9658,42.9658,56.2344,0.000935854
6,101,188.748,138.89,138.89,218.556,-0.796338
6,103,262.865,140.15,140.15,256.973,0.133878
6,120,49.929,10.9081,10.9081,54.7757,-0.516632
6,144,2.1497,0.159952,0.159952,1.95467,0.582579
6,168,0.0557362,0.002305,0.002305,0.0571594,-0.145375
6,192,0.00177179,3.33727e-5,3.33727e-5,0.00158466,0.689515
6,193,21.743,17.0441,17.0441,20.4275,0.376028
6,194,62.9943,54.5326,54.5326,69.2596,-0.528184
6,197,291.067,180.238,180.238,270.59,0.441845
6,199,336.363,183.127,183.127,321.81,0.264056
6,216,73.7313,14.6387,14.6387,72.608,0.0903334
6,240,2.52978,0.215879,0.215879,2.66349,-0.293122
6,264,0.0619351,0.00313627,0.00313627,0.0785847,-1.23705
6,288,0.00189233,4.55493e-5,4.55493e-5,0.00219162,-0.797354
6,289,40.8305,30.1346,30.1346,35.768,0.826397
6,290,125.941,96.0926,96.0926,120.776,0.249738
6,293,441.059,313.662,313.662,467.792,-0.333679
6,295,537.283,320.879,320.879,557.521,-0.211955
6,312,117.9,25.7023,25.7023,127.867,-0.455138
6,336,4.96088,0.375087,0.375087,4.69188,0.334766
6,360,0.130626,0.00539666,0.00539666,0.139074,-0.354675
6,384,0.00372208,7.75265e-5,7.75265e-5,0.00388955,-0.251398
6,385,28.1281,23.4395,23.4395,27.6051,0.110615
6,386,87.4672,74.8549,74.8549,93.2832,-0.364033
6,389,329.285,247.901,247.901,364.574,-0.565166
6,391,409.771,256.518,256.518,438.901,-0.387532
6,408,92.3056,21.2083,21.2083,106.241,-0.765844
6,432,4.59507,0.308075,0.308075,3.97885,0.90429
6,456,0.137397,0.00437444,0.00437444,0.118173,0.949855
6,480,0.00326651,6.22231e-5,6.22231e-5,0.00330907,-0.0751038
6,481,30.39,20.9154,20.9154,24.5309,1.39457
6,482,84.5763,66.8194,66.8194,82.912,0.117201
6,485,305.075,222.111,222.111,324.88,-0.355937
6,487,428.578,230.667,230.667,392.086,0.543423
6,504,89.1508,19.332,19.332,96.4525,-0.442011
6,528,4.35506,0.283685,0.283685,3.63416,1.15823
6,552,0.111617,0.00409191,0.00409191,0.108116,0.189068
6,576,0.00299112,5.90266e-5,5.90266e-5,0.00303003,-0.0749777
6,577,25.4551,19.4844,19.4844,22.7918,0.682271
6,578,71.5246,62.2585,62.2585,77.0413,-0.418101
6,581,289.017,207.899,207.899,302.174,-0.254228
6,583,362.402,216.042,216.042,365.123,-0.0435135
6,600,88.2632,18.1795,18.1795,90.5295,-0.146169
6,624,3.94069,0.266746,0.266746,3.42148,0.886039
6,648,0.0972862,0.00384637,0.00384637,0.101863,-0.262357
7,0,0,0,0,0,0
7,1,199.425,95.6855,95.6855,180.734,0.603826
7,2,417.407,171.838,171.838,413.147,0.060216
7,5,615.068,205.075,205.075,569.248,0.469968
7,7,420.655,165.727,165.727,450.239,-0.38365
7,24,21.8857,9.73168,9.73168,20.3296,0.446924
7,48,0.187591,0.141062,0.141062,0.209896,-0.620471
7,72,0.00206612,0.00203514,0.00203514,0.00214136,-0.205146
7,96,2.73543e-5,2.9207e-5,2.9207e-5,2.09777e-5,1.77484
7,97,46.3229,13.432,13.432,44.0719,0.298219
7,98,132.495,42.9658,42.9658,138.041,-0.234585
7,101,382.4,138.89,138.89,417.526,-0.491212
7,103,336.301,140.15,140.15,397.828,-0.903011
7,120,20.9775,10.9081,10.9081,22.1865,-0.318162
7,144,0.236545,0.159952,0.159952,0.230455,0.15428
7,168,0.0026498,0.002305,0.002305,0.00238196,0.656542
7,192,2.5523e-5,3.33727e-5,3.33727e-5,2.4503e-5,0.243055
7,193,53.3762,17.0441,17.0441,51.5026,0.212411
7,194,170.571,54.5326,54.5326,161.471,0.32905
7,197,569.47,180.238,180.238,496.373,0.859835
7,199,503.978,183.127,183.127,479.629,0.296406
7,216,27.7202,14.6387,14.6387,27.3956,0.069188
7,240,0.286068,0.215879,0.215879,0.281865,0.0870813
7,264,0.00272175,0.00313627,0.00313627,0.00287917,-0.319242
7,288,2.88102e-5,4.55493e-5,4.55493e-5,2.94618e-5,-0.129133
7,289,115.325,35.6482,35.6482,101.631,0.786713
7,290,336.618,113.499,113.499,317.057,0.36023
7,293,889.94,368.287,368.287,968.12,-0.471507
7,295,850.99,375.403,375.403,932.563,-0.510731
7,312,57.5853,30.2027,30.2027,53.2782,0.472016
7,336,0.656367,0.442162,0.442162,0.55378,1.08162
7,360,0.00502685,0.00637466,0.00637466,0.0057123,-0.700626
7,384,5.42699e-5,9.17869e-5,9.17869e-5,5.87008e-5,-0.440718
7,385,69.1046,26.9535,26.9535,70.4034,-0.107713
7,386,234.075,85.9794,85.9794,220.22,0.367327
7,389,652.958,285.388,285.388,692.842,-0.336118
7,391,731.8,294.856,294.856,677.833,0.464866
7,408,44.1431,24.3059,24.3059,39.6358,0.663983
7,432,0.437844,0.354599,0.354599,0.411207,0.378219
7,456,0.00434139,0.00504061,0.00504061,0.00422562,0.159969
7,480,4.42133e-5,7.16391e-5,7.16391e-5,4.34385e-5,0.104144
7,481,61.1317,23.9871,23.9871,59.8091,0.129115
7,482,163.12,76.5486,76.5486,187.194,-0.750868
7,485,735.249,253.658,253.658,585.803,1.48955
7,487,572.224,263.62,263.62,577.61,-0.0544428
7,504,30.9522,22.1475,22.1475,34.399,-0.585047
7,528,0.424213,0.324975,0.324975,0.353909,1.15987
7,552,0.00393382,0.00468684,0.00468684,0.00363174,0.485652
7,576,3.4632e-5,6.75324e-5,6.75324e-5,3.72824e-5,-0.415072
7,577,58.2348,22.3589,22.3589,53.9223,0.466962
7,578,175.279,71.365,71.365,168.814,0.223628
7,581,651.79,237.287,237.287,530.578,1.33388
7,583,576.309,246.829,246.829,523.76,0.585815
7,600,30.7909,20.7443,20.7443,31.3936,-0.112092
7,624,0.329015,0.300437,0.300437,0.325173,0.068982
7,648,0.00356519,0.00430699,0.00430699,0.00334233,0.389323
8,0,0,0,0,0,0
8,1,34.3334,95.6855,95.6855,47.6058,-1.62784
8,2,51.0938,171.838,171.838,76.2464,-1.92613
8,5,53.9246,205.075,205.075,83.991,-2.09012
8,7,42.178,165.727,165.727,65.9215,-2.103
8,24,1.95298,9.73168,9.73168,3.27091,-2.35259
8,48,0.0178288,0.141062,0.141062,0.0391099,-3.17708
8,72,0.000232285,0.00203514,0.00203514,0.000466931,-2.93415
8,96,3.8402e-6,2.9207e-5,2.9207e-5,5.43323e-6,-1.71194
8,97,5.31279,13.432,13.432,6.36243,-0.963254
8,98,16.8237,42.9658,42.9658,19.969,-0.91965
8,101,53.9332,138.89,138.89,61.4772,-0.716493
8,103,50.2089,140.15,140.15,59.3116,-0.896092
8,120,3.04328,10.9081,10.9081,3.64229,-0.960244
8,144,0.0352153,0.159952,0.159952,0.0433734,-1.09823
8,168,0.000373412,0.002305,0.002305,0.000513698,-1.59452
8,192,7.97146e-6,3.33727e-5,3.33727e-5,6.1635e-6,1.71271
8,193,7.04281,17.0441,17.0441,8.29193,-0.879567
8,194,25.0391,54.5326,54.5326,26.0377,-0.223934
8,197,85.1321,180.238,180.238,80.7827,0.314361
8,199,65.0178,183.127,183.127,78.8703,-1.0255
8,216,4.80547,14.6387,14.6387,4.94354,-0.163079
8,240,0.0515081,0.215879,0.215879,0.0595045,-0.784631
8,264,0.000510355,0.00313627,0.00313627,0.000715854,-1.67613
8,288,1.9542e-5,4.55493e-5,4.55493e-5,8.62856e-6,7.38496
8,289,19.2522,35.6482,35.6482,17.7815,0.482925
8,290,66.2085,113.499,113.499,55.5806,1.11647
8,293,186.659,368.287,368.287,171.558,0.51394
8,295,207.816,375.403,375.403,167.638,1.39935
8,312,10.3338,30.2027,30.2027,10.549,-0.119106
8,336,0.133655,0.442162,0.442162,0.125808,0.364173
8,360,0.00131725,0.00637466,0.00637466,0.00149376,-0.689965
8,384,1.55224e-5,9.17869e-5,9.17869e-5,1.77715e-5,-0.738938
8,385,18.533,26.9535,26.9535,13.8729,1.96135
8,386,50.9981,85.9794,85.9794,43.4535,1.01377
8,389,190.8,285.388,285.388,137.911,2.23918
8,391,162.825,294.856,294.856,136.123,1.14533
8,408,8.82776,24.3059,24.3059,8.78465,0.0286547
8,432,0.133382,0.354599,0.354599,0.105505,1.54279
8,456,0.00130028,0.00504061,0.00504061,0.00126051,0.184202
8,480,1.73099e-5,7.16391e-5,7.16391e-5,1.49331e-5,0.929339
8,481,17.0144,23.9871,23.9871,12.5484,2.07806
8,482,60.367,76.5486,76.5486,39.3221,3.12487
8,485,183.071,253.658,253.658,124.406,2.75334
8,487,215.629,263.62,263.62,123.103,4.38852
8,504,9.82949,22.1475,22.1475,8.0207,1.31673
8,528,0.112019,0.324975,0.324975,0.0963474,0.949748
8,552,0.00156171,0.00468684,0.00468684,0.0011513,2.08136
8,576,2.15891e-5,6.75324e-5,6.75324e-5,1.34735e-5,3.51691
8,577,16.6547,22.3589,22.3589,11.8318,2.38002
8,578,65.8422,71.365,71.365,37.0834,4.52808
8,581,171.487,237.287,237.287,117.162,2.70729
8,583,175.537,246.829,246.829,116.501,2.95872
8,600,9.41009,20.7443,20.7443,7.60899,1.38209
8,624,0.123686,0.300437,0.300437,0.0922629,1.98858
8,648,0.00126105,0.00430699,0.00430699,0.00111125,0.787124
9,0,0,0,0,0,0
9,1,38.1101,95.6855,95.6855,36.0869,0.327352
9,2,45.9782,171.838,171.838,49.8135,-0.449543
9,5,60.9834,205.075,205.075,53.6806,0.794318
9,7,50.1133,165.727,165.727,43.4752,0.891497
9,24,3.12653,9.73168,9.73168,3.09062,0.0678303
9,48,0.0518803,0.141062,0.141062,0.0645212,-1.14392
9,72,0.00129494,0.00203514,0.00203514,0.00134759,-0.228115
9,96,3.24551e-5,2.9207e-5,2.9207e-5,2.81455e-5,0.894018
9,97,5.55234,13.432,13.432,4.47478,1.40603
9,98,11.6676,42.9658,42.9658,14.0391,-0.986329
9,101,42.8385,138.89,138.89,43.6703,-0.111224
9,103,47.4104,140.15,140.15,42.8043,0.628297
9,120,2.99078,10.9081,10.9081,3.6232,-1.01914
9,144,0.0792941,0.159952,0.159952,0.0762165,0.235766
9,168,0.00135478,0.002305,0.002305,0.00159869,-0.89081
9,192,3.44399e-5,3.33727e-5,3.33727e-5,3.33553e-5,0.189856
9,193,7.26107,17.0441,17.0441,6.5148,0.668831
9,194,22.1916,54.5326,54.5326,20.4441,0.499092
9,197,58.5183,180.238,180.238,64.4424,-0.536756
9,199,73.4456,183.127,183.127,63.7719,0.885699
9,216,4.84139,14.6387,14.6387,5.45225,-0.654166
9,240,0.12489,0.215879,0.215879,0.115338,0.483589
9,264,0.00234945,0.00313627,0.00313627,0.00243512,-0.20541
9,288,4.21411e-5,4.55493e-5,4.55493e-5,5.13142e-5,-1.04376
9,289,17.5585,35.6482,35.6482,15.3063,0.859146
9,290,37.5098,113.499,113.499,47.8396,-1.26075
9,293,156.41,368.287,368.287,151.476,0.190184
9,295,151.732,375.403,375.403,149.747,0.0773857
9,312,13.0433,30.2027,30.2027,12.8487,0.0884372
9,336,0.22755,0.442162,0.442162,0.269777,-0.913911
9,360,0.00505571,0.00637466,0.00637466,0.00568169,-0.643294
9,384,0.000103557,9.17869e-5,9.17869e-5,0.000119661,-0.785775
9,385,15.5937,26.9535,26.9535,13.3704,0.97091
9,386,41.7104,85.9794,85.9794,41.8417,-0.0183236
9,389,141.03,285.388,285.388,132.672,0.367829
9,391,133.815,294.856,294.856,132.355,0.064414
9,408,10.1471,24.3059,24.3059,11.5296,-0.700087
9,432,0.251201,0.354599,0.354599,0.242837,0.201095
9,456,0.00427336,0.00504061,0.00504061,0.00509281,-0.939481
9,480,0.000173731,7.16391e-5,7.16391e-5,0.000106572,3.67949
9,481,12.9674,23.9871,23.9871,12.7538,0.0978226
9,482,36.4642,76.5486,76.5486,39.9214,-0.505631
9,485,149.025,253.658,253.658,126.535,1.03776
9,487,146.716,263.62,263.62,126.816,0.916191
9,504,11.199,22.1475,22.1475,11.0649,0.0707775
9,528,0.208827,0.324975,0.324975,0.234574,-0.64086
9,552,0.00450998,0.00468684,0.00468684,0.00496424,-0.53429
9,576,9.06334e-5,6.75324e-5,6.75324e-5,0.000104858,-0.79208
9,577,10.9234,22.3589,22.3589,12.4335,-0.709128
9,578,39.9275,71.365,71.365,38.9223,0.150795
9,581,127.968,237.287,237.287,123.502,0.211156
9,583,119.969,246.829,246.829,123.841,-0.182531
9,600,12.4294,20.7443,20.7443,10.7745,0.896804
9,624,0.219178,0.300437,0.300437,0.223312,-0.108074
9,648,0.00435627,0.00430699,0.00430699,0.00467128,-0.393739
10,0,0,0,0,0,0
10,1,172.504,95.6855,95.6855,123.299,2.33014
10,2,244.249,171.838,171.838,236.712,0.185888
10,5,275.945,205.075,205.075,268.169,0.169302
10,7,229.367,165.727,165.727,197.501,0.942049
10,24,11.0245,9.73168,9.73168,9.01708,1.29984
10,48,0.108793,0.141062,0.141062,0.113729,-0.253407
10,72,0.00109193,0.00203514,0.00203514,0.0014293,-1.37819
10,96,1.77767e-5,2.9207e-5,2.9207e-5,1.79353e-5,-0.0516291
10,97,27.6305,13.432,13.432,28.8375,-0.244391
10,98,74.8351,42.9658,42.9658,81.4118,-0.471679
10,101,174.699,138.89,138.89,194.716,-0.600234
10,103,134.73,140.15,140.15,157.591,-0.847007
10,120,6.95474,10.9081,10.9081,7.38103,-0.337218
10,144,0.0854918,0.159952,0.159952,0.0917694,-0.399413
10,168,0.000992244,0.002305,0.002305,0.00114172,-0.76444
10,192,2.35877e-5,3.33727e-5,3.33727e-5,1.40582e-5,3.95788
10,193,36.1308,17.0441,17.0441,35.7095,0.0688895
10,194,83.2269,54.5326,54.5326,100.949,-1.02502
10,197,260.586,180.238,180.238,245.865,0.349589
10,199,186.531,183.127,183.127,199.998,-0.393141
10,216,9.66776,14.6387,14.6387,9.40864,0.160804
10,240,0.118791,0.215879,0.215879,0.117897,0.044259
10,264,0.00133599,0.00313627,0.00313627,0.00147341,-0.544589
10,288,1.54885e-5,4.55493e-5,4.55493e-5,1.83196e-5,-0.902317
10,289,88.5822,51.7365,51.7365,103.866,-0.859161
10,290,265.145,163.985,163.985,291.184,-0.522147
10,293,701.224,524.075,524.075,689.838,0.0963761
10,295,557.164,531.936,531.936,557.722,-0.00585123
10,312,27.0388,42.3549,42.3549,26.2033,0.186184
10,336,0.323893,0.619953,0.619953,0.325663,-0.0317292
10,360,0.00326649,0.00894079,0.00894079,0.00404945,-1.12893
10,384,4.03045e-5,0.00012897,0.00012897,5.01819e-5,-1.14926
10,385,72.8983,36.5551,36.5551,65.7067,0.639058
10,386,224.549,116.229,116.229,185.402,1.23285
10,389,418.794,381.951,381.951,458.034,-0.500205
10,391,401.862,396.015,396.015,375.619,0.407946
10,408,19.2388,32.9223,32.9223,17.7617,0.485558
10,432,0.257466,0.481944,0.481944,0.222948,0.903995
10,456,0.00213327,0.00692895,0.00692895,0.0027929,-1.379
10,480,3.67755e-5,9.96056e-5,9.96056e-5,3.4965e-5,0.302335
10,481,63.594,32.5099,32.5099,55.7066,0.826709
10,482,178.612,103.416,103.416,157.344,0.78925
10,485,412.399,341.809,341.809,389.22,0.347724
10,487,262.347,355.598,355.598,320.822,-1.06421
10,504,14.8731,29.9265,29.9265,15.188,-0.121067
10,528,0.14967,0.433825,0.433825,0.190681,-1.25579
10,552,0.00230992,0.00614272,0.00614272,0.00238838,-0.191809
11,0,0,0,0,0,0
11,1,170.203,95.6855,95.6855,150.852,0.748978
11,2,367.048,171.838,171.838,329.602,0.663353
11,5,518.422,205.075,205.075,455.286,0.809688
11,7,432.368,165.727,165.727,380.186,0.801388
11,24,27.9359,9.73168,9.73168,26.0789,0.415775
11,48,0.394506,0.141062,0.141062,0.434044,-0.531855
11,72,0.00632248,0.00203514,0.00203514,0.00709027,-0.632269
11,96,0.000118983,2.9207e-5,2.9207e-5,0.000115579,0.171968
11,97,23.412,13.432,13.432,26.4508,-0.670783
11,98,90.67,42.9658,42.9658,86.1747,0.304576
11,101,298.548,138.89,138.89,292.92,0.112187
11,103,290.36,140.15,140.15,308.75,-0.34778
11,120,30.96,10.9081,10.9081,30.3852,0.110446
11,144,0.617617,0.159952,0.159952,0.514547,1.16957
11,168,0.00875245,0.002305,0.002305,0.00833993,0.288804
11,192,0.000108182,3.33727e-5,3.33727e-5,0.000134992,-1.15959
11,193,37.4982,17.0441,17.0441,31.9708,1.00946
11,194,94.129,54.5326,54.5326,104.169,-0.562772
11,197,387.321,180.238,180.238,359.821,0.446242
11,199,485.087,183.127,183.127,383.333,1.54988
11,216,33.8835,14.6387,14.6387,39.1085,-0.780075
11,240,0.6434,0.215879,0.215879,0.664576,-0.186048
11,264,0.0118157,0.00313627,0.00313627,0.0107732,0.565051
11,288,0.000162163,4.55493e-5,4.55493e-5,0.000174488,-0.412438
11,289,94.9781,51.7365,51.7365,93.7214,0.078295
11,290,304.503,163.985,163.985,302.353,0.0415087
11,293,926.829,524.075,524.075,1014.84,-0.506373
11,295,972.737,531.936,531.936,1073.32,-0.547163
11,312,100.354,42.3549,42.3549,107.63,-0.394734
11,336,1.66912,0.619953,0.619953,1.83826,-0.537236
11,360,0.0274229,0.00894079,0.00894079,0.0297508,-0.456861
11,384,0.000536939,0.00012897,0.00012897,0.00048085,0.681071
11,385,68.8406,36.5551,36.5551,62.0348,0.640576
11,386,243.113,116.229,116.229,200.719,1.23321
11,389,679.591,381.951,381.951,691.638,-0.101694
11,391,771.205,396.015,396.015,748.975,0.173301
11,408,72.5415,32.9223,32.9223,80.5302,-0.579212
11,432,1.20892,0.481944,0.481944,1.37615,-0.709518
11,456,0.0233115,0.00692895,0.00692895,0.0222243,0.285639
11,480,0.000288396,9.96056e-5,9.96056e-5,0.000357352,-1.12666
11,481,40.6761,32.5099,32.5099,53.5795,-1.40613
11,482,179.096,103.416,103.416,173.442,0.190356
11,485,592.899,341.809,341.809,603.42,-0.101805
11,487,556.349,355.598,355.598,655.49,-0.883102
11,504,82.4453,29.9265,29.9265,71.5266,0.891297
11,528,1.2352,0.433825,0.433825,1.21623,0.091081
11,552,0.0208438,0.00614272,0.00614272,0.0196016,0.370009
11,576,0.000359685,8.74552e-5,8.74552e-5,0.00031476,0.833359
11,577,56.1477,30.4016,30.4016,49.101,0.83795
11,578,182.098,96.7274,96.7274,158.975,0.84927
11,581,562.559,320.58,320.58,553.064,0.100245
11,583,590.993,333.905,333.905,601.45,-0.101514
11,600,67.1918,28.1665,28.1665,66.3051,0.0780846
11,624,1.10884,0.410927,0.410927,1.1278,-0.0981523
11,648,0.019977,0.00588961,0.00588961,0.0181836,0.575834
12,0,0,0,0,0,0
12,1,124.607,95.6855,95.6855,106.307,1.00511
12,2,174.538,171.838,171.838,190.503,-0.489319
12,5,230.295,205.075,205.075,224.449,0.15209
12,7,151.596,165.727,165.727,179.098,-0.896582
12,24,6.95603,9.73168,9.73168,8.38988,-0.997864
12,48,0.0828179,0.141062,0.141062,0.077816,0.375305
12,72,0.000690565,0.00203514,0.00203514,0.000698378,-0.0653237
12,96,5.6969e-6,2.9207e-5,2.9207e-5,6.35875e-6,-0.607726
12,97,14.4515,13.432,13.432,15.4851,-0.389736
12,98,49.5542,42.9658,42.9658,49.8629,-0.036153
12,101,178.301,138.89,138.89,163.874,0.514038
12,103,168.809,140.15,140.15,166.173,0.0926034
12,120,11.5059,10.9081,10.9081,11.3413,0.0847258
12,144,0.104478,0.159952,0.159952,0.106774,-0.125553
12,168,0.000841973,0.002305,0.002305,0.000944399,-0.633253
12,192,9.09907e-6,3.33727e-5,3.33727e-5,8.0301e-6,0.777263
12,193,17.8576,17.0441,17.0441,19.0378,-0.361962
12,194,62.7616,54.5326,54.5326,61.335,0.135811
12,197,212.928,180.238,180.238,204.351,0.245081
12,199,200.773,183.127,183.127,210.327,-0.26522
12,216,14.8879,14.6387,14.6387,14.9807,-0.0361612
12,240,0.128658,0.215879,0.215879,0.142019,-0.549308
12,264,0.00108504,0.00313627,0.00313627,0.00125537,-0.792201
12,288,1.46463e-5,4.55493e-5,4.55493e-5,1.09156e-5,1.99557
12,289,49.867,51.7365,51.7365,57.4557,-0.771179
12,290,187,163.985,163.985,183.293,0.118103
12,293,695.95,524.075,524.075,592.978,1.01392
12,295,707.699,531.936,531.936,607.8,0.959672
12,312,49.0014,42.3549,42.3549,43.2655,0.77408
12,336,0.446063,0.619953,0.619953,0.406338,0.570819
12,360,0.00382941,0.00894079,0.00894079,0.0035705,0.423389
12,384,2.85308e-5,0.00012897,0.00012897,3.12189e-5,-0.502755
12,385,37.3372,36.5551,36.5551,40.5431,-0.461684
12,386,133.19,116.229,116.229,129.751,0.154775
12,389,496.847,381.951,381.951,435.342,0.824901
12,391,428.013,396.015,396.015,455.774,-0.355642
12,408,36.0367,32.9223,32.9223,34.5241,0.255813
12,432,0.299629,0.481944,0.481944,0.329329,-0.526568
12,456,0.00286382,0.00692895,0.00692895,0.00291482,-0.10216
12,480,2.38015e-5,9.96056e-5,9.96056e-5,2.55368e-5,-0.396771
12,481,36.3859,32.5099,32.5099,36.0343,0.0569722
12,482,123.893,103.416,103.416,115.377,0.430947
12,485,424.941,341.809,341.809,387.506,0.564061
12,487,375.656,355.598,355.598,407.268,-0.453208
12,504,30.9053,29.9265,29.9265,31.3292,-0.0790001
12,528,0.324278,0.433825,0.433825,0.2942,0.596923
12,552,0.00286177,0.00614272,0.00614272,0.00258754,0.618805
12,576,2.27996e-5,8.74552e-5,8.74552e-5,2.27651e-5,0.00883744
12,577,39.1527,30.4016,30.4016,33.7044,0.943835
12,578,110.473,96.7274,96.7274,107.937,0.137155
12,581,310.163,320.58,320.58,362.432,-0.842045
12,583,401.812,333.905,333.905,382.607,0.293073
12,600,30.6856,28.1665,28.1665,29.6606,0.201789
12,624,0.315923,0.410927,0.410927,0.28158,0.712115
12,648,0.00207782,0.00588961,0.00588961,0.00247619,-0.939327
13,0,0,0,0,0,0
13,1,80.2097,95.6855,95.6855,68.0471,1.04361
13,2,91.7432,171.838,171.838,105.738,-0.772764
13,5,120.16,205.075,205.075,125.432,-0.245396
13,7,116.231,165.727,165.727,107.579,0.469568
13,24,13.5398,9.73168,9.73168,10.5409,1.66113
13,48,0.3365,0.141062,0.141062,0.295524,0.809585
13,72,0.00872734,0.00203514,0.00203514,0.00811211,0.442815
13,96,0.000190226,2.9207e-5,2.9207e-5,0.00022288,-0.855435
13,97,5.78447,13.432,13.432,7.21227,-1.15589
13,98,21.108,42.9658,42.9658,24.4612,-0.800411
13,101,93.4755,138.89,138.89,94.3386,-0.0534209
13,103,127.571,140.15,140.15,110.866,0.879771
13,120,19.2249,10.9081,10.9081,23.0694,-0.973038
13,144,0.800606,0.159952,0.159952,0.817025,-0.117338
13,168,0.020455,0.002305,0.002305,0.0240777,-0.878494
13,192,0.000634216,3.33727e-5,3.33727e-5,0.000676698,-0.366552
13,193,10.3808,17.0441,17.0441,9.35636,0.639268
13,194,31.1189,54.5326,54.5326,31.7271,-0.111934
13,197,97.2272,180.238,180.238,124.195,-1.26784
13,199,145.289,183.127,183.127,148.319,-0.119305
13,216,37.9428,14.6387,14.6387,34.0628,0.665081
13,240,1.03482,0.215879,0.215879,1.25747,-1.03382
13,264,0.0379158,0.00313627,0.00313627,0.0374823,0.0675364
13,288,0.00115398,4.55493e-5,4.55493e-5,0.00105803,0.529539
13,289,28.5467,51.7365,51.7365,30.7671,-0.421369
13,290,98.2695,163.985,163.985,103.255,-0.281904
13,293,452.644,524.075,524.075,394.12,0.867015
13,295,550.216,531.936,531.936,470.548,0.988564
13,312,109.559,42.3549,42.3549,111.386,-0.0957497
13,336,4.9227,0.619953,0.619953,4.18827,1.02385
13,360,0.122246,0.00894079,0.00894079,0.125534,-0.15294
13,384,0.0039204,0.00012897,0.00012897,0.00354941,0.610269
13,385,24.4746,36.5551,36.5551,25.4753,-0.229363
13,386,86.2284,116.229,116.229,85.5911,0.0434727
13,389,333.414,381.951,381.951,331.159,0.0397503
13,391,484.447,396.015,396.015,400.54,1.22314
13,408,111.642,32.9223,32.9223,101.854,0.561068
13,432,4.09893,0.481944,0.481944,3.91707,0.27107
13,456,0.120684,0.00692895,0.00692895,0.118269,0.119269
13,480,0.00301511,9.96056e-5,9.96056e-5,0.00334712,-0.57917
13,481,28.9109,32.5099,32.5099,24.1633,1.14721
13,482,82.8899,103.416,103.416,81.195,0.121884
13,485,364.322,341.809,341.809,314.679,0.921127
13,487,435.475,355.598,355.598,381.344,0.828801
13,504,94.1637,29.9265,29.9265,98.3212,-0.246894
13,528,4.39872,0.433825,0.433825,3.81945,0.885531
13,552,0.120844,0.00614272,0.00614272,0.115498,0.270266
13,576,0.00329722,8.74552e-5,8.74552e-5,0.00327297,0.0432628
13,577,25.5703,30.4016,30.4016,23.5311,0.50597
13,578,87.2695,96.7274,96.7274,79.0746,0.605101
13,581,358.695,320.58,320.58,306.622,0.991586
13,583,381.097,333.905,333.905,371.845,0.145276
13,600,99.2049,28.1665,28.1665,96.3879,0.170644
13,624,3.75042,0.410927,0.410927,3.75454,-0.00641651
13,648,0.106204,0.00588961,0.00588961,0.113595,-0.379932
14,0,0,0,0,0,0
14,1,14.9766,95.6855,95.6855,16.69,-0.599383
14,2,18.9604,171.838,171.838,21.029,-0.574372
14,5,20.3164,205.075,205.075,22.6039,-0.590885
14,7,19.7019,165.727,165.727,18.0397,0.537994
14,24,1.28093,9.73168,9.73168,1.39142,-0.463639
14,48,0.0369305,0.141062,0.141062,0.0360073,0.149703
14,72,0.000681577,0.00203514,0.00203514,0.000930218,-1.56067
14,96,2.54996e-5,2.9207e-5,2.9207e-5,2.39674e-5,0.373254
14,97,3.62593,13.432,13.432,3.50765,0.196877
14,98,10.9962,42.9658,42.9658,10.3668,0.35448
14,101,29.0518,138.89,138.89,28.2751,0.160388
14,103,27.0553,140.15,140.15,25.3385,0.395597
14,120,2.19747,10.9081,10.9081,2.04965,0.421092
14,144,0.0555667,0.159952,0.159952,0.0523919,0.35381
14,168,0.00133019,0.002305,0.002305,0.00133989,-0.0422788
14,192,5.33931e-5,3.33727e-5,3.33727e-5,3.40825e-5,3.30815
14,193,6.79294,17.0441,17.0441,5.81192,0.985547
14,194,21.4533,54.5326,54.5326,17.1883,1.4488
14,197,49.2502,180.238,180.238,47.4535,0.22108
14,199,40.0019,183.127,183.127,42.6843,-0.366915
14,216,2.96238,14.6387,14.6387,3.44992,-0.82514
14,240,0.0741365,0.215879,0.215879,0.0872128,-0.875437
14,264,0.00219629,0.00313627,0.00313627,0.00222211,-0.0678446
14,288,5.82462e-5,4.55493e-5,4.55493e-5,5.6772e-5,0.151608
14,289,23.205,51.7365,51.7365,21.9133,0.344179
14,290,76.5704,163.985,163.985,64.4665,1.09627
14,293,187.57,524.075,524.075,178.157,0.308479
14,295,170.061,531.936,531.936,160.597,0.344075
14,312,12.5068,42.3549,42.3549,13.038,-0.237853
14,336,0.358806,0.619953,0.619953,0.334831,0.418092
14,360,0.0082994,0.00894079,0.00894079,0.00859129,-0.198376
14,384,0.000203495,0.00012897,0.00012897,0.000220337,-0.446321
14,385,20.3869,36.5551,36.5551,20.909,-0.145798
14,386,57.9879,116.229,116.229,61.5697,-0.339675
14,389,161.88,381.951,381.951,170.186,-0.28498
14,391,158.098,396.015,396.015,153.921,0.158463
14,408,12.8119,32.9223,32.9223,12.4767,0.156854
14,432,0.283908,0.481944,0.481944,0.317576,-0.619004
14,456,0.00778152,0.00692895,0.00692895,0.00808934,-0.222175
14,480,0.000195506,9.96056e-5,9.96056e-5,0.000205996,-0.297315
14,481,21.8589,32.5099,32.5099,20.6945,0.328534
14,482,68.4996,103.416,103.416,60.9437,0.723909
14,485,177.237,341.809,341.809,168.587,0.299581
14,487,130.04,355.598,355.598,152.52,-0.860569
14,504,11.7596,29.9265,29.9265,12.3655,-0.286099
14,528,0.357125,0.433825,0.433825,0.314774,0.785572
14,552,0.00643239,0.00614272,0.00614272,0.00801801,-1.15466
14,576,0.000168167,8.74552e-5,8.74552e-5,0.000204203,-1.03038
14,577,21.1389,30.4016,30.4016,20.5988,0.15308
14,578,72.6176,96.7274,96.7274,60.6635,1.15056
14,581,187.07,320.58,320.58,167.83,0.669363
14,583,150.883,333.905,333.905,151.857,-0.037434
14,600,12.6392,28.1665,28.1665,12.3119,0.15522
14,624,0.311471,0.410927,0.410927,0.313311,-0.0342817
14,648,0.00847144,0.00588961,0.00588961,0.00798105,0.358761
15,0,0,0,0,0,0
15,1,139.638,95.6855,95.6855,143.937,-0.174412
15,2,400.906,171.838,171.838,305.762,1.81686
15,5,310.332,205.075,205.075,429.028,-1.61537
15,7,384.521,165.727,165.727,374.087,0.162856
15,24,35.8825,9.73168,9.73168,38.0604,-0.334099
15,48,0.937605,0.141062,0.141062,1.08516,-0.793947
15,72,0.0316046,0.00203514,0.00203514,0.0298918,0.334563
15,96,0.000808073,2.9207e-5,2.9207e-5,0.000815892,-0.0559514
15,97,23.2833,13.432,13.432,19.6742,1.07109
15,98,66.5845,42.9658,42.9658,66.9788,-0.0343784
15,101,244.926,138.89,138.89,260.438,-0.347758
15,103,344.52,140.15,140.15,308.291,0.686155
15,120,68.4077,10.9081,10.9081,67.303,0.0958433
15,144,2.49889,0.159952,0.159952,2.51304,-0.0328901
15,168,0.0788391,0.002305,0.002305,0.0766809,0.164335
15,192,0.00208665,3.33727e-5,3.33727e-5,0.00219055,-0.27694
15,193,24.874,17.0441,17.0441,23.0578,0.459914
15,194,84.186,54.5326,54.5326,78.4701,0.425306
15,197,312.867,180.238,180.238,309.091,0.0713307
15,199,353.586,183.127,183.127,371.496,-0.281496
15,216,88.7998,14.6387,14.6387,89.1279,-0.021497
15,240,3.80349,0.215879,0.215879,3.4654,0.569633
15,264,0.114118,0.00313627,0.00313627,0.107137,0.380504
15,288,0.00286763,4.55493e-5,4.55493e-5,0.00307115,-0.38692
15,289,63.3976,51.7365,51.7365,68.7286,-0.452888
15,290,260.821,163.985,163.985,231.401,0.742334
15,293,1057.49,524.075,524.075,885.739,1.13215
15,295,952.201,531.936,531.936,1058.51,-0.586419
15,312,203.705,42.3549,42.3549,252.205,-1.12282
15,336,10.3923,0.619953,0.619953,9.84923,0.321968
15,360,0.373446,0.00894079,0.00894079,0.302521,1.36889
16,0,0,0,0,0,0
16,1,20.2943,95.6855,95.6855,31.8339,-2.11652
16,2,27.2942,171.838,171.838,47.754,-2.50158
16,5,29.4854,205.075,205.075,51.287,-2.48201
16,7,21.0861,165.727,165.727,40.5437,-2.80213
16,24,0.909222,9.73168,9.73168,3.07185,-4.11059
16,48,0.00924743,0.141062,0.141062,0.0772838,-5.14014
16,72,0.000134741,0.00203514,0.00203514,0.00194188,-5.43365
16,96,9.20275e-5,2.9207e-5,2.9207e-5,4.87941e-5,5.17337
16,97,3.75649,13.432,13.432,3.94877,-0.284307
16,98,12.0173,42.9658,42.9658,11.8826,0.0661744
16,101,33.8514,138.89,138.89,33.5072,0.0599836
16,103,29.9497,140.15,140.15,30.5898,-0.122184
16,120,1.69687,10.9081,10.9081,2.5171,-1.90264
16,144,0.0128121,0.159952,0.159952,0.0637786,-4.66587
16,168,0.000163665,0.002305,0.002305,0.00161499,-5.24707
16,192,4.1682e-6,3.33727e-5,3.33727e-5,4.08319e-5,-5.24275
16,193,5.43307,17.0441,17.0441,5.54578,-0.118659
16,194,15.4692,54.5326,54.5326,16.6905,-0.427249
16,197,48.2093,180.238,180.238,47.5276,0.0837516
16,199,48.2063,183.127,183.127,43.6864,0.604095
16,216,2.57668,14.6387,14.6387,3.60948,-1.67069
16,240,0.0257239,0.215879,0.215879,0.0915763,-4.19866
16,264,0.000249049,0.00313627,0.00313627,0.00232188,-5.2125
16,288,1.09877e-5,4.55493e-5,4.55493e-5,5.87612e-5,-4.74699
16,289,23.8567,51.7365,51.7365,17.7753,1.99759
16,290,70.1626,163.985,163.985,53.102,1.87588
16,293,203.446,524.075,524.075,148.108,2.18155
16,295,176.176,531.936,531.936,135.775,1.73739
16,312,9.20856,42.3549,42.3549,11.1705,-1.02552
16,336,0.0817559,0.619953,0.619953,0.278173,-4.12275
16,360,0.000972448,0.00894079,0.00894079,0.00697091,-5.02427
16,384,1.59832e-5,0.00012897,0.00012897,0.000174581,-5.30423
16,385,20.7451,36.5551,36.5551,13.5064,3.12929
16,386,52.8229,116.229,116.229,40.4832,1.77971
16,389,180.204,381.951,381.951,116.654,3.18077
16,391,148.382,396.015,396.015,108.239,2.16547
16,408,7.33677,32.9223,32.9223,8.99269,-1.07516
16,432,0.079088,0.481944,0.481944,0.224071,-3.77793
16,456,0.000817719,0.00692895,0.00692895,0.00557691,-4.98267
17,0,0,0,0,0,0
17,1,77.0514,95.6855,95.6855,68.1661,0.761072
17,2,118.619,171.838,171.838,101.669,0.973425
17,5,87.6872,205.075,205.075,108.582,-1.1236
17,7,81.6402,165.727,165.727,84.7856,-0.216606
17,24,5.60328,9.73168,9.73168,4.87037,0.878638
17,48,0.0796438,0.141062,0.141062,0.0779763,0.124861
17,72,0.00138496,0.00203514,0.00203514,0.00124831,0.639134
17,96,2.04696e-5,2.9207e-5,2.9207e-5,1.99624e-5,0.148339
17,97,7.04003,13.432,13.432,8.70266,-1.11549
17,98,23.6724,42.9658,42.9658,26.7026,-0.662575
17,101,80.2857,138.89,138.89,78.2616,0.151012
17,103,62.9107,140.15,140.15,72.8763,-0.798433
17,120,5.24978,10.9081,10.9081,4.74778,0.617361
17,144,0.0754838,0.159952,0.159952,0.0761401,-0.0503261
17,168,0.00135935,0.002305,0.002305,0.00122315,0.650149
17,192,2.02875e-5,3.33727e-5,3.33727e-5,1.96461e-5,0.19063
17,193,10.536,17.0441,17.0441,11.9067,-0.67214
17,194,37.1211,54.5326,54.5326,36.5478,0.0915789
17,197,115.423,180.238,180.238,108.068,0.397398
17,199,83.0002,183.127,183.127,101.342,-1.05674
17,216,6.89429,14.6387,14.6387,6.70423,0.165519
17,240,0.117769,0.215879,0.215879,0.108763,0.483477
17,264,0.00190999,0.00313627,0.00313627,0.00176347,0.485131
17,288,3.46063e-5,4.55493e-5,4.55493e-5,2.85229e-5,1.2453
17,289,38.0252,51.7365,51.7365,38.0714,-0.00709532
17,290,112.072,163.985,163.985,115.925,-0.194093
17,293,367.844,524.075,524.075,335.849,0.556242
17,295,350.176,531.936,531.936,314.46,0.663156
17,312,17.8298,42.3549,42.3549,20.7519,-0.822161
17,336,0.294393,0.619953,0.619953,0.338052,-0.75406
17,360,0.00528714,0.00894079,0.00894079,0.00549826,-0.224196
17,384,9.28718e-5,0.00012897,0.00012897,8.93099e-5,0.23287
17,385,30.2748,36.5551,36.5551,29.1397,0.22743
17,386,105.645,116.229,116.229,89.0229,1.0902
17,389,241.711,381.951,381.951,264.617,-0.505421
17,391,277.592,396.015,396.015,251.682,0.601076
17,408,20.8553,32.9223,32.9223,16.8257,1.39833
17,432,0.260827,0.481944,0.481944,0.270317,-0.204972
17,456,0.00437933,0.00692895,0.00692895,0.00430221,0.104671
17,480,6.20114e-5,9.96056e-5,9.96056e-5,6.85223e-5,-0.554796
17,481,32.0637,32.5099,32.5099,26.7897,1.14946
17,482,78.3395,103.416,103.416,81.8826,-0.252644
17,485,228.957,341.809,341.809,244.659,-0.374733
17,487,236.47,355.598,355.598,233.263,0.0802824
17,504,17.7413,29.9265,29.9265,15.6976,0.760161
17,528,0.269088,0.433825,0.433825,0.251802,0.400822
17,552,0.00373272,0.00614272,0.00614272,0.00404531,-0.451183
17,576,5.90777e-5,8.74552e-5,8.74552e-5,6.49405e-5,-0.527124
17,577,27.2484,30.4016,30.4016,25.5913,0.378078
17,578,75.2474,96.7274,96.7274,78.2338,-0.22288
17,581,236.241,320.58,320.58,234.316,0.0479816
17,583,260.198,333.905,333.905,223.602,0.955606
17,600,18.2941,28.1665,28.1665,15.1124,1.22928
17,624,0.254605,0.410927,0.410927,0.244017,0.25333
17,648,0.0033208,0.00588961,0.00588961,0.00394059,-0.918352
18,0,0,0,0,0,0
18,1,122.566,95.6855,95.6855,105.858,0.921563
18,2,236.637,171.838,171.838,256.177,-0.445354
18,5,363.45,205.075,205.075,375.886,-0.193171
18,7,310.702,165.727,165.727,305.448,0.100439
18,24,13.3245,9.73168,9.73168,13.4352,-0.0480815
18,48,0.0786013,0.141062,0.141062,0.0994508,-1.22408
18,72,0.000603715,0.00203514,0.00203514,0.000667987,-0.561795
18,96,6.90538e-6,2.9207e-5,2.9207e-5,4.30634e-6,3.52394
18,97,27.7034,13.432,13.432,26.3742,0.294275
18,98,79.9027,42.9658,42.9658,85.5338,-0.38439
18,101,309.285,138.89,138.89,282.911,0.544304
18,103,341.02,140.15,140.15,289.632,1.03596
18,120,19.8497,10.9081,10.9081,19.8928,-0.0126464
18,144,0.126404,0.159952,0.159952,0.15789,-1.16434
18,168,0.00103,0.002305,0.002305,0.00106532,-0.193587
18,192,7.83997e-6,3.33727e-5,3.33727e-5,6.85143e-6,0.842438
18,193,27.6028,17.0441,17.0441,29.3371,-0.345166
18,194,101.81,54.5326,54.5326,95.2344,0.403153
18,197,352.997,180.238,180.238,323.451,0.533348
18,199,392.334,183.127,183.127,337.416,0.95033
18,216,24.8162,14.6387,14.6387,24.7735,0.0100549
18,240,0.195738,0.215879,0.215879,0.199659,-0.114658
18,264,0.00102748,0.00313627,0.00313627,0.0013516,-1.40016
18,288,6.24236e-6,4.55493e-5,4.55493e-5,8.72541e-6,-1.66158
18,289,81.8146,51.7365,51.7365,83.0468,-0.086634
18,290,311.625,163.985,163.985,266.726,0.982858
18,293,844.644,524.075,524.075,876.409,-0.211621
18,295,882.81,531.936,531.936,904.907,-0.142577
18,312,66.2942,42.3549,42.3549,64.6536,0.148167
18,336,0.427298,0.619953,0.619953,0.514607,-0.990612
18,360,0.0032454,0.00894079,0.00894079,0.00344943,-0.345355
18,384,1.85774e-5,0.00012897,0.00012897,2.21788e-5,-0.948106
18,385,58.9304,36.5551,36.5551,52.2836,0.742284
18,386,144.061,116.229,116.229,168.523,-0.847535
18,389,571.757,381.951,381.951,572.585,-0.00843874
18,391,665.977,396.015,396.015,609.5,0.541024
18,408,45.6132,32.9223,32.9223,48.6286,-0.36206
18,432,0.397395,0.481944,0.481944,0.399665,-0.03316
18,456,0.0027359,0.00692895,0.00692895,0.00270941,0.0570959
18,480,1.62974e-5,9.96056e-5,9.96056e-5,1.75237e-5,-0.408585
18,481,35.3045,32.5099,32.5099,44.0886,-1.1633
18,482,170.817,103.416,103.416,142.191,1.1755
18,485,504.964,341.809,341.809,485.673,0.231923
18,487,485.527,355.598,355.598,519.221,-0.378899
18,504,46.5423,29.9265,29.9265,42.4273,0.566305
18,528,0.289493,0.433825,0.433825,0.347852,-0.979568
18,552,0.00224703,0.00614272,0.00614272,0.00234439,-0.242478
18,576,1.84848e-5,8.74552e-5,8.74552e-5,1.51967e-5,1.2633
18,577,47.4744,30.4016,30.4016,39.7521,1.13424
18,578,148.734,96.7274,96.7274,128.236,0.933337
18,581,511.382,320.58,320.58,440.314,0.94239
18,583,602.111,333.905,333.905,472.077,1.6083
18,600,33.8786,28.1665,28.1665,38.9371,-0.758545
18,624,0.283471,0.410927,0.410927,0.320561,-0.675566
18,648,0.00227395,0.00588961,0.00588961,0.00216172,0.303142
19,0,0,0,0,0,0
19,1,173.876,95.6855,95.6855,136.136,1.61863
19,2,361.965,171.838,171.838,289.178,1.46963
19,5,467.867,205.075,205.075,412.985,0.775911
19,7,365.44,165.727,165.727,366.548,-0.0176452
19,24,49.4151,9.73168,9.73168,43.3429,0.817993
19,48,1.7458,0.141062,0.141062,1.41508,1.36456
19,72,0.0455013,0.00203514,0.00203514,0.0432905,0.298183
19,96,0.00128158,2.9207e-5,2.9207e-5,0.00130954,-0.124651
19,97,16.1984,13.432,13.432,17.5584,-0.452254
19,98,60.8092,42.9658,42.9658,59.3321,0.14536
19,101,216.002,138.89,138.89,227.104,-0.285428
19,103,240.562,140.15,140.15,265.025,-0.538944
19,120,51.7874,10.9081,10.9081,54.0564,-0.245079
19,144,1.96662,0.159952,0.159952,1.93531,0.0944536
19,168,0.0593127,0.002305,0.002305,0.0598109,-0.0486285
19,192,0.00215464,3.33727e-5,3.33727e-5,0.0018017,1.14376
19,193,20.5158,17.0441,17.0441,21.9703,-0.386522
19,194,77.4184,54.5326,54.5326,74.1963,0.253562
19,197,318.18,180.238,180.238,286.701,0.64109
19,199,304.148,183.127,183.127,337.511,-0.577175
19,216,83.027,14.6387,14.6387,71.9384,0.899991
19,240,2.82683,0.215879,0.215879,2.62945,0.438274
19,264,0.0822752,0.00313627,0.00313627,0.0820717,0.0144824
19,288,0.00255532,4.55493e-5,4.55493e-5,0.00248455,0.166317
19,289,57.8885,51.7365,51.7365,66.3504,-0.744641
19,290,207.838,163.985,163.985,221.835,-0.368406
19,293,760.505,524.075,524.075,834.214,-0.515895
19,295,916.23,531.936,531.936,977.659,-0.366868
19,312,197.226,42.3549,42.3549,206.35,-0.25817
19,336,8.6631,0.619953,0.619953,7.47089,0.931761
19,360,0.208381,0.00894079,0.00894079,0.231548,-0.584171
19,384,0.00672035,0.00012897,0.00012897,0.0069827,-0.219374
19,385,49.0062,36.5551,36.5551,46.6447,0.295596
19,386,161.233,116.229,116.229,156.211,0.18772
19,389,631.156,381.951,381.951,598.97,0.313753
19,391,762.322,396.015,396.015,714.437,0.391343
19,408,159.329,32.9223,32.9223,163.325,-0.14286
19,432,7.32379,0.481944,0.481944,6.06004,1.21761
19,456,0.184624,0.00692895,0.00692895,0.189392,-0.146989
19,480,0.00527844,9.96056e-5,9.96056e-5,0.0057514,-0.480146
19,481,42.8009,32.5099,32.5099,41.3661,0.202514
19,482,137.392,103.416,103.416,138.57,-0.0496723
19,485,415.595,341.809,341.809,533.886,-1.29367
19,487,620.526,355.598,355.598,638.376,-0.163262
19,504,149.782,29.9265,29.9265,148.376,0.055295
19,528,5.64758,0.433825,0.433825,5.53638,0.117275
19,552,0.1839,0.00614272,0.00614272,0.173093,0.36452
19,576,0.00498928,8.74552e-5,8.74552e-5,0.00525636,-0.29668
19,577,44.0833,30.4016,30.4016,38.6202,0.825947
19,578,116.615,96.7274,96.7274,129.385,-0.57629
19,581,503.213,320.58,320.58,498.348,0.0570072
19,583,610.302,333.905,333.905,596.979,0.130309
19,600,151.236,28.1665,28.1665,139.865,0.474659
19,624,4.57609,0.410927,0.410927,5.20118,-0.701714
19,648,0.138283,0.00588961,0.00588961,0.16194,-0.852945
20,0,0,0,0,0,0
20,1,15.1968,95.6855,95.6855,18.2947,-0.98868
20,2,28.8095,171.838,171.838,24.6683,0.98019
20,5,32.1052,205.075,205.075,32.9235,-0.14511
20,7,34.3965,165.727,165.727,31.5994,0.516826
20,24,5.60097,9.73168,9.73168,5.77088,-0.171904
20,48,0.238716,0.141062,0.141062,0.248557,-0.231158
20,72,0.00772397,0.00203514,0.00203514,0.00870093,-0.655594
20,96,0.000264737,2.9207e-5,2.9207e-5,0.000277668,-0.271904
20,97,3.3927,13.432,13.432,3.42768,-0.059598
20,98,12.3508,42.9658,42.9658,11.7674,0.289448
20,101,55.0417,138.89,138.89,47.7392,0.893139
20,103,65.5655,140.15,140.15,58.9236,0.65815
20,120,17.5861,10.9081,10.9081,18.0348,-0.14526
20,144,0.854106,0.159952,0.159952,0.894693,-0.264873
20,168,0.0402333,0.002305,0.002305,0.0328623,1.30964
20,192,0.00102587,3.33727e-5,3.33727e-5,0.0010744,-0.263699
20,193,6.29263,17.0441,17.0441,5.85292,0.43864
20,194,21.3112,54.5326,54.5326,20.0745,0.359699
20,197,70.8426,180.238,180.238,82.0117,-0.795184
20,199,117.697,183.127,183.127,101.95,0.901827
20,216,29.7365,14.6387,14.6387,32.4572,-0.489433
20,240,1.45063,0.215879,0.215879,1.63677,-0.663996
20,264,0.0592948,0.00313627,0.00313627,0.0604124,-0.108011
20,288,0.00208096,4.55493e-5,4.55493e-5,0.00198072,0.295504
20,289,19.1773,51.7365,51.7365,22.737,-0.914116
20,290,83.3294,163.985,163.985,77.2186,0.46206
20,293,296.291,524.075,524.075,309.489,-0.248992
20,295,335.344,531.936,531.936,385.407,-0.758442
20,312,116.088,42.3549,42.3549,126.351,-0.47424
20,336,6.53188,0.619953,0.619953,6.44929,0.0747715
20,360,0.27338,0.00894079,0.00894079,0.239112,0.836778
20,384,0.00763347,0.00012897,0.00012897,0.00785457,-0.164359
20,385,22.6272,36.5551,36.5551,22.3403,0.0749859
20,386,83.8045,116.229,116.229,75.8691,0.6107
20,389,289.482,381.951,381.951,304.056,-0.27986
20,391,406.798,396.015,396.015,379.454,0.420739
20,408,137.076,32.9223,32.9223,125.353,0.546062
20,432,6.77176,0.481944,0.481944,6.41829,0.321553
20,456,0.274044,0.00692895,0.00692895,0.237728,0.891959
20,480,0.00853361,9.96056e-5,9.96056e-5,0.00781572,0.536306
20,481,19.5416,32.5099,32.5099,22.263,-0.713728
20,482,88.6573,103.416,103.416,75.6072,1.00779
20,485,287.114,341.809,341.809,303.049,-0.30702
20,487,381.087,355.598,355.598,378.245,0.0438724
20,504,151.872,29.9265,29.9265,125.069,1.25131
20,528,7.38868,0.433825,0.433825,6.40645,0.895197
20,552,0.240015,0.00614272,0.00614272,0.237312,0.066504
20,576,0.00763895,8.74552e-5,8.74552e-5,0.0078026,-0.122459
20,577,21.9902,30.4016,30.4016,22.2299,-0.0629685
20,578,63.0693,96.7274,96.7274,75.4952,-0.961016
20,581,296.958,320.58,320.58,302.61,-0.109059
20,583,415.362,333.905,333.905,377.712,0.58201
20,600,128.386,28.1665,28.1665,124.93,0.161522
20,624,7.45223,0.410927,0.410927,6.40031,0.959624
20,648,0.261933,0.00588961,0.00588961,0.237096,0.611622
21,0,0,0,0,0,0
21,1,142.062,95.6855,95.6855,123.16,0.896083
21,2,197.554,171.838,171.838,214.039,-0.449707
21,5,290.174,205.075,205.075,226.173,1.65223
21,7,201.663,165.727,165.727,165.319,1.2836
21,24,12.0564,9.73168,9.73168,9.89699,1.27395
21,48,0.237479,0.141062,0.141062,0.185786,1.62459
21,72,0.00440245,0.00203514,0.00203514,0.00348466,1.53783
21,96,6.51927e-5,2.9207e-5,2.9207e-5,6.52226e-5,-0.00267436
21,97,30.2744,13.432,13.432,28.9887,0.258958
21,98,75.5864,42.9658,42.9658,73.6361,0.154645
21,101,132.812,138.89,138.89,148.88,-0.630143
21,103,109.346,140.15,140.15,112.765,-0.177044
21,120,7.01652,10.9081,10.9081,6.75204,0.2287
21,144,0.112574,0.159952,0.159952,0.125995,-0.621923
21,168,0.00253833,0.002305,0.002305,0.00235282,0.460353
21,192,3.57098e-5,3.33727e-5,3.33727e-5,4.40556e-5,-1.10608
21,193,39.8627,17.0441,17.0441,37.4311,0.379312
21,194,93.6496,54.5326,54.5326,95.2018,-0.0952007
21,197,202.473,180.238,180.238,194.723,0.232375
21,199,159.681,183.127,183.127,147.601,0.477836
21,216,9.82603,14.6387,14.6387,8.80972,0.673574
21,240,0.170091,0.215879,0.215879,0.164356,0.203715
21,264,0.00289942,0.00313627,0.00313627,0.00306649,-0.318102
21,288,7.21481e-5,4.55493e-5,4.55493e-5,5.70785e-5,1.54153
21,289,103.009,51.7365,51.7365,110.157,-0.378871
21,290,305.118,163.985,163.985,278.211,0.564687
21,293,530.118,524.075,524.075,557.145,-0.283245
21,295,457.579,531.936,531.936,421.641,0.497661
21,312,23.3386,42.3549,42.3549,25.386,-0.470907
21,336,0.453595,0.619953,0.619953,0.480631,-0.328445
21,360,0.00804188,0.00894079,0.00894079,0.00908049,-0.66783
21,384,0.000132035,0.00012897,0.00012897,0.000171371,-1.34019
21,385,62.2603,36.5551,36.5551,69.4845,-0.607048
21,386,181.787,116.229,116.229,176.798,0.164773
21,389,360.515,381.951,381.951,369.904,-0.148212
21,391,255.317,396.015,396.015,281.236,-0.538103
21,408,16.186,32.9223,32.9223,16.9389,-0.25952
21,432,0.281367,0.481944,0.481944,0.320366,-0.710765
21,456,0.00571865,0.00692895,0.00692895,0.00604209,-0.312559
21,480,0.000107491,9.96056e-5,9.96056e-5,0.000113825,-0.324902
21,481,69.6911,32.5099,32.5099,58.8322,1.07769
21,482,151.444,103.416,103.416,149.873,0.0611939
21,485,294.009,341.809,341.809,318.524,-0.449375
21,487,250.324,355.598,355.598,242.47,0.189128
21,504,12.1945,29.9265,29.9265,14.5744,-0.953432
21,528,0.210029,0.433825,0.433825,0.273009,-1.34694
21,552,0.0047795,0.00614272,0.00614272,0.00511628,-0.384335
21,576,0.00012218,8.74552e-5,8.74552e-5,9.56087e-5,1.62269
21,577,52.5151,30.4016,30.4016,53.0718,-0.0612456
21,578,141.255,96.7274,96.7274,135.268,0.258456
21,581,330.56,320.58,320.58,283.587,0.967131
21,583,175.006,333.905,333.905,216.179,-1.11206
21,600,12.2796,28.1665,28.1665,12.9703,-0.310954
21,624,0.228184,0.410927,0.410927,0.241469,-0.321234
21,648,0.00450846,0.00588961,0.00588961,0.00455194,-0.0557692
22,0,0,0,0,0,0
22,1,292.402,281.021,281.021,294.798,-0.0474532
22,2,506.652,412.846,412.846,452.551,0.698
22,5,642.536,455.098,455.098,511.053,1.50219
22,7,384.811,367.796,367.796,418.598,-0.471276
22,24,28.5318,21.8765,21.8765,29.2963,-0.152376
22,48,0.471813,0.314209,0.314209,0.553283,-0.859747
22,72,0.0121765,0.00448712,0.00448712,0.0104105,0.990513
22,96,0.00020212,6.4024e-5,6.4024e-5,0.000195814,0.188034
22,97,13.5482,14.3718,14.3718,14.6704,-0.446642
22,98,41.2245,46.0298,46.0298,47.1077,-0.729194
22,101,155.717,152.402,152.402,157.143,-0.0529945
22,103,176.896,156.363,156.363,163.319,0.485394
22,120,14.2296,12.7493,12.7493,15.3394,-0.422431
22,144,0.271556,0.185056,0.185056,0.289442,-0.36081
22,168,0.00526378,0.00263553,0.00263553,0.00540425,-0.151767
22,192,0.000101928,3.76577e-5,3.76577e-5,0.000100754,0.0680368
22,193,29.7907,27.9699,27.9699,28.5342,0.257103
22,194,98.4695,89.2401,89.2401,91.2748,0.460243
22,197,285.61,293.087,293.087,303.763,-0.348935
22,199,334.05,301.059,301.059,314.574,0.361502
22,216,29.8043,24.4624,24.4624,29.6521,0.0299816
22,240,0.508288,0.356015,0.356015,0.563165,-0.568951
22,264,0.00942639,0.00510488,0.00510488,0.0105754,-0.634401
22,288,0.00017212,7.30451e-5,7.30451e-5,0.000198678,-0.780489
22,289,76.9289,62.3926,62.3926,63.0737,1.28259
22,290,213.495,196.941,196.941,199.606,0.406294
22,293,572.413,637.121,637.121,649.43,-0.692437
22,295,581.036,656.217,656.217,675.552,-0.816903
22,312,76.9593,54.0649,54.0649,63.9427,1.18858
22,336,1.19924,0.792895,0.792895,1.20297,-0.0181105
22,360,0.0264911,0.0114247,0.0114247,0.0222678,1.10739
22,384,0.00045766,0.000164535,0.000164535,0.000413694,0.620519
22,385,47.2725,50.689,50.689,50.3637,-0.358363
22,386,144.63,160.235,160.235,159.614,-0.548107
22,389,611.102,527.051,527.051,527.856,0.920805
22,391,527.854,548.231,548.231,553.701,-0.272557
22,408,60.8911,46.3151,46.3151,53.5315,0.802726
22,432,1.07252,0.668645,0.668645,1.01376,0.338376
22,456,0.0185721,0.00957095,0.00957095,0.0188634,-0.0901796
22,480,0.00041147,0.000137232,0.000137232,0.000348863,1.04783
22,481,41.9903,46.5429,46.5429,45.7961,-0.48523
22,482,148.162,147.177,147.177,145.186,0.119667
22,485,489.778,486.638,486.638,481.41,0.101485
22,487,567.874,506.471,506.471,507.016,0.700836
22,504,48.9473,43.1233,43.1233,49.7253,-0.0913488
22,528,1.01003,0.633541,0.633541,0.95381,0.344142
22,552,0.0205121,0.00914485,0.00914485,0.0178882,0.856441
22,576,0.000312464,0.00013206,0.00013206,0.000335501,-0.400916
22,577,31.1724,44.2731,44.2731,43.2656,-1.632
22,578,131.919,140.018,140.018,137.183,-0.224073
22,581,458.963,464.197,464.197,455.077,0.0498689
22,583,595.599,484.13,484.13,479.566,1.41271
22,600,47.6214,41.312,41.312,47.2054,0.0514541
22,624,0.906823,0.60684,0.60684,0.898808,0.0520649
22,648,0.0177654,0.00875701,0.00875701,0.0168704,0.309743
23,0,0,0,0,0,0
23,1,409.087,281.021,281.021,380.404,0.440238
23,2,621.615,412.846,412.846,612.965,0.0823979
23,5,734.291,455.098,455.098,703.32,0.257112
23,7,579.935,367.796,367.796,575.888,0.0410339
23,24,38.1097,21.8765,21.8765,33.5925,0.785144
23,48,0.375705,0.314209,0.314209,0.37038,0.0839497
23,72,0.00323742,0.00448712,0.00448712,0.00345335,-0.365085
23,96,2.49089e-5,6.4024e-5,6.4024e-5,2.98263e-5,-0.962636
23,97,24.6915,14.3718,14.3718,19.7692,1.4538
23,98,69.381,46.0298,46.0298,65.4521,0.350493
23,101,220.85,152.402,152.402,238.694,-0.436497
23,103,285.4,156.363,156.363,264.54,0.460428
23,120,32.8877,12.7493,12.7493,30.8561,0.384423
23,144,0.440156,0.185056,0.185056,0.409764,0.433061
23,168,0.0041093,0.00263553,0.00263553,0.00406116,0.0692116
23,192,2.93569e-5,3.76577e-5,3.76577e-5,3.5855e-5,-1.05818
23,193,37.5585,27.9699,27.9699,36.2623,0.208713
23,194,119.639,89.2401,89.2401,119.536,0.0050389
23,197,435.278,293.087,293.087,428.584,0.0911855
23,199,513.798,301.059,301.059,476.576,0.456022
23,216,56.6592,24.4624,24.4624,56.0726,0.0610819
23,240,0.680253,0.356015,0.356015,0.747141,-0.52272
23,264,0.00773943,0.00510488,0.00510488,0.00742173,0.249936
23,288,7.18602e-5,7.30451e-5,7.30451e-5,6.56028e-5,0.556921
23,289,82.8576,62.3926,62.3926,77.3042,0.419443
23,290,277.499,196.941,196.941,251.613,0.600696
23,293,848.889,637.121,637.121,883.484,-0.228637
23,295,999.905,656.217,656.217,983.58,0.0969117
23,312,115.042,54.0649,54.0649,119.112,-0.19952
23,336,1.5552,0.792895,0.792895,1.60535,-0.182397
23,360,0.0150036,0.0114247,0.0114247,0.0159969,-0.362541
23,384,0.00016311,0.000164535,0.000164535,0.000141695,0.882437
23,385,66.7454,50.689,50.689,60.4506,0.607996
23,386,242.983,160.235,160.235,197.016,1.36229
23,389,711.002,527.051,527.051,700.788,0.0851041
23,391,794.372,548.231,548.231,791.39,0.0220046
23,408,109.194,46.3151,46.3151,102.446,0.384565
23,432,1.64543,0.668645,0.668645,1.41438,0.95382
23,456,0.0132144,0.00957095,0.00957095,0.0141799,-0.397586
23,480,0.000133451,0.000137232,0.000137232,0.000125637,0.36315
23,481,55.0152,46.5429,46.5429,54.5596,0.0487599
23,482,196.907,147.177,147.177,177.869,0.624941
23,485,649.047,486.638,486.638,641.174,0.0716958
23,487,744.117,506.471,506.471,722.912,0.171268
23,504,93.8166,43.1233,43.1233,94.9752,-0.071228
23,528,1.18012,0.633541,0.633541,1.31129,-0.58409
23,552,0.01258,0.00914485,0.00914485,0.0131367,-0.24742
23,576,0.000108525,0.00013206,0.00013206,0.000115784,-0.36607
23,577,56.6924,44.2731,44.2731,51.3244,0.610678
23,578,173.459,140.018,140.018,167.344,0.213367
23,581,617.304,464.197,464.197,601.684,0.15158
23,583,671.637,484.13,484.13,680.447,-0.0755943
23,600,87.3542,41.312,41.312,90.4921,-0.202465
23,624,1.05345,0.60684,0.60684,1.25441,-0.935395
23,648,0.0159173,0.00875701,0.00875701,0.0125775,1.55044
24,0,0,0,0,0,0
24,1,272.654,281.021,281.021,233.114,0.990361
24,2,345.098,412.846,412.846,339.001,0.105
24,5,338.246,455.098,455.098,356.766,-0.303097
24,7,288.284,367.796,367.796,279.885,0.175198
24,24,17.2608,21.8765,21.8765,18.4422,-0.374025
24,48,0.352776,0.314209,0.314209,0.370102,-0.273333
24,72,0.00668254,0.00448712,0.00448712,0.00742152,-0.581383
24,96,0.000162999,6.4024e-5,6.4024e-5,0.000149538,0.525603
24,97,13.4437,14.3718,14.3718,12.4596,0.461205
24,98,41.4064,46.0298,46.0298,37.8143,0.554644
24,101,98.5772,152.402,152.402,109.914,-0.602213
24,103,92.6317,156.363,156.363,101.943,-0.533279
24,120,7.64056,12.7493,12.7493,7.46739,0.135407
24,144,0.149324,0.185056,0.185056,0.151948,-0.100849
24,168,0.00308337,0.00263553,0.00263553,0.00308719,-0.00720928
24,192,8.74031e-5,3.76577e-5,3.76577e-5,6.36198e-5,2.18274
24,193,26.3076,27.9699,27.9699,24.7358,0.371006
24,194,80.2704,89.2401,89.2401,74.8263,0.424805
24,197,222.774,293.087,293.087,216.19,0.177816
24,199,207.548,301.059,301.059,200.191,0.214569
24,216,14.1354,24.4624,24.4624,14.7189,-0.231463
24,240,0.258131,0.356015,0.356015,0.302484,-0.856153
24,264,0.00694587,0.00510488,0.00510488,0.00620947,0.692447
24,288,0.000131848,7.30451e-5,7.30451e-5,0.000127023,0.221765
24,289,53.7586,62.3926,62.3926,55.3243,-0.165246
24,290,166.009,196.941,196.941,165.907,0.00360042
24,293,505.007,637.121,637.121,473.063,0.394272
24,295,492.65,656.217,656.217,438.821,0.716238
24,312,33.5612,54.0649,54.0649,32.1598,0.254426
24,336,0.667933,0.792895,0.792895,0.653978,0.124594
24,360,0.0150006,0.0114247,0.0114247,0.0133372,0.728199
24,384,0.000232185,0.000164535,0.000164535,0.000270994,-0.836185
24,385,41.8524,50.689,50.689,44.142,-0.302843
24,386,126.309,160.235,160.235,132.622,-0.277909
24,389,433.887,527.051,527.051,385.299,0.736299
24,391,382.196,548.231,548.231,360.414,0.35287
24,408,28.9256,46.3151,46.3151,26.6303,0.503242
24,432,0.54286,0.668645,0.668645,0.534184,0.0948346
24,456,0.0115942,0.00957095,0.00957095,0.0107017,0.48692
24,480,0.000172927,0.000137232,0.000137232,0.000215322,-1.14958
24,481,39.5767,46.5429,46.5429,40.0487,-0.0688229
24,482,129.008,147.177,147.177,120.378,0.418574
24,485,416.177,486.638,486.638,353.435,1.03651
24,487,353.882,506.471,506.471,330.054,0.421529
24,504,22.4944,43.1233,43.1233,24.5756,-0.494466
24,528,0.538483,0.633541,0.633541,0.503506,0.40561
24,552,0.010834,0.00914485,0.00914485,0.0103073,0.298387
24,576,0.000229711,0.00013206,0.00013206,0.000210599,0.529893
24,577,42.9956,44.2731,44.2731,37.7578,0.809963
24,578,116.932,140.018,140.018,113.514,0.17578
24,581,344.31,464.197,464.197,331.474,0.226109
24,583,331.57,484.13,484.13,311.016,0.385874
24,600,20.2073,41.312,41.312,23.1526,-0.742779
24,624,0.459636,0.60684,0.60684,0.475161,-0.19078
24,648,0.010363,0.00875701,0.00875701,0.00973289,0.377992
25,0,0,0,0,0,0
25,1,589.143,422.456,422.456,522.967,0.738838
25,2,772.505,588.532,588.532,788.865,-0.121083
25,5,887.627,644.936,644.936,877.965,0.0642525
25,7,720.417,522.893,522.893,715.543,0.0397702
25,24,43.5866,31.4085,31.4085,38.6755,0.741423
25,48,0.327466,0.453051,0.453051,0.362895,-0.570041
25,72,0.00275329,0.00657731,0.00657731,0.00288341,-0.263491
25,96,2.81398e-5,9.52383e-5,9.52383e-5,2.12043e-5,1.90973
25,97,31.3265,27.3486,27.3486,32.9668,-0.290521
25,98,124.388,87.2702,87.2702,108.016,0.884982
25,101,369.528,287.728,287.728,380.914,-0.174526
25,103,376.129,295.488,295.488,415.544,-0.553812
25,120,43.0128,24.191,24.191,41.9559,0.147081
25,144,0.482982,0.35448,0.35448,0.457352,0.327206
25,168,0.00350448,0.00511098,0.00511098,0.00381321,-0.472727
25,192,2.08251e-5,7.35788e-5,7.35788e-5,2.86856e-5,-1.59996
25,193,52.6145,42.701,42.701,48.2281,0.531043
25,194,166.512,135.567,135.567,157.093,0.350092
25,197,564.861,445.187,445.187,552.847,0.12688
25,199,627.166,459.672,459.672,605.857,0.205358
25,216,57.3395,37.8615,37.8615,63.3192,-0.551401
25,240,0.757819,0.554132,0.554132,0.703258,0.452991
25,264,0.00493015,0.00795496,0.00795496,0.0059153,-0.972407
26,0,0,0,0,0,0
26,1,618.926,422.456,422.456,604.461,0.13973
26,2,1053.85,588.532,588.532,884.222,1.12012
26,5,830.215,644.936,644.936,916.939,-0.552227
26,7,864.155,522.893,522.893,707.028,1.29759
26,24,31.5907,31.4085,31.4085,27.7744,0.80228
26,48,0.259606,0.453051,0.453051,0.241234,0.444664
26,72,0.00190525,0.00657731,0.00657731,0.00214654,-0.656312
26,96,1.55342e-5,9.52383e-5,9.52383e-5,1.9252e-5,-1.12753
26,97,38.637,27.3486,27.3486,42.9882,-0.590993
26,98,158.845,87.2702,87.2702,139.203,0.823873
26,101,440.659,287.728,287.728,472.221,-0.390244
26,103,539.818,295.488,295.488,496.54,0.508899
26,120,45.1771,24.191,24.191,39.7752,0.79298
26,144,0.470806,0.35448,0.35448,0.404181,0.962461
26,168,0.00276726,0.00511098,0.00511098,0.00369024,-1.46035
26,192,2.44209e-5,7.35788e-5,7.35788e-5,3.31545e-5,-1.53806
26,193,60.0804,42.701,42.701,60.0621,0.00178345
26,194,197.701,135.567,135.567,193.353,0.13129
26,197,736.34,445.187,445.187,650.437,0.771122
26,199,656.001,459.672,459.672,692.894,-0.310884
26,216,50.0735,37.8615,37.8615,59.3606,-0.913497
26,240,0.779169,0.554132,0.554132,0.6161,1.5454
26,264,0.00461988,0.00795496,0.00795496,0.00564522,-1.06049
26,288,4.15707e-5,0.000113847,0.000113847,5.07006e-5,-1.05142
26,289,79.9858,68.4293,68.4293,90.1209,-0.656635
26,290,286.929,215.172,215.172,286.736,0.00391772
26,293,945.666,699.99,699.99,949.15,-0.0214326
26,295,1267.55,726.862,726.862,1020.23,1.41537
26,312,114.285,61.1215,61.1215,93.1342,1.32596
26,336,1.15964,0.889954,0.889954,0.984439,1.03913
26,360,0.00804573,0.0127577,0.0127577,0.00904211,-0.643396
26,384,6.01559e-5,0.000182628,0.000182628,8.13973e-5,-1.52369
26,385,81.4492,60.377,60.377,75.7873,0.436207
26,386,222.33,189.98,189.98,241.343,-0.459998
26,389,942.87,618.995,618.995,807.616,0.97784
26,391,902.176,647.3,647.3,875.8,0.175837
26,408,114.511,55.3219,55.3219,83.3072,2.18703
26,432,1.0551,0.819632,0.819632,0.896832,1.03039
26,456,0.0080257,0.0119246,0.0119246,0.00826126,-0.166482
26,480,6.10188e-5,0.000173428,0.000173428,7.4368e-5,-1.04807
26,481,70.5905,56.8084,56.8084,69.5143,0.0903896
26,482,207.782,178.792,178.792,221.427,-0.359785
26,485,814.921,583.891,583.891,744.613,0.551307
26,487,732.675,611.826,611.826,808.847,-0.549855
26,504,71.8605,52.4517,52.4517,78.9855,-0.526696
26,528,1.0403,0.765251,0.765251,0.852612,1.28533
26,552,0.00855587,0.0109684,0.0109684,0.00784374,0.530106
26,576,6.0935e-5,0.000156996,0.000156996,7.0578e-5,-0.797751
26,577,61.7723,54.7086,54.7086,65.8279,-0.359718
26,578,209.986,172.2,172.2,209.71,0.00768328
26,581,602.637,563.329,563.329,703.657,-0.838238
26,583,840.677,590.647,590.647,767.079,0.560205
26,600,94.7038,50.699,50.699,75.7667,1.45934
26,624,0.89178,0.744675,0.744675,0.819926,0.511678
26,648,0.00625463,0.0107948,0.0107948,0.00755199,-1.00305
27,0,0,0,0,0,0
27,1,686.484,422.456,422.456,588.627,0.970675
27,2,1045.57,588.532,588.532,1068.8,-0.126894
27,5,1099.56,644.936,644.936,1223.57,-0.591775
27,7,756.989,522.893,522.893,942.147,-1.14748
27,24,52.1558,31.4085,31.4085,53.5553,-0.152574
27,48,0.905002,0.453051,0.453051,0.893716,0.0737314
27,72,0.0148683,0.00657731,0.00657731,0.0148898,-0.00845605
27,96,0.000298428,9.52383e-5,9.52383e-5,0.000248068,1.18535
27,97,60.8951,27.3486,27.3486,52.7481,0.901806
27,98,128.249,87.2702,87.2702,157.187,-1.07494
27,101,414.858,287.728,287.728,434.027,-0.257866
27,103,407.05,295.488,295.488,389.046,0.270205
27,120,22.139,24.191,24.191,23.97,-0.446011
27,144,0.368046,0.35448,0.35448,0.393777,-0.381521
27,168,0.0052724,0.00511098,0.00511098,0.00647148,-1.08185
27,192,9.88837e-5,7.35788e-5,7.35788e-5,0.000106183,-0.401363
27,193,67.0489,42.701,42.701,78.6889,-0.863691
27,194,251.192,135.567,135.567,233.538,0.441367
27,197,745.489,445.187,445.187,641.025,0.951514
27,199,587.448,459.672,459.672,575.564,0.120555
27,216,42.2112,37.8615,37.8615,35.5401,1.09598
27,240,0.609444,0.554132,0.554132,0.584738,0.246688
27,264,0.0101466,0.00795496,0.00795496,0.00962511,0.316361
27,288,0.000167176,0.000113847,0.000113847,0.000158274,0.328396
27,289,109.882,68.4293,68.4293,116.047,-0.31017
27,290,322.497,215.172,215.172,341.922,-0.331713
27,293,940.934,699.99,699.99,934.91,0.037625
27,295,889.989,726.862,726.862,842.056,0.332364
27,312,62.4689,61.1215,61.1215,52.1174,1.15969
27,336,0.833539,0.889954,0.889954,0.847868,-0.0986743
27,360,0.0170814,0.0127577,0.0127577,0.0137742,1.40192
27,384,0.000182466,0.000182628,0.000182628,0.000225464,-1.1135
27,385,91.2112,60.377,60.377,91.785,-0.0364967
27,386,296.416,189.98,189.98,270.807,0.552155
27,389,734.054,618.995,618.995,750.282,-0.126292
27,391,725.163,647.3,647.3,679.491,0.392457
27,408,47.3399,55.3219,55.3219,42.3096,0.694188
27,432,0.853898,0.819632,0.819632,0.701215,1.27134
27,456,0.0104456,0.0119246,0.0119246,0.0115958,-0.579175
27,480,0.000210838,0.000173428,0.000173428,0.000190545,0.621852
27,481,85.3302,56.8084,56.8084,80.4192,0.35656
27,482,231.151,178.792,178.792,237.387,-0.153385
27,485,618.507,583.891,583.891,664.041,-0.400371
27,487,658.261,611.826,611.826,602.015,0.545522
27,504,35.8507,52.4517,52.4517,37.5745,-0.267869
27,528,0.654483,0.765251,0.765251,0.611506,0.41035
27,552,0.0120778,0.0109684,0.0109684,0.00993183,1.2616
27,576,0.00018523,0.000156996,0.000156996,0.000162085,0.833725
27,577,80.9564,54.7086,54.7086,73.4019,0.600929
27,578,228.224,172.2,172.2,216.726,0.309773
27,581,585.577,563.329,563.329,605.214,-0.189453
27,583,514.219,590.647,590.647,549.615,-0.376027
27,600,37.5608,50.699,50.699,34.4423,0.528655
27,624,0.62338,0.744675,0.744675,0.572858,0.514933
27,648,0.0106452,0.0107948,0.0107948,0.00951579,0.692975
28,0,0,0,0,0,0
28,1,356.833,422.456,422.456,356.937,-0.00169206
28,2,399.669,588.532,588.532,506.457,-1.23112
28,5,529.891,644.936,644.936,619.842,-0.84732
28,7,469.891,522.893,522.893,560.448,-0.943434
28,24,79.291,31.4085,31.4085,82.8668,-0.251952
28,48,2.82559,0.453051,0.453051,3.51892,-1.1504
28,72,0.120083,0.00657731,0.00657731,0.132488,-0.546687
28,96,0.00507953,9.52383e-5,9.52383e-5,0.00471817,0.447185
28,97,25.2639,27.3486,27.3486,20.1599,1.47823
28,98,66.6919,87.2702,87.2702,68.8927,-0.186524
28,101,306.159,287.728,287.728,277.569,0.601405
28,103,436.465,295.488,295.488,344.077,1.56778
28,120,121.305,24.191,24.191,108.5,0.689106
28,144,5.44586,0.35448,0.35448,5.7787,-0.336308
28,168,0.260463,0.00511098,0.00511098,0.234325,0.651276
28,192,0.00990884,7.35788e-5,7.35788e-5,0.00863771,0.859242
28,193,31.2303,42.701,42.701,31.834,-0.110721
28,194,91.3082,135.567,135.567,108.065,-0.905363
28,197,472.858,445.187,445.187,431.361,0.561685
28,199,515.179,459.672,459.672,537.139,-0.238715
28,216,197.902,37.8615,37.8615,177.199,0.682188
28,240,8.05225,0.554132,0.554132,9.66075,-0.972145
28,264,0.397622,0.00795496,0.00795496,0.395148,0.0365612
28,288,0.0166293,0.000113847,0.000113847,0.0146246,0.800339
28,289,49.1636,68.4293,68.4293,53.1639,-0.43934
28,290,193.823,215.172,215.172,178.23,0.510833
28,293,699.658,699.99,699.99,695.056,0.038658
28,295,746.587,726.862,726.862,869.065,-0.822867
28,312,248.787,61.1215,61.1215,301.303,-1.01768
28,336,16.13,0.889954,0.889954,16.7765,-0.224991
28,360,0.653581,0.0127577,0.0127577,0.685957,-0.275573
28,384,0.0302339,0.000182628,0.000182628,0.0255668,1.06585
28,385,66.2024,60.377,60.377,49.2589,2.00836
28,386,190.302,189.98,189.98,165.149,0.889255
28,389,761.766,618.995,618.995,645.901,1.04739
28,391,815.907,647.3,647.3,809.602,0.0454767
28,408,270.565,55.3219,55.3219,286.533,-0.325383
28,432,17.4902,0.819632,0.819632,16.1648,0.478728
28,456,0.832768,0.0119246,0.0119246,0.66773,1.44312
28,480,0.0269421,0.000173428,0.000173428,0.0248163,0.500157
28,481,58.7714,56.8084,56.8084,47.6483,1.36302
28,482,190.697,178.792,178.792,159.759,1.1307
28,485,668.002,583.891,583.891,625.267,0.399065
28,487,916.293,611.826,611.826,784.36,0.982112
28,504,265.735,52.4517,52.4517,279.45,-0.286556
28,528,15.6713,0.765251,0.765251,15.8282,-0.0578605
28,552,0.64857,0.0109684,0.0109684,0.654416,-0.0521627
29,0,0,0,0,0,0
29,1,944.289,422.456,422.456,983.452,-0.232513
29,2,1461.3,588.532,588.532,1491.16,-0.116945
29,5,1783.19,644.936,644.936,1734.74,0.163051
29,7,1520.05,522.893,522.893,1469.09,0.202504
29,24,182.779,31.4085,31.4085,151.988,1.18288
29,48,5.36679,0.453051,0.453051,5.28415,0.0913104
29,72,0.170553,0.00657731,0.00657731,0.183308,-0.406254
30,0,0,0,0,0,0
30,1,444.846,422.456,422.456,405.19,0.571442
30,2,447.621,588.532,588.532,517.088,-0.784392
30,5,502.712,644.936,644.936,485.231,0.210347
30,7,347.607,522.893,522.893,358.561,-0.178375
30,24,15.098,31.4085,31.4085,17.5764,-0.823321
30,48,0.222811,0.453051,0.453051,0.244393,-0.515614
30,72,0.00305196,0.00657731,0.00657731,0.003402,-0.600757
30,96,4.50901e-5,9.52383e-5,9.52383e-5,4.74993e-5,-0.296151
30,97,30.6469,27.3486,27.3486,31.5914,-0.174562
30,98,87.7936,87.2702,87.2702,89.0403,-0.0817545
30,101,226.713,287.728,287.728,218.27,0.225847
30,103,155.125,295.488,295.488,179.194,-0.784243
30,120,8.56085,24.191,24.191,9.09383,-0.342207
30,144,0.137471,0.35448,0.35448,0.126617,0.500505
30,168,0.00140263,0.00511098,0.00511098,0.00176311,-1.19377
30,192,3.78749e-5,7.35788e-5,7.35788e-5,2.45378e-5,3.17357
30,193,62.8031,42.701,42.701,50.7494,1.3868
30,194,149.885,135.567,135.567,142.608,0.297955
30,197,337.393,445.187,445.187,349.448,-0.201429
30,199,308.543,459.672,459.672,287.197,0.433974
30,216,14.15,37.8615,37.8615,14.6761,-0.209295
30,240,0.212137,0.554132,0.554132,0.207591,0.127866
30,264,0.00247055,0.00795496,0.00795496,0.00293127,-0.917713
30,288,3.2295e-5,0.000113847,0.000113847,4.13326e-5,-1.27668
30,289,83.249,68.4293,68.4293,81.9729,0.0908901
30,290,226.218,215.172,215.172,229.119,-0.0739209
30,293,592.461,699.99,699.99,559.862,0.339981
30,295,477.76,726.862,726.862,462.109,0.197755
30,312,23.0584,61.1215,61.1215,23.6007,-0.134167
30,336,0.265591,0.889954,0.889954,0.330219,-1.14272
30,360,0.00473687,0.0127577,0.0127577,0.00462324,0.143508
30,384,7.21051e-5,0.000182628,0.000182628,6.44292e-5,0.695619
30,385,78.8429,60.377,60.377,71.9504,0.559333
30,386,180.84,189.98,189.98,201.345,-0.594608
30,389,525.581,618.995,618.995,498.511,0.317057
30,391,414.416,647.3,647.3,412.077,0.0331375
30,408,24.6036,55.3219,55.3219,20.9846,1.00696
30,432,0.323756,0.819632,0.819632,0.292288,0.628612
30,456,0.00386126,0.0119246,0.0119246,0.0040732,-0.303813
30,480,6.41007e-5,0.000173428,0.000173428,5.70227e-5,0.724745
30,481,63.5508,56.8084,56.8084,67.358,-0.33002
30,482,197.835,178.792,178.792,188.567,0.286969
30,485,516.355,583.891,583.891,470.133,0.574051
30,487,470.514,611.826,611.826,388.772,1.22766
30,504,19.5197,52.4517,52.4517,19.8783,-0.105315
30,528,0.287924,0.765251,0.765251,0.2782,0.20408
30,552,0.00398104,0.0109684,0.0109684,0.00389656,0.126589
30,576,4.65003e-5,0.000156996,0.000156996,5.4355e-5,-0.843744
30,577,61.1919,54.7086,54.7086,64.6106,-0.308946
30,578,210.687,172.2,172.2,180.909,0.961069
30,581,522.071,563.329,563.329,453.793,0.878508
30,583,394.341,590.647,590.647,375.502,0.292932
30,600,20.0688,50.699,50.699,19.2893,0.235946
30,624,0.271852,0.744675,0.744675,0.27392,-0.0440832
30,648,0.00372082,0.0107948,0.0107948,0.00387601,-0.233786