id,time,y1,popPred_medianCOV,popPred,indivPred_SAEM,indWRes_SAEM
1,0,0,0,0,0,0
1,1,4.14124,3.65024,3.65024,3.31783,1.40568
1,2,5.80769,6.13096,6.13096,5.14943,0.724041
1,5,4.24454,6.09105,6.09105,3.70906,0.817713
1,7,1.24252,2.81324,2.81324,1.13036,0.562014
1,24,4.52989e-5,0.00395889,0.00395889,4.64314e-5,-0.138147
1,48,2.61987e-11,3.73026e-7,3.73026e-7,2.98016e-11,-0.684759
1,72,1.77662e-17,3.51483e-11,3.51483e-11,1.91279e-17,-0.00613261
1,96,9.66825e-24,3.31184e-15,3.31184e-15,1.22771e-23,-1.17493e-8
1,97,18.1644,18.2512,18.2512,16.5891,0.537834
1,98,26.2215,30.6548,30.6548,25.7471,0.104353
1,101,23.2869,30.4553,30.4553,18.5453,1.44815
1,103,5.97039,14.0662,14.0662,5.6518,0.319284
1,120,0.000308131,0.0197944,0.0197944,0.000232157,1.85358
1,144,1.61771e-10,1.86513e-6,1.86513e-6,1.49008e-10,0.485129
1,168,7.60669e-17,1.75741e-10,1.75741e-10,9.56396e-17,-0.088148
1,192,4.47219e-23,1.65592e-14,1.65592e-14,6.13855e-23,-7.50465e-8
1,193,32.6296,36.5024,36.5024,33.1783,-0.0936664
1,194,52.4727,61.3096,61.3096,51.4943,0.107626
1,197,40.7562,60.9105,60.9105,37.0906,0.559757
1,199,13.106,28.1324,28.1324,11.3036,0.903152
1,216,0.000428747,0.0395889,0.0395889,0.000464314,-0.433865
1,240,3.05444e-10,3.73026e-6,3.73026e-6,2.98016e-10,0.141171
1,264,1.94701e-16,3.51483e-10,3.51483e-10,1.91279e-16,0.0154111
1,288,9.61702e-23,3.31184e-14,3.31184e-14,1.22771e-22,-1.198e-7
1,289,69.9021,73.0048,73.0048,66.3566,0.30264
1,290,128.171,122.619,122.619,102.989,1.38496
1,293,89.3096,121.821,121.821,74.1813,1.1551
1,295,19.7618,56.2647,56.2647,22.6072,-0.712889
1,312,0.00108623,0.0791778,0.0791778,0.000928628,0.961248
1,336,5.69691e-10,7.46051e-6,7.46051e-6,5.96032e-10,-0.250322
1,360,3.75697e-16,7.02966e-10,7.02966e-10,3.82559e-16,-0.0309001
1,384,1.78186e-22,6.62368e-14,6.62368e-14,2.45542e-22,-3.03343e-7
1,385,84.8349,73.0048,73.0048,66.3566,1.57726
1,386,111.977,122.619,122.619,102.989,0.494342
1,389,81.5474,121.821,121.821,74.1813,0.562428
1,391,27.1605,56.2647,56.2647,22.6072,1.14079
1,408,0.00103531,0.0791778,0.0791778,0.000928628,0.650679
1,432,6.02339e-10,7.46051e-6,7.46051e-6,5.96032e-10,0.0599278
1,456,3.15671e-16,7.02966e-10,7.02966e-10,3.82559e-16,-0.301233
1,480,1.85251e-22,6.62368e-14,6.62368e-14,2.45542e-22,-2.71526e-7
1,481,73.6753,73.0048,73.0048,66.3566,0.624709
1,482,103.034,122.619,122.619,102.989,0.00252731
1,485,77.0845,121.821,121.821,74.1813,0.221675
1,487,27.3246,56.2647,56.2647,22.6072,1.18191
1,504,0.00103076,0.0791778,0.0791778,0.000928628,0.622959
1,528,5.65157e-10,7.46051e-6,7.46051e-6,5.96032e-10,-0.293402
1,552,3.59609e-16,7.02966e-10,7.02966e-10,3.82559e-16,-0.103356
1,576,1.73985e-22,6.62368e-14,6.62368e-14,2.45542e-22,-3.22263e-7
1,577,76.0908,73.0048,73.0048,66.3566,0.830888
1,578,117.61,122.619,122.619,102.989,0.804145
1,581,81.8985,121.821,121.821,74.1813,0.589239
1,583,25.9053,56.2647,56.2647,22.6072,0.826313
1,600,0.000913083,0.0791778,0.0791778,0.000928628,-0.0948144
1,624,5.7596e-10,7.46051e-6,7.46051e-6,5.96032e-10,-0.190747
1,648,2.8875e-16,7.02966e-10,7.02966e-10,3.82559e-16,-0.422474
2,0,0,0,0,0,0
2,1,3.53485,3.65024,3.65024,3.42707,0.178126
2,2,5.10127,6.13096,6.13096,5.45901,-0.371174
2,5,4.56396,6.09105,6.09105,4.37451,0.245296
2,7,1.73868,2.81324,2.81324,1.53781,0.739833
2,24,0.000247655,0.00395889,0.00395889,0.000212655,0.932214
2,48,7.58912e-10,3.73026e-7,3.73026e-7,7.57452e-10,0.0109169
2,72,2.05187e-15,3.51483e-11,3.51483e-11,2.69795e-15,-1.35638
2,96,7.044e-21,3.31184e-15,3.31184e-15,9.60979e-21,-1.15553e-5
2,97,23.8646,18.2512,18.2512,17.1354,2.2243
2,98,33.1177,30.6548,30.6548,27.2951,1.20826
2,101,22.0564,30.4553,30.4553,21.8725,0.0476168
2,103,11.1533,14.0662,14.0662,7.68905,2.5519
2,120,0.00119,0.0197944,0.0197944,0.00106327,0.675054
2,144,3.95725e-9,1.86513e-6,1.86513e-6,3.78726e-9,0.254226
2,168,1.29895e-14,1.75741e-10,1.75741e-10,1.34898e-14,-0.210033
2,192,3.84897e-20,1.65592e-14,1.65592e-14,4.80489e-20,-4.30508e-5
2,193,40.2797,36.5024,36.5024,34.2707,0.993112
2,194,57.3596,61.3096,61.3096,54.5901,0.287346
2,197,44.014,60.9105,60.9105,43.7451,0.0348242
2,199,22.0048,28.1324,28.1324,15.3781,2.44071
2,216,0.00211844,0.0395889,0.0395889,0.00212655,-0.021593
2,240,7.95749e-9,3.73026e-6,3.73026e-6,7.57452e-9,0.286381
2,264,2.56891e-14,3.51483e-10,3.51483e-10,2.69795e-14,-0.270915
2,288,8.73828e-20,3.31184e-14,3.31184e-14,9.60979e-20,-3.92491e-5
2,289,94.6994,73.0048,73.0048,68.5415,2.16159
2,290,136.19,122.619,122.619,109.18,1.4012
2,293,113.646,121.821,121.821,87.4902,1.6933
2,295,31.3416,56.2647,56.2647,30.7562,0.107811
2,312,0.00484227,0.0791778,0.0791778,0.0042531,0.784618
2,336,1.63577e-8,7.46051e-6,7.46051e-6,1.5149e-8,0.451895
2,360,4.79571e-14,7.02966e-10,7.02966e-10,5.39591e-14,-0.630018
2,384,1.44252e-19,6.62368e-14,6.62368e-14,1.92196e-19,-0.000215918
2,385,81.9198,73.0048,73.0048,68.5415,1.10553
2,386,120.245,122.619,122.619,109.18,0.574001
2,389,96.2366,121.821,121.821,87.4902,0.566234
2,391,39.4188,56.2647,56.2647,30.7562,1.59529
2,408,0.0055173,0.0791778,0.0791778,0.0042531,1.68358
2,432,1.20911e-8,7.46051e-6,7.46051e-6,1.5149e-8,-1.14331
2,456,3.93568e-14,7.02966e-10,7.02966e-10,5.39591e-14,-1.53278
2,480,1.3492e-19,6.62368e-14,6.62368e-14,1.92196e-19,-0.000257947
2,481,82.5989,73.0048,73.0048,68.5415,1.16165
2,482,115.94,122.619,122.619,109.18,0.3507
2,485,105.296,121.821,121.821,87.4902,1.15276
2,487,36.1443,56.2647,56.2647,30.7562,0.992276
2,504,0.00434352,0.0791778,0.0791778,0.0042531,0.120415
2,528,1.37846e-8,7.46051e-6,7.46051e-6,1.5149e-8,-0.51014
2,552,4.06621e-14,7.02966e-10,7.02966e-10,5.39591e-14,-1.39576
2,576,1.60826e-19,6.62368e-14,6.62368e-14,1.92196e-19,-0.000141277
2,577,97.3189,73.0048,73.0048,68.5415,2.37806
2,578,121.949,122.619,122.619,109.18,0.662407
2,581,87.5574,121.821,121.821,87.4902,0.00435077
2,583,32.9391,56.2647,56.2647,30.7562,0.402001
2,600,0.00483391,0.0791778,0.0791778,0.0042531,0.773489
2,624,1.57085e-8,7.46051e-6,7.46051e-6,1.5149e-8,0.209187
2,648,5.94001e-14,7.02966e-10,7.02966e-10,5.39591e-14,0.571137
3,0,0,0,0,0,0
3,1,4.39212,3.65024,3.65024,3.94368,0.644063
3,2,9.0735,6.13096,6.13096,7.09801,1.57639
3,5,11.2728,6.09105,6.09105,9.30935,1.19462
3,7,6.30021,2.81324,2.81324,5.95565,0.32769
3,24,0.164564,0.00395889,0.00395889,0.133664,1.30939
3,48,0.000615698,3.73026e-7,3.73026e-7,0.000628256,-0.113211
3,72,3.4295e-6,3.51483e-11,3.51483e-11,2.95296e-6,0.914036
3,96,1.0494e-8,3.31184e-15,3.31184e-15,1.38797e-8,-1.3816
3,97,24.6155,18.2512,18.2512,19.7184,1.40666
3,98,36.5116,30.6548,30.6548,35.4901,0.163028
3,101,62.5551,30.4553,30.4553,46.5467,1.94797
3,103,32.9778,14.0662,14.0662,29.7783,0.608572
3,120,0.829988,0.0197944,0.0197944,0.668321,1.37013
3,144,0.00336436,1.86513e-6,1.86513e-6,0.00314128,0.40223
3,168,1.5248e-5,1.75741e-10,1.75741e-10,1.47648e-5,0.185375
3,192,6.50341e-8,1.65592e-14,1.65592e-14,6.93983e-8,-0.356189
3,193,50.9805,36.5024,36.5024,39.4368,1.65793
3,194,84.7704,61.3096,61.3096,70.9801,1.10043
3,197,107.076,60.9105,60.9105,93.0935,0.850745
3,199,68.0882,28.1324,28.1324,59.5565,0.811392
3,216,1.60551,0.0395889,0.0395889,1.33664,1.13933
3,240,0.00771036,3.73026e-6,3.73026e-6,0.00628256,1.28724
3,264,2.87322e-5,3.51483e-10,3.51483e-10,2.95296e-5,-0.152946
3,288,1.42424e-7,3.31184e-14,3.31184e-14,1.38797e-7,0.148022
3,289,107.224,73.0048,73.0048,78.8736,2.03584
3,290,201.402,122.619,122.619,141.96,2.37165
3,293,240.134,121.821,121.821,186.187,1.64114
3,295,126.872,56.2647,56.2647,119.113,0.368935
3,312,3.21691,0.0791778,0.0791778,2.67328,1.1518
3,336,0.0117739,7.46051e-6,7.46051e-6,0.0125651,-0.356678
3,360,7.36322e-5,7.02966e-10,7.02966e-10,5.90592e-5,1.39762
3,384,1.97729e-7,6.62368e-14,6.62368e-14,2.77593e-7,-1.62956
3,385,103.531,73.0048,73.0048,78.8736,1.77066
3,386,181.92,122.619,122.619,141.96,1.59434
3,389,243.019,121.821,121.821,186.187,1.72888
3,391,143.836,56.2647,56.2647,119.113,1.1756
3,408,3.27017,0.0791778,0.0791778,2.67328,1.26465
3,432,0.0121576,7.46051e-6,7.46051e-6,0.0125651,-0.18371
3,456,5.38129e-5,7.02966e-10,7.02966e-10,5.90592e-5,-0.503145
3,480,2.71761e-7,6.62368e-14,6.62368e-14,2.77593e-7,-0.118996
3,481,98.544,73.0048,73.0048,78.8736,1.41255
3,482,178.034,122.619,122.619,141.96,1.43929
3,485,188.673,121.821,121.821,186.187,0.0756329
3,487,153.052,56.2647,56.2647,119.113,1.61384
3,504,2.88911,0.0791778,0.0791778,2.67328,0.457287
3,528,0.0126529,7.46051e-6,7.46051e-6,0.0125651,0.0395802
3,552,6.12916e-5,7.02966e-10,7.02966e-10,5.90592e-5,0.2141
3,576,2.07157e-7,6.62368e-14,6.62368e-14,2.77593e-7,-1.43717
3,577,84.6972,73.0048,73.0048,78.8736,0.418197
3,578,144.388,122.619,122.619,141.96,0.0968515
3,581,187.721,121.821,121.821,186.187,0.0466801
3,583,140.263,56.2647,56.2647,119.113,1.00571
3,600,2.84005,0.0791778,0.0791778,2.67328,0.353325
3,624,0.0126713,7.46051e-6,7.46051e-6,0.0125651,0.0478784
3,648,5.81448e-5,7.02966e-10,7.02966e-10,5.90592e-5,-0.0876935
4,0,0,0,0,0,0
4,1,4.03432,3.65024,3.65024,3.65336,0.590635
4,2,6.4232,6.13096,6.13096,6.14072,0.26055
4,5,6.05669,6.09105,6.09105,6.11892,-0.0576025
4,7,3.1394,2.81324,2.81324,2.83642,0.605014
4,24,0.0044828,0.00395889,0.00395889,0.00411705,0.503177
4,48,4.8259e-7,3.73026e-7,3.73026e-7,4.05264e-7,1.08071
4,72,3.61032e-11,3.51483e-11,3.51483e-11,3.98924e-11,-0.538002
4,96,3.35759e-15,3.31184e-15,3.31184e-15,3.92682e-15,-0.821058
4,97,24.0149,18.2512,18.2512,18.2668,1.78234
4,98,44.8993,30.6548,30.6548,30.7036,2.61873
4,101,37.5147,30.4553,30.4553,30.5946,1.28113
4,103,17.8229,14.0662,14.0662,14.1821,1.45404
4,120,0.022194,0.0197944,0.0197944,0.0205853,0.44263
4,144,2.34592e-6,1.86513e-6,1.86513e-6,2.02632e-6,0.89336
4,168,1.90991e-10,1.75741e-10,1.75741e-10,1.99462e-10,-0.240556
4,192,1.82763e-14,1.65592e-14,1.65592e-14,1.96341e-14,-0.391713
4,193,43.9623,36.5024,36.5024,36.5336,1.15173
4,194,62.7977,61.3096,61.3096,61.4072,0.128249
4,197,71.2151,60.9105,60.9105,61.1892,0.928052
4,199,29.0411,28.1324,28.1324,28.3642,0.135161
4,216,0.0474252,0.0395889,0.0395889,0.0411705,0.860484
4,240,4.81784e-6,3.73026e-6,3.73026e-6,4.05264e-6,1.06944
4,264,4.57888e-10,3.51483e-10,3.51483e-10,3.98924e-10,0.837196
4,288,3.67903e-14,3.31184e-14,3.31184e-14,3.92682e-14,-0.357414
4,289,99.9022,91.256,91.256,91.3339,0.531357
4,290,179.954,153.274,153.274,153.518,0.975344
4,293,175.435,152.276,152.276,152.973,0.831685
4,295,88.8887,70.3309,70.3309,70.9106,1.43602
4,312,0.126267,0.0989722,0.0989722,0.102926,1.28445
4,336,1.18438e-5,9.32564e-6,9.32564e-6,1.01316e-5,0.957198
4,360,1.11639e-9,8.78707e-10,8.78707e-10,9.97309e-10,0.67627
4,384,1.11458e-13,8.2796e-14,8.2796e-14,9.81706e-14,0.766628
4,385,103.83,91.256,91.256,91.3339,0.774937
4,386,178.264,153.274,153.274,153.518,0.912981
4,389,205.838,152.276,152.276,152.973,1.95738
4,391,87.3707,70.3309,70.3309,70.9106,1.31476
4,408,0.119695,0.0989722,0.0989722,0.102926,0.922783
4,432,9.68589e-6,9.32564e-6,9.32564e-6,1.01316e-5,-0.249174
4,456,9.56505e-10,8.78707e-10,8.78707e-10,9.97309e-10,-0.231742
4,480,9.31048e-14,8.2796e-14,8.2796e-14,9.81706e-14,-0.292275
4,481,119.837,91.256,91.256,91.3339,1.76762
4,482,207.048,153.274,153.274,153.518,1.97497
4,485,175.136,152.276,152.276,152.973,0.820618
4,487,84.6465,70.3309,70.3309,70.9106,1.09717
4,504,0.121799,0.0989722,0.0989722,0.102926,1.03856
4,528,9.66246e-6,9.32564e-6,9.32564e-6,1.01316e-5,-0.262271
4,552,9.3762e-10,8.78707e-10,8.78707e-10,9.97309e-10,-0.338991
4,576,8.99077e-14,8.2796e-14,8.2796e-14,9.81706e-14,-0.476734
4,577,100.168,91.256,91.256,91.3339,0.547869
4,578,180.985,153.274,153.274,153.518,1.01337
4,581,178.41,152.276,152.276,152.973,0.94183
4,583,77.1077,70.3309,70.3309,70.9106,0.494997
4,600,0.128538,0.0989722,0.0989722,0.102926,1.40938
4,624,1.08458e-5,9.32564e-6,9.32564e-6,1.01316e-5,0.399247
4,648,9.00102e-10,8.78707e-10,8.78707e-10,9.97309e-10,-0.55207
5,0,0,0,0,0,0
5,1,4.37285,3.65024,3.65024,3.40826,1.60301
5,2,5.85168,6.13096,6.13096,5.40479,0.468329
5,5,5.44803,6.09105,6.09105,4.25253,1.59231
5,7,1.41457,2.81324,2.81324,1.45927,-0.173478
5,24,0.000177745,0.00395889,0.00395889,0.000164354,0.461501
5,48,5.01139e-10,3.73026e-7,3.73026e-7,4.38158e-10,0.814151
5,72,1.12784e-15,3.51483e-11,3.51483e-11,1.1681e-15,-0.181326
5,96,2.53904e-21,3.31184e-15,3.31184e-15,3.1141e-21,-2.58984e-6
5,97,18.491,18.2512,18.2512,17.0413,0.481833
5,98,29.0221,30.6548,30.6548,27.0239,0.418798
5,101,26.5413,30.4553,30.4553,21.2627,1.40613
5,103,8.9813,14.0662,14.0662,7.29634,1.308
5,120,0.00106121,0.0197944,0.0197944,0.000821769,1.65032
5,144,2.13614e-9,1.86513e-6,1.86513e-6,2.19079e-9,-0.141289
5,168,5.06959e-15,1.75741e-10,1.75741e-10,5.84052e-15,-0.747629
5,192,1.17504e-20,1.65592e-14,1.65592e-14,1.55705e-20,-1.72042e-5
5,193,42.0794,36.5024,36.5024,34.0826,1.32895
5,194,70.081,61.3096,61.3096,54.0479,1.68021
5,197,46.0986,60.9105,60.9105,42.5253,0.47593
5,199,16.4805,28.1324,28.1324,14.5927,0.732738
5,216,0.00188094,0.0395889,0.0395889,0.00164354,0.81816
5,240,4.72715e-9,3.73026e-6,3.73026e-6,4.38158e-9,0.446716
5,264,1.21716e-14,3.51483e-10,3.51483e-10,1.1681e-14,0.237855
5,288,2.58313e-20,3.31184e-14,3.31184e-14,3.1141e-20,-2.39126e-5
5,289,118.46,91.256,91.256,85.2064,2.21053
5,290,155.783,153.274,153.274,135.12,0.866177
5,293,134.736,152.276,152.276,106.313,1.51424
5,295,41.6944,70.3309,70.3309,36.4817,0.809303
5,312,0.00453716,0.0989722,0.0989722,0.00410884,0.590431
5,336,9.20316e-9,9.32564e-6,9.32564e-6,1.09539e-8,-0.905287
5,360,2.08185e-14,8.78707e-10,8.78707e-10,2.92026e-14,-1.62615
5,384,5.84953e-20,8.2796e-14,8.2796e-14,7.78524e-20,-8.71768e-5
5,385,96.8521,91.256,91.256,85.2064,0.774137
5,386,174.934,153.274,153.274,135.12,1.66896
5,389,117.646,152.276,152.276,106.313,0.603778
5,391,38.3285,70.3309,70.3309,36.4817,0.286729
5,408,0.00354112,0.0989722,0.0989722,0.00410884,-0.78261
5,432,1.01574e-8,9.32564e-6,9.32564e-6,1.09539e-8,-0.41188
5,456,3.12602e-14,8.78707e-10,8.78707e-10,2.92026e-14,0.399094
5,480,6.424e-20,8.2796e-14,8.2796e-14,7.78524e-20,-6.1305e-5
5,481,103.827,91.256,91.256,85.2064,1.23779
5,482,172.291,153.274,153.274,135.12,1.55817
5,485,133.056,152.276,152.276,106.313,1.42474
5,487,50.839,70.3309,70.3309,36.4817,2.22905
5,504,0.00442184,0.0989722,0.0989722,0.00410884,0.431459
5,528,1.2334e-8,9.32564e-6,9.32564e-6,1.09539e-8,0.713571
5,552,2.82914e-14,8.78707e-10,8.78707e-10,2.92026e-14,-0.176724
5,576,6.44931e-20,8.2796e-14,8.2796e-14,7.78524e-20,-6.01652e-5
5,577,94.9514,91.256,91.256,85.2064,0.64779
5,578,172.741,153.274,153.274,135.12,1.57704
5,581,110.689,152.276,152.276,106.313,0.233116
5,583,36.6446,70.3309,70.3309,36.4817,0.0252895
5,600,0.00356463,0.0989722,0.0989722,0.00410884,-0.750203
5,624,1.10857e-8,9.32564e-6,9.32564e-6,1.09539e-8,0.0681469
5,648,2.93996e-14,8.78707e-10,8.78707e-10,2.92026e-14,0.038213
6,0,0,0,0,0,0
6,1,4.26913,3.65024,3.65024,3.9696,0.427372
6,2,8.7828,6.13096,6.13096,7.18812,1.25656
6,5,12.4407,6.09105,6.09105,9.65931,1.63094
6,7,7.57593,2.81324,2.81324,6.34985,1.09366
6,24,0.205842,0.00395889,0.00395889,0.17956,0.829065
6,48,0.00117729,3.73026e-7,3.73026e-7,0.00116954,0.0375501
6,72,7.54813e-6,3.51483e-11,3.51483e-11,7.61761e-6,-0.0516584
6,96,4.15739e-8,3.31184e-15,3.31184e-15,4.96162e-8,-0.918082
6,97,21.433,18.2512,18.2512,19.848,0.452318
6,98,45.7498,30.6548,30.6548,35.9406,1.54587
6,101,41.9056,30.4553,30.4553,48.2966,-0.749507
6,103,31.8746,14.0662,14.0662,31.7492,0.022365
6,120,1.02525,0.0197944,0.0197944,0.897798,0.804078
6,144,0.00788848,1.86513e-6,1.86513e-6,0.00584768,1.9767
6,168,4.24132e-5,1.75741e-10,1.75741e-10,3.8088e-5,0.643193
6,192,2.39312e-7,1.65592e-14,1.65592e-14,2.48081e-7,-0.200201
6,193,47.2222,36.5024,36.5024,39.696,1.07387
6,194,86.8183,61.3096,61.3096,71.8812,1.177
6,197,110.413,60.9105,60.9105,96.5931,0.810365
6,199,79.588,28.1324,28.1324,63.4985,1.43518
6,216,1.61543,0.0395889,0.0395889,1.7956,-0.568309
6,240,0.0130614,3.73026e-6,3.73026e-6,0.0116954,0.661573
6,264,7.17332e-5,3.51483e-10,3.51483e-10,7.61761e-5,-0.330345
6,288,4.82652e-7,3.31184e-14,3.31184e-14,4.96162e-7,-0.154223
6,289,120.209,91.256,91.256,99.2401,1.19679
6,290,202.333,153.274,153.274,179.703,0.713276
6,293,335.729,152.276,152.276,241.483,2.21055
6,295,177.751,70.3309,70.3309,158.746,0.678072
6,312,5.29448,0.0989722,0.0989722,4.48899,1.01634
6,336,0.0274114,9.32564e-6,9.32564e-6,0.0292384,-0.353915
6,360,0.000181281,8.78707e-10,8.78707e-10,0.00019044,-0.272411
6,384,1.04616e-6,8.2796e-14,8.2796e-14,1.24041e-6,-0.88697
6,385,132.14,91.256,91.256,99.2401,1.87775
6,386,216.872,153.274,153.274,179.703,1.17153
6,389,254.21,152.276,152.276,241.483,0.298508
6,391,165.068,70.3309,70.3309,158.746,0.225554
6,408,5.32453,0.0989722,0.0989722,4.48899,1.05425
6,432,0.0353096,9.32564e-6,9.32564e-6,0.0292384,1.17611
6,456,0.000185106,8.78707e-10,8.78707e-10,0.00019044,-0.15866
6,480,1.27894e-6,8.2796e-14,8.2796e-14,1.24041e-6,0.175948
6,481,141.917,91.256,91.256,99.2401,2.43574
6,482,200.169,153.274,153.274,179.703,0.645054
6,485,219.559,152.276,152.276,241.483,-0.514233
6,487,204.194,70.3309,70.3309,158.746,1.62155
6,504,4.97505,0.0989722,0.0989722,4.48899,0.613297
6,528,0.0324305,9.32564e-6,9.32564e-6,0.0292384,0.618372
6,552,0.000204255,8.78707e-10,8.78707e-10,0.00019044,0.410862
6,576,1.21946e-6,8.2796e-14,8.2796e-14,1.24041e-6,-0.0956388
6,577,119.101,91.256,91.256,99.2401,1.13354
6,578,232.143,153.274,153.274,179.703,1.65284
6,581,279.503,152.276,152.276,241.483,0.891758
6,583,193.287,70.3309,70.3309,158.746,1.23242
6,600,5.56152,0.0989722,0.0989722,4.48899,1.35327
6,624,0.0299924,9.32564e-6,9.32564e-6,0.0292384,0.146067
6,648,0.000212535,8.78707e-10,8.78707e-10,0.00019044,0.657131
7,0,0,0,0,0,0
7,1,3.78125,3.65024,3.65024,3.55536,0.359865
7,2,7.39479,6.13096,6.13096,5.83871,1.50953
7,5,6.87169,6.09105,6.09105,5.29638,1.68466
7,7,2.21495,2.81324,2.81324,2.18451,0.0789279
7,24,0.00114868,0.00395889,0.00395889,0.00117503,-0.127002
7,48,3.04154e-8,3.73026e-7,3.73026e-7,2.84812e-8,0.384643
7,72,6.0161e-13,3.51483e-11,3.51483e-11,6.90349e-13,-0.728064
7,96,1.38587e-17,3.31184e-15,3.31184e-15,1.67332e-17,-0.0129453
7,97,23.7088,18.2512,18.2512,17.7768,1.89004
7,98,26.4044,30.6548,30.6548,29.1935,-0.541129
7,101,34.4808,30.4553,30.4553,26.4819,1.71083
7,103,12.4862,14.0662,14.0662,10.9226,0.810823
7,120,0.00747287,0.0197944,0.0197944,0.00587515,1.5403
7,144,1.81507e-7,1.86513e-6,1.86513e-6,1.42406e-7,1.5552
7,168,3.54603e-12,1.75741e-10,1.75741e-10,3.45174e-12,0.154717
7,192,8.25577e-17,1.65592e-14,1.65592e-14,8.36659e-17,-0.00499049
7,193,39.4529,36.5024,36.5024,35.5536,0.621199
7,194,70.6469,61.3096,61.3096,58.3871,1.1893
7,197,64.519,60.9105,60.9105,52.9638,1.23573
7,199,21.5507,28.1324,28.1324,21.8451,-0.0763296
7,216,0.0121981,0.0395889,0.0395889,0.0117503,0.215831
7,240,3.87889e-7,3.73026e-6,3.73026e-6,2.84812e-7,2.04986
7,264,5.69644e-12,3.51483e-10,3.51483e-10,6.90349e-12,-0.990334
7,288,1.38294e-16,3.31184e-14,3.31184e-14,1.67332e-16,-0.130775
7,289,122.809,109.507,109.507,106.661,0.857495
7,290,234.603,183.929,183.929,175.161,1.9221
7,293,173.295,182.732,182.732,158.891,0.51345
7,295,69.0158,84.3971,84.3971,65.5354,0.300799
7,312,0.0355904,0.118767,0.118767,0.0352509,0.054545
7,336,7.3246e-7,1.11908e-5,1.11908e-5,8.54437e-7,-0.808577
7,360,1.97055e-11,1.05445e-9,1.05445e-9,2.07105e-11,-0.274853
7,384,4.16851e-16,9.93553e-14,9.93553e-14,5.01995e-16,-0.383453
7,385,134.338,109.507,109.507,106.661,1.46972
7,386,180.465,183.929,183.929,175.161,0.171493
7,389,211.845,182.732,182.732,158.891,1.88763
7,391,72.3239,84.3971,84.3971,65.5354,0.586713
7,408,0.0372354,0.118767,0.118767,0.0352509,0.318867
7,432,9.72137e-7,1.11908e-5,1.11908e-5,8.54437e-7,0.780226
7,456,2.13551e-11,1.05445e-9,1.05445e-9,2.07105e-11,0.176308
7,480,3.92059e-16,9.93553e-14,9.93553e-14,5.01995e-16,-0.495106
7,481,137.585,109.507,109.507,106.661,1.64219
7,482,235.403,183.929,183.929,175.161,1.948
7,485,176.411,182.732,182.732,158.891,0.624523
7,487,77.6279,84.3971,84.3971,65.5354,1.04512
7,504,0.0399752,0.118767,0.118767,0.0352509,0.759087
7,528,7.73823e-7,1.11908e-5,1.11908e-5,8.54437e-7,-0.534389
7,552,2.14084e-11,1.05445e-9,1.05445e-9,2.07105e-11,0.190875
7,576,4.16675e-16,9.93553e-14,9.93553e-14,5.01995e-16,-0.38425
7,577,140.882,109.507,109.507,106.661,1.81723
7,578,254.774,183.929,183.929,175.161,2.57438
7,581,171.376,182.732,182.732,158.891,0.445043
7,583,70.8994,84.3971,84.3971,65.5354,0.463598
7,600,0.0348695,0.118767,0.118767,0.0352509,-0.0612865
7,624,8.43337e-7,1.11908e-5,1.11908e-5,8.54437e-7,-0.0735825
7,648,1.78318e-11,1.05445e-9,1.05445e-9,2.07105e-11,-0.787266
8,0,0,0,0,0,0
8,1,4.41064,3.65024,3.65024,3.54699,1.37912
8,2,6.48292,6.13096,6.13096,5.81338,0.652333
8,5,6.47692,6.09105,6.09105,5.2311,1.34893
8,7,2.43197,2.81324,2.81324,2.13573,0.785638
8,24,0.00123611,0.00395889,0.00395889,0.00105352,0.981651
8,48,2.20097e-8,3.73026e-7,3.73026e-7,2.25984e-8,-0.147546
8,72,5.2714e-13,3.51483e-11,3.51483e-11,4.84742e-13,0.495403
8,96,1.00354e-17,3.31184e-15,3.31184e-15,1.03979e-17,-0.00163231
8,97,23.5607,18.2512,18.2512,17.7349,1.86059
8,98,30.3322,30.6548,30.6548,29.0669,0.246563
8,101,32.0507,30.4553,30.4553,26.1555,1.27662
8,103,13.4001,14.0662,14.0662,10.6786,1.44347
8,120,0.00596592,0.0197944,0.0197944,0.00526762,0.750852
8,144,1.17522e-7,1.86513e-6,1.86513e-6,1.12992e-7,0.227076
8,168,2.51481e-12,1.75741e-10,1.75741e-10,2.42371e-12,0.21289
8,192,4.7778e-17,1.65592e-14,1.65592e-14,5.19893e-17,-0.0189661
8,193,43.7461,36.5024,36.5024,35.4699,1.32159
8,194,67.2825,61.3096,61.3096,58.1338,0.891356
8,197,61.0449,60.9105,60.9105,52.311,0.94567
8,199,27.3367,28.1324,28.1324,21.3573,1.58576
8,216,0.0116295,0.0395889,0.0395889,0.0105352,0.588316
8,240,2.47647e-7,3.73026e-6,3.73026e-6,2.25984e-7,0.542955
8,264,5.67111e-12,3.51483e-10,3.51483e-10,4.84742e-12,0.962447
8,288,8.85067e-17,3.31184e-14,3.31184e-14,1.03979e-16,-0.069679
8,289,116.596,109.507,109.507,106.41,0.542189
8,290,178.242,183.929,183.929,174.402,0.124732
8,293,169.407,182.732,182.732,156.933,0.4502
8,295,62.5268,84.3971,84.3971,64.0718,-0.136578
8,312,0.0352204,0.118767,0.118767,0.0316057,0.64779
8,336,6.76579e-7,1.11908e-5,1.11908e-5,6.77952e-7,-0.0114712
8,360,1.38782e-11,1.05445e-9,1.05445e-9,1.45423e-11,-0.258625
8,384,2.52268e-16,9.93553e-14,9.93553e-14,3.11936e-16,-0.26872
8,385,150.651,109.507,109.507,106.41,2.35488
8,386,196.697,183.929,183.929,174.402,0.724091
8,389,211.385,182.732,182.732,156.933,1.96528
8,391,84.1607,84.3971,84.3971,64.0718,1.77588
8,408,0.0289953,0.118767,0.118767,0.0316057,-0.467803
8,432,7.46095e-7,1.11908e-5,1.11908e-5,6.77952e-7,0.569313
8,456,1.54675e-11,1.05445e-9,1.05445e-9,1.45423e-11,0.36036
8,480,3.11284e-16,9.93553e-14,9.93553e-14,3.11936e-16,-0.00293635
8,481,108.23,109.507,109.507,106.41,0.0968941
8,482,207.073,183.929,183.929,174.402,1.06106
8,485,190.917,182.732,182.732,156.933,1.22655
8,487,76.1614,84.3971,84.3971,64.0718,1.06874
8,504,0.029282,0.118767,0.118767,0.0316057,-0.416426
8,528,7.88012e-7,1.11908e-5,1.11908e-5,6.77952e-7,0.919513
8,552,1.35301e-11,1.05445e-9,1.05445e-9,1.45423e-11,-0.394208
8,576,2.56319e-16,9.93553e-14,9.93553e-14,3.11936e-16,-0.250476
8,577,128.952,109.507,109.507,106.41,1.19992
8,578,166.229,183.929,183.929,174.402,-0.265403
8,581,212.047,182.732,182.732,156.933,1.98919
8,583,70.1996,84.3971,84.3971,64.0718,0.541707
8,600,0.032852,0.118767,0.118767,0.0316057,0.22334
8,624,7.11302e-7,1.11908e-5,1.11908e-5,6.77952e-7,0.27863
8,648,1.40252e-11,1.05445e-9,1.05445e-9,1.45423e-11,-0.201372
9,0,0,0,0,0,0
9,1,3.87324,3.65024,3.65024,3.48388,0.633013
9,2,5.51118,6.13096,6.13096,5.62496,-0.114565
9,5,4.34704,6.09105,6.09105,4.76258,-0.494194
9,7,1.77324,2.81324,2.81324,1.7988,-0.0804738
9,24,0.000490753,0.00395889,0.00395889,0.000457804,0.407648
9,48,3.90113e-9,3.73026e-7,3.73026e-7,3.85805e-9,0.0632475
9,72,3.11987e-14,3.51483e-11,3.51483e-11,3.2513e-14,-0.228949
9,96,2.35928e-19,3.31184e-15,3.31184e-15,2.73997e-19,-0.000171447
9,97,20.3892,18.2512,18.2512,17.4194,0.965668
9,98,30.5205,30.6548,30.6548,28.1248,0.482461
9,101,25.5363,30.4553,30.4553,23.8129,0.409924
9,103,9.93068,14.0662,14.0662,8.99401,0.589875
9,120,0.002786,0.0197944,0.0197944,0.00228902,1.22976
9,144,2.19158e-8,1.86513e-6,1.86513e-6,1.92903e-8,0.770926
9,168,1.44857e-13,1.75741e-10,1.75741e-10,1.62565e-13,-0.616958
9,192,1.27963e-18,1.65592e-14,1.65592e-14,1.36998e-18,-0.000406923
9,193,42.9337,36.5024,36.5024,34.8388,1.31606
9,194,67.3108,61.3096,61.3096,56.2496,1.11381
9,197,52.3773,60.9105,60.9105,47.6258,0.565078
9,199,17.4992,28.1324,28.1324,17.988,-0.153925
9,216,0.0049371,0.0395889,0.0395889,0.00457804,0.444235
9,240,3.97783e-8,3.73026e-6,3.73026e-6,3.85805e-8,0.175852
9,264,3.36785e-13,3.51483e-10,3.51483e-10,3.2513e-13,0.203043
9,288,2.66123e-18,3.31184e-14,3.31184e-14,2.73997e-18,-0.000354587
9,289,115.092,109.507,109.507,104.516,0.573128
9,290,184.949,183.929,183.929,168.749,0.543759
9,293,164.711,182.732,182.732,142.877,0.865549
9,295,55.8946,84.3971,84.3971,53.964,0.202627
9,312,0.0190116,0.118767,0.118767,0.0137341,2.17645
9,336,1.23293e-7,1.11908e-5,1.11908e-5,1.15742e-7,0.36954
9,360,9.19045e-13,1.05445e-9,1.05445e-9,9.75389e-13,-0.327185
9,384,7.90295e-18,9.93553e-14,9.93553e-14,8.2199e-18,-0.0014274
9,385,125.626,109.507,109.507,104.516,1.14398
9,386,199.508,183.929,183.929,168.749,1.03244
9,389,170.619,182.732,182.732,142.877,1.09976
9,391,70.2955,84.3971,84.3971,53.964,1.71414
9,408,0.014837,0.118767,0.118767,0.0137341,0.454827
9,432,1.15872e-7,1.11908e-5,1.11908e-5,1.15742e-7,0.00637499
9,456,9.46286e-13,1.05445e-9,1.05445e-9,9.75389e-13,-0.169001
9,480,7.11752e-18,9.93553e-14,9.93553e-14,8.2199e-18,-0.00496467
9,481,132.243,109.507,109.507,104.516,1.50259
9,482,198.313,183.929,183.929,168.749,0.992332
9,485,168.898,182.732,182.732,142.877,1.03152
9,487,65.7674,84.3971,84.3971,53.964,1.23888
9,504,0.0143395,0.118767,0.118767,0.0137341,0.249656
9,528,1.08717e-7,1.11908e-5,1.11908e-5,1.15742e-7,-0.343755
9,552,9.83987e-13,1.05445e-9,1.05445e-9,9.75389e-13,0.0499257
9,576,7.02807e-18,9.93553e-14,9.93553e-14,8.2199e-18,-0.00536752
9,577,118.495,109.507,109.507,104.516,0.757552
9,578,149.704,183.929,183.929,168.749,-0.639216
9,581,185.303,182.732,182.732,142.877,1.68186
9,583,66.8921,84.3971,84.3971,53.964,1.35691
9,600,0.013442,0.118767,0.118767,0.0137341,-0.120459
9,624,1.25324e-7,1.11908e-5,1.11908e-5,1.15742e-7,0.468957
9,648,8.29083e-13,1.05445e-9,1.05445e-9,9.75389e-13,-0.849589
10,0,0,0,0,0,0
10,1,3.43611,3.65024,3.65024,2.89184,1.06602
10,2,5.00361,6.13096,6.13096,4.05839,1.31918
10,5,1.95313,6.09105,6.09105,1.90353,0.147582
10,7,0.343779,2.81324,2.81324,0.309753,0.622182
10,24,6.65934e-8,0.00395889,0.00395889,6.14321e-8,0.475875
10,48,1.94012e-17,3.73026e-7,3.73026e-7,2.11774e-17,-0.00799926
10,72,6.18192e-27,3.51483e-11,3.51483e-11,7.30045e-27,-5.03741e-12
10,96,1.46797e-36,3.31184e-15,3.31184e-15,2.51668e-36,-4.72296e-21
10,97,17.1541,18.2512,18.2512,14.4592,1.05566
10,98,29.574,30.6548,30.6548,20.2919,2.59087
10,101,12.7385,30.4553,30.4553,9.51763,1.91674
10,103,1.64845,14.0662,14.0662,1.54876,0.364554
10,120,2.97952e-7,0.0197944,0.0197944,3.0716e-7,-0.169802
10,144,7.90882e-17,1.86513e-6,1.86513e-6,1.05887e-16,-0.120691
10,168,2.37568e-26,1.75741e-10,1.75741e-10,3.65023e-26,-5.74005e-11
10,192,7.77523e-36,1.65592e-14,1.65592e-14,1.25834e-35,-2.1654e-20
10,193,28.5192,36.5024,36.5024,28.9184,-0.0781887
10,194,45.4304,61.3096,61.3096,40.5839,0.676401
10,197,26.7443,60.9105,60.9105,19.0353,2.29385
10,199,3.26343,28.1324,28.1324,3.09753,0.303366
10,216,7.06712e-7,0.0395889,0.0395889,6.14321e-7,0.851845
10,240,2.00656e-16,3.73026e-6,3.73026e-6,2.11774e-16,-0.05007
10,264,4.79492e-26,3.51483e-10,3.51483e-10,7.30045e-26,-1.12839e-10
10,288,1.48967e-35,3.31184e-14,3.31184e-14,2.51668e-35,-4.62521e-20
10,289,191.968,164.261,164.261,130.133,2.69136
10,290,219.992,275.893,275.893,182.627,1.15883
10,293,106.553,274.097,274.097,85.6587,1.38159
10,295,18.808,126.596,126.596,13.9389,1.97855
10,312,2.40794e-6,0.17815,0.17815,2.76444e-6,-0.730436
10,336,8.66451e-16,1.67862e-5,1.67862e-5,9.52983e-16,-0.389703
10,360,2.91278e-25,1.58167e-9,1.58167e-9,3.2852e-25,-1.67724e-10
10,384,5.89557e-35,1.49033e-13,1.49033e-13,1.1325e-34,-2.44522e-19
10,385,169.248,164.261,164.261,130.133,1.70249
10,386,206.461,275.893,275.893,182.627,0.73918
10,389,119.795,274.097,274.097,85.6587,2.25719
10,391,15.1109,126.596,126.596,13.9389,0.476232
10,408,3.1102e-6,0.17815,0.17815,2.76444e-6,0.708423
10,432,9.42623e-16,1.67862e-5,1.67862e-5,9.52983e-16,-0.0466568
10,456,2.67328e-25,1.58167e-9,1.58167e-9,3.2852e-25,-2.75587e-10
10,480,7.3947e-35,1.49033e-13,1.49033e-13,1.1325e-34,-1.77007e-19
10,481,184.948,164.261,164.261,130.133,2.38584
10,482,217.672,275.893,275.893,182.627,1.08688
10,485,107.63,274.097,274.097,85.6587,1.45279
10,487,13.5712,126.596,126.596,13.9389,-0.149395
10,504,2.63327e-6,0.17815,0.17815,2.76444e-6,-0.268767
10,528,8.03191e-16,1.67862e-5,1.67862e-5,9.52983e-16,-0.674601
10,552,2.68347e-25,1.58167e-9,1.58167e-9,3.2852e-25,-2.70996e-10
11,0,0,0,0,0,0
11,1,4.52378,3.65024,3.65024,3.75824,1.15373
11,2,7.60296,6.13096,6.13096,6.47567,0.985993
11,5,9.31028,6.09105,6.09105,7.13025,1.73174
11,7,4.12598,2.81324,2.81324,3.72779,0.605011
11,24,0.0170114,0.00395889,0.00395889,0.0150451,0.74023
11,48,6.51129e-6,3.73026e-7,3.73026e-7,6.27412e-6,0.214105
11,72,2.78488e-9,3.51483e-11,3.51483e-11,2.61643e-9,0.364654
11,96,1.12286e-12,3.31184e-15,3.31184e-15,1.09111e-12,0.164813
11,97,24.5357,18.2512,18.2512,18.7912,1.7315
11,98,36.149,30.6548,30.6548,32.3784,0.6596
11,101,46.9675,30.4553,30.4553,35.6512,1.79784
11,103,18.3333,14.0662,14.0662,18.6389,-0.0928757
11,120,0.0912174,0.0197944,0.0197944,0.0752256,1.20408
11,144,3.5051e-5,1.86513e-6,1.86513e-6,3.13706e-5,0.664512
11,168,1.43349e-8,1.75741e-10,1.75741e-10,1.30822e-8,0.542366
11,192,4.6287e-12,1.65592e-14,1.65592e-14,5.45553e-12,-0.858428
11,193,42.4869,36.5024,36.5024,37.5824,0.739155
11,194,69.4043,61.3096,61.3096,64.7567,0.40651
11,197,86.4768,60.9105,60.9105,71.3025,1.20539
11,199,39.4302,28.1324,28.1324,37.2779,0.32703
11,216,0.161648,0.0395889,0.0395889,0.150451,0.421537
11,240,7.41665e-5,3.73026e-6,3.73026e-6,6.27412e-5,1.03143
11,264,2.58677e-8,3.51483e-10,3.51483e-10,2.61643e-8,-0.0642262
11,288,1.12144e-11,3.31184e-14,3.31184e-14,1.09111e-11,0.157454
11,289,222.75,164.261,164.261,169.121,1.7961
11,290,312.548,275.893,275.893,291.405,0.410954
11,293,463.117,274.097,274.097,320.861,2.51118
11,295,189.389,126.596,126.596,167.75,0.73061
11,312,0.816933,0.17815,0.17815,0.67703,1.17042
11,336,0.000315392,1.67862e-5,1.67862e-5,0.000282335,0.663169
11,360,9.98972e-8,1.58167e-9,1.58167e-9,1.1774e-7,-0.858332
11,384,4.88151e-11,1.49033e-13,1.49033e-13,4.90998e-11,-0.0328435
11,385,198.61,164.261,164.261,169.121,0.987618
11,386,393.656,275.893,275.893,291.405,1.98745
11,389,373.094,274.097,274.097,320.861,0.922038
11,391,163.735,126.596,126.596,167.75,-0.135575
11,408,0.743423,0.17815,0.17815,0.67703,0.555437
11,432,0.00025948,1.67862e-5,1.67862e-5,0.000282335,-0.458511
11,456,1.23839e-7,1.58167e-9,1.58167e-9,1.1774e-7,0.293403
11,480,5.249e-11,1.49033e-13,1.49033e-13,4.90998e-11,0.391084
11,481,210.817,164.261,164.261,169.121,1.39645
11,482,284.389,275.893,275.893,291.405,-0.136364
11,485,378.638,274.097,274.097,320.861,1.01991
11,487,198.33,126.596,126.596,167.75,1.03249
11,504,0.771836,0.17815,0.17815,0.67703,0.79314
11,528,0.000291335,1.67862e-5,1.67862e-5,0.000282335,0.180553
11,552,1.25813e-7,1.58167e-9,1.58167e-9,1.1774e-7,0.388362
11,576,3.71537e-11,1.49033e-13,1.49033e-13,4.90998e-11,-1.37807
11,577,188.642,164.261,164.261,169.121,0.65378
11,578,378.422,275.893,275.893,291.405,1.69134
11,581,312.355,274.097,274.097,320.861,-0.150152
11,583,195.499,126.596,126.596,167.75,0.936924
11,600,0.808418,0.17815,0.17815,0.67703,1.09919
11,624,0.000282423,1.67862e-5,1.67862e-5,0.000282335,0.00175212
11,648,1.13359e-7,1.58167e-9,1.58167e-9,1.1774e-7,-0.210709
12,0,0,0,0,0,0
12,1,4.22614,3.65024,3.65024,3.7415,0.733671
12,2,7.36493,6.13096,6.13096,6.42137,0.832271
12,5,8.05879,6.09105,6.09105,6.95896,0.895174
12,7,3.65616,2.81324,2.81324,3.57013,0.136494
12,24,0.0140895,0.00395889,0.00395889,0.0122707,0.839558
12,48,4.29208e-6,3.73026e-7,3.73026e-7,4.07889e-6,0.29605
12,72,1.33012e-9,3.51483e-11,3.51483e-11,1.35586e-9,-0.107534
12,96,4.25705e-13,3.31184e-15,3.31184e-15,4.507e-13,-0.314113
12,97,21.3067,18.2512,18.2512,18.7075,0.786952
12,98,37.7132,30.6548,30.6548,32.1069,0.989011
12,101,45.4942,30.4553,30.4553,34.7948,1.74169
12,103,19.3121,14.0662,14.0662,17.8506,0.463728
12,120,0.0739699,0.0197944,0.0197944,0.0613534,1.16473
12,144,2.26315e-5,1.86513e-6,1.86513e-6,2.03944e-5,0.621281
12,168,5.81115e-9,1.75741e-10,1.75741e-10,6.7793e-9,-0.808879
12,192,2.13454e-12,1.65592e-14,1.65592e-14,2.2535e-12,-0.299004
12,193,45.8249,36.5024,36.5024,37.415,1.27313
12,194,72.2015,61.3096,61.3096,64.2137,0.704562
12,197,82.443,60.9105,60.9105,69.5896,1.04616
12,199,42.5076,28.1324,28.1324,35.7013,1.07983
12,216,0.129447,0.0395889,0.0395889,0.122707,0.311127
12,240,4.14346e-5,3.73026e-6,3.73026e-6,4.07889e-5,0.0896739
12,264,1.26003e-8,3.51483e-10,3.51483e-10,1.35586e-8,-0.400322
12,288,4.46241e-12,3.31184e-14,3.31184e-14,4.507e-12,-0.0560397
12,289,194.721,164.261,164.261,168.367,0.886556
12,290,290.588,275.893,275.893,288.962,0.0318805
12,293,318.167,274.097,274.097,313.153,0.0906804
12,295,190.868,126.596,126.596,160.656,1.06515
12,312,0.634875,0.17815,0.17815,0.552181,0.848238
12,336,0.000178452,1.67862e-5,1.67862e-5,0.00018355,-0.157297
12,360,6.70064e-8,1.58167e-9,1.58167e-9,6.10137e-8,0.556318
12,384,2.12132e-11,1.49033e-13,1.49033e-13,2.02815e-11,0.260195
12,385,217.493,164.261,164.261,168.367,1.65263
12,386,388.586,275.893,275.893,288.962,1.95275
12,389,393.689,274.097,274.097,313.153,1.45666
12,391,200.388,126.596,126.596,160.656,1.40079
12,408,0.605221,0.17815,0.17815,0.552181,0.544067
12,432,0.000176291,1.67862e-5,1.67862e-5,0.00018355,-0.224
12,456,6.90977e-8,1.58167e-9,1.58167e-9,6.10137e-8,0.750456
12,480,1.91274e-11,1.49033e-13,1.49033e-13,2.02815e-11,-0.322313
12,481,232.413,164.261,164.261,168.367,2.15454
12,482,290.098,275.893,275.893,288.962,0.0222756
12,485,372.893,274.097,274.097,313.153,1.08051
12,487,180.333,126.596,126.596,160.656,0.693738
12,504,0.717231,0.17815,0.17815,0.552181,1.69301
12,528,0.000206947,1.67862e-5,1.67862e-5,0.00018355,0.721997
12,552,7.3941e-8,1.58167e-9,1.58167e-9,6.10137e-8,1.20007
12,576,1.91099e-11,1.49033e-13,1.49033e-13,2.02815e-11,-0.32718
12,577,224.178,164.261,164.261,168.367,1.87752
12,578,376.573,275.893,275.893,288.962,1.71729
12,581,417.199,274.097,274.097,313.153,1.88188
12,583,180.531,126.596,126.596,160.656,0.700732
12,600,0.684378,0.17815,0.17815,0.552181,1.35602
12,624,0.000155262,1.67862e-5,1.67862e-5,0.00018355,-0.87291
12,648,4.39531e-8,1.58167e-9,1.58167e-9,6.10137e-8,-1.58377
13,0,0,0,0,0,0
13,1,4.26071,3.65024,3.65024,4.06451,0.273413
13,2,9.34356,6.13096,6.13096,7.52463,1.36917
13,5,13.7264,6.09105,6.09105,11.048,1.37311
13,7,10.172,2.81324,2.81324,8.00668,1.53181
13,24,0.621001,0.00395889,0.00395889,0.518645,1.11781
13,48,0.011566,3.73026e-7,3.73026e-7,0.0108861,0.353742
13,72,0.000216282,3.51483e-11,3.51483e-11,0.000228493,-0.302695
13,96,4.00337e-6,3.31184e-15,3.31184e-15,4.79596e-6,-0.936044
13,97,23.1435,18.2512,18.2512,20.3225,0.786225
13,98,52.1256,30.6548,30.6548,37.6231,2.18329
13,101,64.9807,30.4553,30.4553,55.2402,0.998737
13,103,41.4753,14.0662,14.0662,40.0334,0.204009
13,120,3.0771,0.0197944,0.0197944,2.59323,1.05685
13,144,0.0643763,1.86513e-6,1.86513e-6,0.0544305,1.03496
13,168,0.00128478,1.75741e-10,1.75741e-10,0.00114247,0.705568
13,192,2.02493e-5,1.65592e-14,1.65592e-14,2.39798e-5,-0.881147
13,193,41.8263,36.5024,36.5024,40.6451,0.164613
13,194,94.8628,61.3096,61.3096,75.2463,1.4766
13,197,129.62,60.9105,60.9105,110.48,0.981215
13,199,88.9463,28.1324,28.1324,80.0668,0.628147
13,216,5.50831,0.0395889,0.0395889,5.18645,0.351498
13,240,0.120482,3.73026e-6,3.73026e-6,0.108861,0.604634
13,264,0.00206232,3.51483e-10,3.51483e-10,0.00228493,-0.551838
13,288,4.6531e-5,3.31184e-14,3.31184e-14,4.79596e-5,-0.168715
13,289,203.455,164.261,164.261,182.903,0.636437
13,290,455.794,275.893,275.893,338.608,1.96021
13,293,520.223,274.097,274.097,497.162,0.262731
13,295,431.657,126.596,126.596,360.3,1.12175
13,312,30.9934,0.17815,0.17815,23.339,1.8576
13,336,0.561586,1.67862e-5,1.67862e-5,0.489874,0.829151
13,360,0.0103612,1.58167e-9,1.58167e-9,0.0102822,0.0435171
13,384,0.000226286,1.49033e-13,1.49033e-13,0.000215818,0.27471
13,385,212.738,164.261,164.261,182.903,0.923909
13,386,373.098,275.893,275.893,338.608,0.576922
13,389,562.263,274.097,274.097,497.162,0.74168
13,391,435.172,126.596,126.596,360.301,1.177
13,408,22.3471,0.17815,0.17815,23.339,-0.240731
13,432,0.627193,1.67862e-5,1.67862e-5,0.489874,1.5877
13,456,0.00972307,1.58167e-9,1.58167e-9,0.0102822,-0.308004
13,480,0.000237755,1.49033e-13,1.49033e-13,0.000215818,0.575708
13,481,227.985,164.261,164.261,182.903,1.39608
13,482,455.947,275.893,275.893,338.608,1.96277
13,485,528.634,274.097,274.097,497.162,0.35855
13,487,400.387,126.596,126.596,360.301,0.630175
13,504,29.8579,0.17815,0.17815,23.339,1.58204
13,528,0.484372,1.67862e-5,1.67862e-5,0.489874,-0.0636129
13,552,0.0106067,1.58167e-9,1.58167e-9,0.0102822,0.178728
13,576,0.000201288,1.49033e-13,1.49033e-13,0.000215818,-0.381343
13,577,238.607,164.261,164.261,182.903,1.725
13,578,453.05,275.893,275.893,338.608,1.9143
13,581,647.9,274.097,274.097,497.162,1.71731
13,583,433.556,126.596,126.596,360.301,1.15159
13,600,24.0745,0.17815,0.17815,23.339,0.178493
13,624,0.555053,1.67862e-5,1.67862e-5,0.489874,0.753613
13,648,0.0101731,1.58167e-9,1.58167e-9,0.0102822,-0.0601196
14,0,0,0,0,0,0
14,1,3.46377,3.65024,3.65024,3.08033,0.705058
14,2,5.91261,6.13096,6.13096,4.51886,1.74696
14,5,3.00752,6.09105,6.09105,2.57056,0.962797
14,7,0.652798,2.81324,2.81324,0.560617,0.931324
14,24,1.65213e-6,0.00395889,0.00395889,1.33996e-6,1.31951
14,48,1.42316e-14,3.73026e-7,3.73026e-7,1.55151e-14,-0.468557
14,72,1.83524e-22,3.51483e-11,3.51483e-11,1.79646e-22,1.74682e-8
14,96,2.09855e-30,3.31184e-15,3.31184e-15,2.08007e-30,8.31899e-17
14,97,17.2249,18.2512,18.2512,15.4017,0.670496
14,98,25.3379,30.6548,30.6548,22.5943,0.687784
14,101,13.1782,30.4553,30.4553,12.8528,0.143407
14,103,3.14015,14.0662,14.0662,2.80308,0.681095
14,120,6.81273e-6,0.0197944,0.0197944,6.69982e-6,0.0954485
14,144,8.00925e-14,1.86513e-6,1.86513e-6,7.75756e-14,0.183766
14,168,9.06493e-22,1.75741e-10,1.75741e-10,8.98229e-22,3.72215e-8
14,192,8.86091e-30,1.65592e-14,1.65592e-14,1.04004e-29,-6.93311e-15
14,193,43.3296,36.5024,36.5024,30.8033,2.30328
14,194,51.1353,61.3096,61.3096,45.1886,0.745375
14,197,29.7565,60.9105,60.9105,25.7056,0.892588
14,199,7.39078,28.1324,28.1324,5.60617,1.80303
14,216,1.36735e-5,0.0395889,0.0395889,1.33996e-5,0.115777
14,240,1.57707e-13,3.73026e-6,3.73026e-6,1.55151e-13,0.0933155
14,264,1.78323e-21,3.51483e-10,3.51483e-10,1.79646e-21,-5.95917e-8
14,288,1.92714e-29,3.31184e-14,3.31184e-14,2.08007e-29,-6.88773e-15
14,289,146.834,164.261,164.261,138.615,0.335842
14,290,253.011,275.893,275.893,203.349,1.38329
14,293,118.63,274.097,274.097,115.675,0.144676
14,295,31.5404,126.596,126.596,25.2278,1.41729
14,312,7.93256e-5,0.17815,0.17815,6.02984e-5,1.78729
14,336,5.77806e-13,1.67862e-5,1.67862e-5,6.9818e-13,-0.976539
14,360,9.30999e-21,1.58167e-9,1.58167e-9,8.08406e-21,5.52111e-6
14,384,7.89243e-29,1.49033e-13,1.49033e-13,9.36033e-29,-6.61084e-14
14,385,177.178,164.261,164.261,138.615,1.57575
14,386,210.728,275.893,275.893,203.349,0.205542
14,389,131.733,274.097,274.097,115.675,0.786246
14,391,32,126.596,126.596,25.2278,1.52048
14,408,6.51256e-5,0.17815,0.17815,6.02984e-5,0.453437
14,432,7.58159e-13,1.67862e-5,1.67862e-5,6.9818e-13,0.486583
14,456,8.8786e-21,1.58167e-9,1.58167e-9,8.08406e-21,3.57831e-6
14,480,7.51689e-29,1.49033e-13,1.49033e-13,9.36033e-29,-8.30211e-14
14,481,174.777,164.261,164.261,138.615,1.47762
14,482,202.3,275.893,275.893,203.349,-0.0291983
14,485,150.328,274.097,274.097,115.675,1.69675
14,487,26.9021,126.596,126.596,25.2278,0.375922
14,504,6.59932e-5,0.17815,0.17815,6.02984e-5,0.534931
14,528,5.53003e-13,1.67862e-5,1.67862e-5,6.9818e-13,-1.17776
14,552,7.41444e-21,1.58167e-9,1.58167e-9,8.08406e-21,-3.01571e-6
14,576,7.48993e-29,1.49033e-13,1.49033e-13,9.36033e-29,-8.42355e-14
14,577,152.3,164.261,164.261,138.615,0.559179
14,578,196.955,275.893,275.893,203.349,-0.178096
14,581,140.509,274.097,274.097,115.675,1.21597
14,583,27.6229,126.596,126.596,25.2278,0.537752
14,600,6.31354e-5,0.17815,0.17815,6.02984e-5,0.266485
14,624,6.1162e-13,1.67862e-5,1.67862e-5,6.9818e-13,-0.702222
14,648,6.06078e-21,1.58167e-9,1.58167e-9,8.08406e-21,-9.11204e-6
15,0,0,0,0,0,0
15,1,4.73979,3.65024,3.65024,4.06341,0.942815
15,2,7.93662,6.13096,6.13096,7.52066,0.31327
15,5,13.1482,6.09105,6.09105,11.0309,1.08716
15,7,9.02222,2.81324,2.81324,7.98538,0.735427
15,24,0.565678,0.00395889,0.00395889,0.512396,0.588972
15,48,0.00935758,3.73026e-7,3.73026e-7,0.0106123,-0.66966
15,72,0.000215502,3.51483e-11,3.51483e-11,0.000219792,-0.110545
15,96,4.23497e-6,3.31184e-15,3.31184e-15,4.55212e-6,-0.394616
15,97,20.0521,18.2512,18.2512,20.317,-0.0738696
15,98,35.5538,30.6548,30.6548,37.6033,-0.308711
15,101,71.747,30.4553,30.4553,55.1547,1.70393
15,103,45.7977,14.0662,14.0662,39.9269,0.832822
15,120,2.95264,0.0197944,0.0197944,2.56198,0.863662
15,144,0.0660574,1.86513e-6,1.86513e-6,0.0530614,1.38726
15,168,0.00119883,1.75741e-10,1.75741e-10,0.00109896,0.514714
15,192,2.23782e-5,1.65592e-14,1.65592e-14,2.27606e-5,-0.0951647
15,193,50.6987,36.5024,36.5024,40.6341,1.40291
15,194,75.6613,61.3096,61.3096,75.2067,0.0342411
15,197,123.799,60.9105,60.9105,110.309,0.692631
15,199,101.997,28.1324,28.1324,79.8538,1.57062
15,216,5.80631,0.0395889,0.0395889,5.12396,0.754261
15,240,0.122023,3.73026e-6,3.73026e-6,0.106123,0.84861
15,264,0.00191178,3.51483e-10,3.51483e-10,0.00219792,-0.73738
15,288,3.9911e-5,3.31184e-14,3.31184e-14,4.55212e-5,-0.69806
15,289,237.381,164.261,164.261,182.853,1.68903
15,290,356.549,275.893,275.893,338.43,0.303238
15,293,565.491,274.097,274.097,496.392,0.788449
15,295,297.481,126.596,126.596,359.342,-0.975072
15,312,20.463,0.17815,0.17815,23.0578,-0.637415
15,336,0.441159,1.67862e-5,1.67862e-5,0.477552,-0.431642
15,360,0.0109772,1.58167e-9,1.58167e-9,0.00989062,0.622245
16,0,0,0,0,0,0
16,1,3.51725,3.65024,3.65024,3.20315,0.555406
16,2,4.73147,6.13096,6.13096,4.8378,-0.124481
16,5,3.55249,6.09105,6.09105,3.1118,0.802135
16,7,0.795363,2.81324,2.81324,0.810403,-0.105116
16,24,1.05827e-5,0.00395889,0.00395889,8.75113e-6,1.18542
16,48,7.4587e-13,3.73026e-7,3.73026e-7,8.51807e-13,-0.70442
16,72,6.50251e-20,3.51483e-11,3.51483e-11,8.29122e-20,-8.05564e-5
16,96,5.33762e-27,3.31184e-15,3.31184e-15,8.07042e-27,-1.23074e-11
16,97,19.2485,18.2512,18.2512,16.0158,1.14325
16,98,28.3825,30.6548,30.6548,24.189,0.981929
16,101,17.964,30.4553,30.4553,15.559,0.875508
16,103,4.23086,14.0662,14.0662,4.05201,0.249995
16,120,4.55891e-5,0.0197944,0.0197944,4.37556e-5,0.237338
16,144,3.6056e-12,1.86513e-6,1.86513e-6,4.25904e-12,-0.868995
16,168,3.19013e-19,1.75741e-10,1.75741e-10,4.14561e-19,-0.000430309
16,192,2.81508e-26,1.65592e-14,1.65592e-14,4.03521e-26,-5.49496e-11
16,193,34.8537,36.5024,36.5024,32.0315,0.499031
16,194,58.758,61.3096,61.3096,48.378,1.21528
16,197,38.4925,60.9105,60.9105,31.118,1.34229
16,199,8.08764,28.1324,28.1324,8.10403,-0.0114549
16,216,0.0001089,0.0395889,0.0395889,8.75113e-5,1.38432
16,240,7.10847e-12,3.73026e-6,3.73026e-6,8.51807e-12,-0.937306
16,264,7.43828e-19,3.51483e-10,3.51483e-10,8.29122e-19,-0.000384133
16,288,6.64065e-26,3.31184e-14,3.31184e-14,8.07042e-26,-6.43911e-11
16,289,174.775,164.261,164.261,144.142,1.20371
16,290,264.648,275.893,275.893,217.701,1.22144
16,293,178.442,274.097,274.097,140.031,1.55368
16,295,44.7407,126.596,126.596,36.4681,1.28485
16,312,0.000411466,0.17815,0.17815,0.000393801,0.254081
16,336,3.94649e-11,1.67862e-5,1.67862e-5,3.83313e-11,0.167506
16,360,2.88297e-18,1.58167e-9,1.58167e-9,3.73105e-18,-0.00381942
16,384,2.58785e-25,1.49033e-13,1.49033e-13,3.63169e-25,-4.70104e-10
16,385,152.423,164.261,164.261,144.142,0.325404
16,386,289.061,275.893,275.893,217.701,1.85662
16,389,186.509,274.097,274.097,140.031,1.87997
16,391,44.5914,126.596,126.596,36.4681,1.26166
16,408,0.000367434,0.17815,0.17815,0.000393801,-0.379235
16,432,3.81472e-11,1.67862e-5,1.67862e-5,3.83313e-11,-0.0272022
16,456,3.02624e-18,1.58167e-9,1.58167e-9,3.73105e-18,-0.0031742
17,0,0,0,0,0,0
17,1,4.35538,3.65024,3.65024,3.3718,1.65222
17,2,7.24539,6.13096,6.13096,5.30082,2.07781
17,5,4.98535,6.09105,6.09105,4.02518,1.3511
17,7,1.51705,2.81324,2.81324,1.31744,0.858155
17,24,0.000116718,0.00395889,0.00395889,9.92605e-5,0.996151
17,48,1.22601e-10,3.73026e-7,3.73026e-7,1.50015e-10,-1.03503
17,72,2.52069e-16,3.51483e-11,3.51483e-11,2.2672e-16,0.114162
17,96,3.16381e-22,3.31184e-15,3.31184e-15,3.42647e-22,-1.18293e-7
17,97,21.7333,18.2512,18.2512,16.859,1.63758
17,98,28.1815,30.6548,30.6548,26.5041,0.358475
17,101,20.0396,30.4553,30.4553,20.1259,-0.0242792
17,103,7.92648,14.0662,14.0662,6.58721,1.15157
17,120,0.000542198,0.0197944,0.0197944,0.000496302,0.523787
17,144,7.22368e-10,1.86513e-6,1.86513e-6,7.50073e-10,-0.209205
17,168,9.38473e-16,1.75741e-10,1.75741e-10,1.1336e-15,-0.878778
17,192,1.65451e-21,1.65592e-14,1.65592e-14,1.71324e-21,-2.64497e-7
17,193,33.6734,36.5024,36.5024,33.718,-0.00749769
17,194,66.3796,61.3096,61.3096,53.0082,1.42876
17,197,49.1455,60.9105,60.9105,40.2518,1.25147
17,199,14.3008,28.1324,28.1324,13.1744,0.484244
17,216,0.00129023,0.0395889,0.0395889,0.000992605,1.69833
17,240,1.32769e-9,3.73026e-6,3.73026e-6,1.50015e-9,-0.651137
17,264,1.95174e-15,3.51483e-10,3.51483e-10,2.2672e-15,-0.788089
17,288,3.80543e-21,3.31184e-14,3.31184e-14,3.42647e-21,1.70667e-6
17,289,201.495,164.261,164.261,151.731,1.85764
17,290,324.659,275.893,275.893,238.537,2.04496
17,293,203.449,274.097,274.097,181.133,0.697805
17,295,68.7692,126.596,126.596,59.2849,0.906117
17,312,0.00444823,0.17815,0.17815,0.00446672,-0.0234411
17,336,6.96664e-9,1.67862e-5,1.67862e-5,6.75065e-9,0.181224
17,360,1.01543e-14,1.58167e-9,1.58167e-9,1.02024e-14,-0.0267283
17,384,1.41226e-20,1.49033e-13,1.49033e-13,1.54191e-20,-5.83885e-6
17,385,192.241,164.261,164.261,151.731,1.51221
17,386,317.022,275.893,275.893,238.537,1.86362
17,389,197.093,274.097,274.097,181.133,0.499068
17,391,62.6147,126.596,126.596,59.2849,0.318121
17,408,0.0045921,0.17815,0.17815,0.00446672,0.158985
17,432,7.05648e-9,1.67862e-5,1.67862e-5,6.75065e-9,0.256598
17,456,1.06792e-14,1.58167e-9,1.58167e-9,1.02024e-14,0.264725
17,480,1.47917e-20,1.49033e-13,1.49033e-13,1.54191e-20,-2.82574e-6
17,481,186.876,164.261,164.261,151.731,1.31193
17,482,315.007,275.893,275.893,238.537,1.81578
17,485,231.849,274.097,274.097,181.133,1.58588
17,487,63.5533,126.596,126.596,59.2849,0.407793
17,504,0.00454695,0.17815,0.17815,0.00446672,0.101734
17,528,6.01321e-9,1.67862e-5,1.67862e-5,6.75065e-9,-0.618737
17,552,1.00568e-14,1.58167e-9,1.58167e-9,1.02024e-14,-0.0808278
17,576,1.29276e-20,1.49033e-13,1.49033e-13,1.54191e-20,-1.12209e-5
17,577,173.768,164.261,164.261,151.731,0.822622
17,578,262.149,275.893,275.893,238.537,0.560655
17,581,237.904,274.097,274.097,181.133,1.77523
17,583,64.9965,126.596,126.596,59.2849,0.545673
17,600,0.00548251,0.17815,0.17815,0.00446672,1.28807
17,624,7.29254e-9,1.67862e-5,1.67862e-5,6.75065e-9,0.454658
17,648,1.04504e-14,1.58167e-9,1.58167e-9,1.02024e-14,0.137698
18,0,0,0,0,0,0
18,1,4.13814,3.65024,3.65024,3.82175,0.468904
18,2,6.88311,6.13096,6.13096,6.68443,0.168353
18,5,9.05864,6.09105,6.09105,7.81625,0.900293
18,7,5.20347,2.81324,2.81324,4.3855,1.05644
18,24,0.0371612,0.00395889,0.00395889,0.0322624,0.860041
18,48,2.98496e-5,3.73026e-7,3.73026e-7,3.14013e-5,-0.279897
18,72,2.78974e-8,3.51483e-11,3.51483e-11,3.05632e-8,-0.49404
18,96,2.986e-11,3.31184e-15,3.31184e-15,2.97475e-11,0.021431
18,97,26.3236,18.2512,18.2512,19.1087,2.13855
18,98,43.0951,30.6548,30.6548,33.4221,1.63927
18,101,39.2873,30.4553,30.4553,39.0813,0.0298617
18,103,24.4751,14.0662,14.0662,21.9275,0.658047
18,120,0.165975,0.0197944,0.0197944,0.161312,0.163733
18,144,0.000163958,1.86513e-6,1.86513e-6,0.000157007,0.250763
18,168,1.67509e-7,1.75741e-10,1.75741e-10,1.52816e-7,0.54458
18,192,1.41463e-10,1.65592e-14,1.65592e-14,1.48737e-10,-0.277016
18,193,38.7547,36.5024,36.5024,38.2175,0.0796203
18,194,88.196,61.3096,61.3096,66.8443,1.80922
18,197,91.5884,60.9105,60.9105,78.1625,0.972907
18,199,47.9797,28.1324,28.1324,43.855,0.53272
18,216,0.356388,0.0395889,0.0395889,0.322624,0.592757
18,240,0.000321417,3.73026e-6,3.73026e-6,0.000314013,0.133553
18,264,2.90056e-7,3.51483e-10,3.51483e-10,3.05632e-7,-0.288655
18,288,2.8131e-10,3.31184e-14,3.31184e-14,2.97475e-10,-0.307788
18,289,173.055,164.261,164.261,171.979,0.0354363
18,290,362.403,275.893,275.893,300.799,1.16
18,293,420.004,274.097,274.097,351.731,1.09941
18,295,230.922,126.596,126.596,197.348,0.963615
18,312,1.48169,0.17815,0.17815,1.45181,0.116575
18,336,0.00153094,1.67862e-5,1.67862e-5,0.00141306,0.472492
18,360,1.59067e-6,1.58167e-9,1.58167e-9,1.37534e-6,0.886757
18,384,1.45967e-9,1.49033e-13,1.49033e-13,1.33864e-9,0.512137
18,385,175.441,164.261,164.261,171.979,0.11402
18,386,332.528,275.893,275.893,300.799,0.597443
18,389,446.915,274.097,274.097,351.731,1.53276
18,391,215.143,126.596,126.596,197.348,0.510731
18,408,1.65246,0.17815,0.17815,1.45181,0.782797
18,432,0.00148921,1.67862e-5,1.67862e-5,0.00141306,0.305246
18,456,1.46403e-6,1.58167e-9,1.58167e-9,1.37534e-6,0.365239
18,480,1.08577e-9,1.49033e-13,1.49033e-13,1.33864e-9,-1.06991
18,481,190.856,164.261,164.261,171.979,0.621715
18,482,361.02,275.893,275.893,300.799,1.13395
18,485,427.86,274.097,274.097,351.731,1.22592
18,487,229.638,126.596,126.596,197.348,0.926754
18,504,1.8447,0.17815,0.17815,1.45181,1.53281
18,528,0.00127115,1.67862e-5,1.67862e-5,0.00141306,-0.568809
18,552,1.58456e-6,1.58167e-9,1.58167e-9,1.37534e-6,0.861608
18,576,1.31411e-9,1.49033e-13,1.49033e-13,1.33864e-9,-0.103788
18,577,194.114,164.261,164.261,171.979,0.729017
18,578,340.052,275.893,275.893,300.799,0.739123
18,581,439.767,274.097,274.097,351.731,1.41766
18,583,197.97,126.596,126.596,197.348,0.0178672
18,600,1.7877,0.17815,0.17815,1.45181,1.31044
18,624,0.00138223,1.67862e-5,1.67862e-5,0.00141306,-0.123575
18,648,1.71398e-6,1.58167e-9,1.58167e-9,1.37534e-6,1.3946
19,0,0,0,0,0,0
19,1,4.42428,3.65024,3.65024,3.93351,0.706684
19,2,8.42495,6.13096,6.13096,7.06286,1.09232
19,5,8.44426,6.09105,6.09105,9.17527,-0.451262
19,7,6.64469,2.81324,2.81324,5.8072,0.816846
19,24,0.123936,0.00395889,0.00395889,0.118966,0.23664
19,48,0.000500985,3.73026e-7,3.73026e-7,0.00049158,0.108358
19,72,2.12705e-6,3.51483e-11,3.51483e-11,2.03127e-6,0.267077
19,96,7.61687e-9,3.31184e-15,3.31184e-15,8.39343e-9,-0.524035
19,97,23.4931,18.2512,18.2512,19.6675,1.10172
19,98,40.5515,30.6548,30.6548,35.3143,0.839993
19,101,53.2883,30.4553,30.4553,45.8763,0.915096
19,103,29.3021,14.0662,14.0662,29.036,0.0519119
19,120,0.679472,0.0197944,0.0197944,0.594829,0.80598
19,144,0.00272809,1.86513e-6,1.86513e-6,0.0024579,0.622616
19,168,1.04954e-5,1.75741e-10,1.75741e-10,1.01563e-5,0.189105
19,192,3.47215e-8,1.65592e-14,1.65592e-14,4.19671e-8,-0.97789
19,193,46.7823,36.5024,36.5024,39.3351,1.07236
19,194,73.5291,61.3096,61.3096,70.6286,0.232602
19,197,112.361,60.9105,60.9105,91.7527,1.27219
19,199,59.5933,28.1324,28.1324,58.072,0.148383
19,216,1.15851,0.0395889,0.0395889,1.18966,-0.148292
19,240,0.00493971,3.73026e-6,3.73026e-6,0.0049158,0.0275399
19,264,2.38659e-5,3.51483e-10,3.51483e-10,2.03127e-5,0.990802
19,288,8.35067e-8,3.31184e-14,3.31184e-14,8.39343e-8,-0.0288565
19,289,219.26,164.261,164.261,177.008,1.35201
19,290,349.656,275.893,275.893,317.829,0.567187
19,293,439.366,274.097,274.097,412.887,0.363239
19,295,289.631,126.596,126.596,261.324,0.613535
19,312,5.96339,0.17815,0.17815,5.35346,0.645312
19,336,0.0288501,1.67862e-5,1.67862e-5,0.0221211,1.72294
19,360,8.20844e-5,1.58167e-9,1.58167e-9,9.1407e-5,-0.577673
19,384,3.73042e-7,1.49033e-13,1.49033e-13,3.77704e-7,-0.0699152
19,385,205.1,164.261,164.261,177.008,0.898921
19,386,385.81,275.893,275.893,317.829,1.21149
19,389,456.211,274.097,274.097,412.887,0.594317
19,391,306.074,126.596,126.596,261.324,0.969934
19,408,6.14824,0.17815,0.17815,5.35346,0.840887
19,432,0.0260046,1.67862e-5,1.67862e-5,0.0221211,0.994362
19,456,0.00010195,1.58167e-9,1.58167e-9,9.1407e-5,0.653289
19,480,3.64405e-7,1.49033e-13,1.49033e-13,3.77704e-7,-0.199439
19,481,233.578,164.261,164.261,177.008,1.81017
19,482,335.917,275.893,275.893,317.829,0.322358
19,485,562.259,274.097,274.097,412.887,2.0491
19,487,285.147,126.596,126.596,261.324,0.516347
19,504,6.12228,0.17815,0.17815,5.35346,0.813424
19,528,0.0200052,1.67862e-5,1.67862e-5,0.0221211,-0.541774
19,552,9.44917e-5,1.58167e-9,1.58167e-9,9.1407e-5,0.191143
19,576,3.83755e-7,1.49033e-13,1.49033e-13,3.77704e-7,0.0907306
19,577,232.743,164.261,164.261,177.008,1.78344
19,578,331.813,275.893,275.893,317.829,0.249215
19,581,553.585,274.097,274.097,412.887,1.93011
19,583,278.095,126.596,126.596,261.324,0.363504
19,600,5.37342,0.17815,0.17815,5.35346,0.0211205
19,624,0.0226773,1.67862e-5,1.67862e-5,0.0221211,0.142414
19,648,9.29475e-5,1.58167e-9,1.58167e-9,9.1407e-5,0.0954578
20,0,0,0,0,0,0
20,1,4.40972,3.65024,3.65024,4.06456,0.480981
20,2,8.63864,6.13096,6.13096,7.52482,0.838386
20,5,11.4086,6.09105,6.09105,11.0489,0.184423
20,7,9.95949,2.81324,2.81324,8.00771,1.38053
20,24,0.498504,0.00395889,0.00395889,0.51895,-0.223165
20,48,0.0115362,3.73026e-7,3.73026e-7,0.0108996,0.330827
20,72,0.000228652,3.51483e-11,3.51483e-11,0.000228925,-0.00674132
20,96,4.7352e-6,3.31184e-15,3.31184e-15,4.80813e-6,-0.0859113
20,97,26.2467,18.2512,18.2512,20.3228,1.65102
20,98,41.1466,30.6548,30.6548,37.6241,0.530284
20,101,64.7733,30.4553,30.4553,55.2444,0.976968
20,103,43.1853,14.0662,14.0662,40.0386,0.445154
20,120,2.59737,0.0197944,0.0197944,2.59475,0.00572098
20,144,0.0753251,1.86513e-6,1.86513e-6,0.0544978,2.1646
20,168,0.00118269,1.75741e-10,1.75741e-10,0.00114462,0.188374
20,192,2.50452e-5,1.65592e-14,1.65592e-14,2.40406e-5,0.236685
20,193,50.8231,36.5024,36.5024,40.6456,1.41825
20,194,87.0773,61.3096,61.3096,75.2482,0.890387
20,197,114.179,60.9105,60.9105,110.489,0.189194
20,199,91.4325,28.1324,28.1324,80.0771,0.803188
20,216,5.02033,0.0395889,0.0395889,5.1895,-0.184648
20,240,0.123188,3.73026e-6,3.73026e-6,0.108996,0.7375
20,264,0.00195457,3.51483e-10,3.51483e-10,0.00228925,-0.828054
20,288,4.80543e-5,3.31184e-14,3.31184e-14,4.80813e-5,-0.00318357
20,289,174.931,164.261,164.261,182.905,-0.24695
20,290,449.48,275.893,275.893,338.617,1.8544
20,293,508.892,274.097,274.097,497.2,0.133199
20,295,387.775,126.596,126.596,360.347,0.431111
20,312,25.3994,0.17815,0.17815,23.3528,0.496394
20,336,0.534502,1.67862e-5,1.67862e-5,0.490481,0.508351
20,360,0.0102723,1.58167e-9,1.58167e-9,0.0103016,-0.0160973
20,384,0.000175017,1.49033e-13,1.49033e-13,0.000216366,-1.08243
20,385,227.509,164.261,164.261,182.905,1.38125
20,386,442.303,275.893,275.893,338.617,1.73435
20,389,533.934,274.097,274.097,497.2,0.418473
20,391,376.221,126.596,126.596,360.347,0.249504
20,408,23.1538,0.17815,0.17815,23.3528,-0.0482714
20,432,0.475592,1.67862e-5,1.67862e-5,0.490481,-0.171938
20,456,0.0105789,1.58167e-9,1.58167e-9,0.0103016,0.152474
20,480,0.000173932,1.49033e-13,1.49033e-13,0.000216366,-1.11082
20,481,245.832,164.261,164.261,182.905,1.94864
20,482,444.781,275.893,275.893,338.617,1.77579
20,485,541.747,274.097,274.097,497.2,0.507474
20,487,392.774,126.596,126.596,360.347,0.509699
20,504,27.539,0.17815,0.17815,23.3528,1.01533
20,528,0.543107,1.67862e-5,1.67862e-5,0.490481,0.607728
20,552,0.00903546,1.58167e-9,1.58167e-9,0.0103016,-0.696157
20,576,0.000242859,1.49033e-13,1.49033e-13,0.000216366,0.693542
20,577,186.614,164.261,164.261,182.905,0.114858
20,578,408.359,275.893,275.893,338.617,1.16656
20,581,679.809,274.097,274.097,497.2,2.08026
20,583,395.571,126.596,126.596,360.347,0.553661
20,600,27.6937,0.17815,0.17815,23.3528,1.05287
20,624,0.416091,1.67862e-5,1.67862e-5,0.490481,-0.859044
20,648,0.00991681,1.58167e-9,1.58167e-9,0.0103016,-0.21157
21,0,0,0,0,0,0
21,1,2.82252,3.65024,3.65024,2.20757,1.57781
21,2,3.03142,6.13096,6.13096,2.66014,0.790526
21,5,0.718834,6.09105,6.09105,0.568281,1.50055
21,7,0.033127,2.81324,2.81324,0.0238847,2.19173
21,24,5.39114e-14,0.00395889,0.00395889,4.76814e-14,0.740064
21,48,1.28143e-30,3.73026e-7,3.73026e-7,1.44885e-30,-7.54033e-16
21,72,3.09795e-47,3.51483e-11,3.51483e-11,4.40252e-47,-5.87526e-32
21,96,6.12632e-64,3.31184e-15,3.31184e-15,1.33776e-63,-3.26567e-48
21,97,13.1551,18.2512,18.2512,11.0378,1.08646
21,98,15.7679,30.6548,30.6548,13.3007,1.05064
21,101,3.70762,30.4553,30.4553,2.84141,1.7267
21,103,0.147169,14.0662,14.0662,0.119423,1.31591
21,120,2.16312e-13,0.0197944,0.0197944,2.38407e-13,-0.524932
21,144,6.15004e-30,1.86513e-6,1.86513e-6,7.24427e-30,-4.92796e-15
21,168,1.16346e-46,1.75741e-10,1.75741e-10,2.20126e-46,-4.67382e-31
21,192,3.76752e-63,1.65592e-14,1.65592e-14,6.68878e-63,-1.31562e-47
21,193,24.0697,36.5024,36.5024,22.0757,0.511605
21,194,34.8945,61.3096,61.3096,26.6014,1.76577
21,197,6.8086,60.9105,60.9105,5.68281,1.12207
21,199,0.281406,28.1324,28.1324,0.238847,1.00925
21,216,4.42759e-13,0.0395889,0.0395889,4.76814e-13,-0.404532
21,240,1.28316e-29,3.73026e-6,3.73026e-6,1.44885e-29,-7.46233e-15
21,264,2.52005e-46,3.51483e-10,3.51483e-10,4.40252e-46,-8.47785e-31
21,288,7.50303e-63,3.31184e-14,3.31184e-14,1.33776e-62,-2.64566e-47
21,289,118.945,164.261,164.261,99.3405,1.1178
21,290,129.957,275.893,275.893,119.706,0.484997
21,293,27.1713,274.097,274.097,25.5727,0.354078
21,295,1.33225,126.596,126.596,1.07481,1.35663
21,312,1.82809e-12,0.17815,0.17815,2.14566e-12,-0.838306
21,336,5.08076e-29,1.67862e-5,1.67862e-5,6.51985e-29,-6.48105e-14
21,360,1.20666e-45,1.58167e-9,1.58167e-9,1.98113e-45,-3.48792e-30
21,384,3.59997e-62,1.49033e-13,1.49033e-13,6.0199e-62,-1.08984e-46
21,385,113.389,164.261,164.261,99.3405,0.801
21,386,138.728,275.893,275.893,119.706,0.900034
21,389,27.6756,274.097,274.097,25.5727,0.465772
21,391,1.16368,126.596,126.596,1.07481,0.46834
21,408,2.15176e-12,0.17815,0.17815,2.14566e-12,0.0160884
21,432,4.88573e-29,1.67862e-5,1.67862e-5,6.51985e-29,-7.35938e-14
21,456,1.31681e-45,1.58167e-9,1.58167e-9,1.98113e-45,-2.99183e-30
21,480,2.65122e-62,1.49033e-13,1.49033e-13,6.0199e-62,-1.51712e-46
21,481,98.5871,164.261,164.261,99.3405,-0.0429578
21,482,134.97,275.893,275.893,119.706,0.722197
21,485,37.6672,274.097,274.097,25.5727,2.6788
21,487,1.33812,126.596,126.596,1.07481,1.38761
21,504,1.48001e-12,0.17815,0.17815,2.14566e-12,-1.75715
21,528,5.65398e-29,1.67862e-5,1.67862e-5,6.51985e-29,-3.8995e-14
21,552,1.2736e-45,1.58167e-9,1.58167e-9,1.98113e-45,-3.18643e-30
21,576,3.24359e-62,1.49033e-13,1.49033e-13,6.0199e-62,-1.25034e-46
21,577,97.6638,164.261,164.261,99.3405,-0.0955979
21,578,128.333,275.893,275.893,119.706,0.408196
21,581,33.7119,274.097,274.097,25.5727,1.80275
21,583,1.31506,126.596,126.596,1.07481,1.26606
21,600,2.21516e-12,0.17815,0.17815,2.14566e-12,0.183456
21,624,4.87798e-29,1.67862e-5,1.67862e-5,6.51985e-29,-7.3943e-14
21,648,1.35995e-45,1.58167e-9,1.58167e-9,1.98113e-45,-2.79756e-30
22,0,0,0,0,0,0
22,1,21.4056,18.2512,18.2512,18.2094,0.994183
22,2,36.3383,30.6548,30.6548,30.524,1.07891
22,5,38.1784,30.4553,30.4553,30.0838,1.52401
22,7,17.3882,14.0662,14.0662,13.7589,1.49404
22,24,0.0219804,0.0197944,0.0197944,0.0178124,1.32536
22,48,1.72242e-6,1.86513e-6,1.86513e-6,1.49191e-6,0.875152
22,72,1.33592e-10,1.75741e-10,1.75741e-10,1.24957e-10,0.391399
22,96,8.36335e-15,1.65592e-14,1.65592e-14,1.0466e-14,-1.13792
22,97,48.405,36.5024,36.5024,36.4188,1.86415
22,98,61.8057,61.3096,61.3096,61.048,0.0702969
22,101,72.6408,60.9105,60.9105,60.1675,1.1742
22,103,31.6781,28.1324,28.1324,27.5178,0.856327
22,120,0.0380074,0.0395889,0.0395889,0.0356248,0.378818
22,144,3.29572e-6,3.73026e-6,3.73026e-6,2.98381e-6,0.592071
22,168,2.85847e-10,3.51483e-10,3.51483e-10,2.49914e-10,0.814362
22,192,1.91276e-14,3.31184e-14,3.31184e-14,2.0932e-14,-0.488243
22,193,116.781,91.256,91.256,91.0469,1.60093
22,194,168.827,153.274,153.274,152.62,0.601487
22,197,142.686,152.276,152.276,150.419,-0.291172
22,199,77.1014,70.3309,70.3309,68.7945,0.683925
22,216,0.108475,0.0989722,0.0989722,0.089062,1.23458
22,240,8.86329e-6,9.32564e-6,9.32564e-6,7.45954e-6,1.06587
22,264,5.69513e-10,8.78707e-10,8.78707e-10,6.24786e-10,-0.501076
22,288,5.59825e-14,8.2796e-14,8.2796e-14,5.233e-14,0.395342
22,289,347.075,273.768,273.768,273.141,1.53314
22,290,556.159,459.822,459.822,457.86,1.21603
22,293,464.792,456.829,456.829,451.256,0.169901
22,295,243.777,210.993,210.993,206.383,1.02623
22,312,0.267618,0.296917,0.296917,0.267186,0.00915
22,336,2.24531e-5,2.79769e-5,2.79769e-5,2.23786e-5,0.0188615
22,360,1.96441e-9,2.63612e-9,2.63612e-9,1.87436e-9,0.272123
22,384,1.32937e-13,2.48388e-13,2.48388e-13,1.5699e-13,-0.867795
22,385,341.736,273.768,273.768,273.141,1.42244
22,386,537.875,459.822,459.822,457.86,0.989836
22,389,535.713,456.829,456.829,451.256,1.06008
22,391,251.552,210.993,210.993,206.383,1.23962
22,408,0.328217,0.296917,0.296917,0.267186,1.29379
22,432,2.69058e-5,2.79769e-5,2.79769e-5,2.23786e-5,1.14583
22,456,1.63055e-9,2.63612e-9,2.63612e-9,1.87436e-9,-0.736756
22,480,1.58788e-13,2.48388e-13,2.48388e-13,1.5699e-13,0.0648782
22,481,284.809,273.768,273.768,273.141,0.24196
22,482,551.32,459.822,459.822,457.86,1.15616
22,485,468.167,456.829,456.829,451.256,0.21226
22,487,212.152,210.993,210.993,206.383,0.158323
22,504,0.297925,0.296917,0.296917,0.267186,0.651632
22,528,2.20711e-5,2.79769e-5,2.79769e-5,2.23786e-5,-0.0778421
22,552,2.21712e-9,2.63612e-9,2.63612e-9,1.87436e-9,1.03578
22,576,1.43654e-13,2.48388e-13,2.48388e-13,1.5699e-13,-0.481156
22,577,306.292,273.768,273.768,273.141,0.687451
22,578,575.792,459.822,459.822,457.86,1.45889
22,581,595.383,456.829,456.829,451.256,1.80903
22,583,245.681,210.993,210.993,206.383,1.07849
22,600,0.279336,0.296917,0.296917,0.267186,0.257569
22,624,2.04571e-5,2.79769e-5,2.79769e-5,2.23786e-5,-0.486334
22,648,1.70957e-9,2.63612e-9,2.63612e-9,1.87436e-9,-0.497967
23,0,0,0,0,0,0
23,1,24.3446,18.2512,18.2512,19.6925,1.33806
23,2,41.4146,30.6548,30.6548,35.4004,0.962261
23,5,53.6629,30.4553,30.4553,46.2041,0.914357
23,7,35.3245,14.0662,14.0662,29.398,1.14184
23,24,0.762433,0.0197944,0.0197944,0.629844,1.19234
23,48,0.00280029,1.86513e-6,1.86513e-6,0.00277254,0.0566896
23,72,1.06127e-5,1.75741e-10,1.75741e-10,1.22046e-5,-0.738769
23,96,5.13635e-8,1.65592e-14,1.65592e-14,5.37238e-8,-0.248846
23,97,43.8891,36.5024,36.5024,39.385,0.647738
23,98,84.5825,61.3096,61.3096,70.8009,1.10252
23,101,106.29,60.9105,60.9105,92.4082,0.850847
23,103,63.5298,28.1324,28.1324,58.796,0.456022
23,120,1.34619,0.0395889,0.0395889,1.25969,0.388934
23,144,0.00536411,3.73026e-6,3.73026e-6,0.00554508,-0.184847
23,168,2.50527e-5,3.51483e-10,3.51483e-10,2.44091e-5,0.149345
23,192,1.09834e-7,3.31184e-14,3.31184e-14,1.07448e-7,0.125786
23,193,95.3529,91.256,91.256,98.4625,-0.178878
23,194,189.144,153.274,153.274,177.002,0.388538
23,197,264.715,152.276,152.276,231.021,0.826089
23,199,167.097,70.3309,70.3309,146.99,0.774802
23,216,3.51737,0.0989722,0.0989722,3.14922,0.662135
23,240,0.0161641,9.32564e-6,9.32564e-6,0.0138627,0.940322
23,264,5.956e-5,8.78707e-10,8.78707e-10,6.10228e-5,-0.135774
23,288,2.09208e-7,8.2796e-14,8.2796e-14,2.68619e-7,-1.25272
23,289,343.23,273.768,273.768,295.388,0.917365
23,290,770.36,459.822,459.822,531.007,2.55308
23,293,796.399,456.829,456.829,693.062,0.84452
23,295,423.937,210.993,210.993,440.97,-0.218774
23,312,10.4838,0.296917,0.296917,9.44765,0.621175
23,336,0.0427303,2.79769e-5,2.79769e-5,0.0415881,0.15557
23,360,0.000204208,2.63612e-9,2.63612e-9,0.000183068,0.654056
23,384,7.79795e-7,2.48388e-13,2.48388e-13,8.05858e-7,-0.183182
23,385,405.513,273.768,273.768,295.388,2.11164
23,386,681.299,459.822,459.822,531.007,1.6031
23,389,810.774,456.829,456.829,693.062,0.962004
23,391,344.586,210.993,210.993,440.97,-1.23799
23,408,13.0444,0.296917,0.296917,9.44765,2.15631
23,432,0.0422576,2.79769e-5,2.79769e-5,0.0415881,0.0911871
23,456,0.000200207,2.63612e-9,2.63612e-9,0.000183068,0.530257
23,480,7.42005e-7,2.48388e-13,2.48388e-13,8.05858e-7,-0.448793
23,481,374.097,273.768,273.768,295.388,1.50924
23,482,620.411,459.822,459.822,531.007,0.953636
23,485,768.959,456.829,456.829,693.062,0.620266
23,487,535.256,210.993,210.993,440.97,1.21106
23,504,10.5246,0.296917,0.296917,9.44765,0.645622
23,528,0.0481234,2.79769e-5,2.79769e-5,0.0415881,0.890075
23,552,0.000162901,2.63612e-9,2.63612e-9,0.000183068,-0.623969
23,576,7.72483e-7,2.48388e-13,2.48388e-13,8.05858e-7,-0.234573
23,577,331.198,273.768,273.768,295.388,0.686671
23,578,566.336,459.822,459.822,531.007,0.376838
23,581,760.532,456.829,456.829,693.062,0.551402
23,583,560.41,210.993,210.993,440.97,1.53414
23,600,11.7879,0.296917,0.296917,9.44765,1.40302
23,624,0.0416389,2.79769e-5,2.79769e-5,0.0415881,0.00692905
23,648,0.000195948,2.63612e-9,2.63612e-9,0.000183068,0.398479
24,0,0,0,0,0,0
24,1,17.5816,18.2512,18.2512,16.3555,0.424613
24,2,30.182,30.6548,30.6548,25.104,1.1457
24,5,20.7495,30.4553,30.4553,17.27,1.14115
24,7,5.8901,14.0662,14.0662,4.94123,1.08768
24,24,0.000139961,0.0197944,0.0197944,0.000118696,1.01472
24,48,2.97174e-11,1.86513e-6,1.86513e-6,3.57216e-11,-0.952037
24,72,8.86232e-18,1.75741e-10,1.75741e-10,1.07505e-17,-0.00850341
24,96,2.0715e-24,1.65592e-14,1.65592e-14,3.23536e-24,-5.24156e-9
24,97,39.4374,36.5024,36.5024,32.711,1.1647
24,98,61.0733,61.3096,61.3096,50.208,1.22573
24,101,40.288,60.9105,60.9105,34.5401,0.942571
24,103,11.2796,28.1324,28.1324,9.88245,0.800736
24,120,0.000251022,0.0395889,0.0395889,0.000237392,0.325202
24,144,5.84638e-11,3.73026e-6,3.73026e-6,7.14433e-11,-1.02901
24,168,1.60523e-17,3.51483e-10,3.51483e-10,2.15009e-17,-0.0245384
24,192,4.33286e-24,3.31184e-14,3.31184e-14,6.47072e-24,-9.62808e-9
24,193,102.08,91.256,91.256,81.7774,1.40616
24,194,117.632,153.274,153.274,125.52,-0.355963
24,197,108.532,152.276,152.276,86.3502,1.45497
24,199,28.0973,70.3309,70.3309,24.7061,0.777446
24,216,0.000606585,0.0989722,0.0989722,0.00059348,0.125072
24,240,1.92405e-10,9.32564e-6,9.32564e-6,1.78608e-10,0.437519
24,264,4.03156e-17,8.78707e-10,8.78707e-10,5.37523e-17,-0.0605135
24,288,1.05162e-23,8.2796e-14,8.2796e-14,1.61768e-23,-2.5493e-8
24,289,289.585,273.768,273.768,245.332,1.02167
24,290,404.175,459.822,459.822,376.56,0.415365
24,293,276.951,456.829,456.829,259.051,0.391381
24,295,85.632,210.993,210.993,74.1184,0.879851
24,312,0.00179077,0.296917,0.296917,0.00178044,0.0328723
24,336,5.32563e-10,2.79769e-5,2.79769e-5,5.35825e-10,-0.0344746
24,360,1.32173e-16,2.63612e-9,2.63612e-9,1.61257e-16,-0.130984
24,384,3.86223e-23,2.48388e-13,2.48388e-13,4.85304e-23,-4.46222e-8
24,385,280.514,273.768,273.768,245.332,0.812233
24,386,449.564,459.822,459.822,376.56,1.09809
24,389,324.268,456.829,456.829,259.051,1.42596
24,391,91.0554,210.993,210.993,74.1184,1.2943
24,408,0.00198665,0.296917,0.296917,0.00178044,0.656003
24,432,5.22137e-10,2.79769e-5,2.79769e-5,5.35825e-10,-0.144687
24,456,1.37569e-16,2.63612e-9,2.63612e-9,1.61257e-16,-0.106681
24,480,2.97208e-23,2.48388e-13,2.48388e-13,4.85304e-23,-8.47108e-8
24,481,281.946,273.768,273.768,245.332,0.845312
24,482,454.384,459.822,459.822,376.56,1.17059
24,485,284.879,456.829,456.829,259.051,0.564714
24,487,98.9899,210.993,210.993,74.1184,1.90064
24,504,0.0018535,0.296917,0.296917,0.00178044,0.232418
24,528,5.04129e-10,2.79769e-5,2.79769e-5,5.35825e-10,-0.335043
24,552,1.22471e-16,2.63612e-9,2.63612e-9,1.61257e-16,-0.174674
24,576,3.72606e-23,2.48388e-13,2.48388e-13,4.85304e-23,-5.07546e-8
24,577,285.023,273.768,273.768,245.332,0.916346
24,578,538.707,459.822,459.822,376.56,2.43894
24,581,361.45,456.829,456.829,259.051,2.23892
24,583,82.0995,210.993,210.993,74.1184,0.609906
24,600,0.00226641,0.296917,0.296917,0.00178044,1.54599
24,624,4.9355e-10,2.79769e-5,2.79769e-5,5.35825e-10,-0.446869
24,648,1.25629e-16,2.63612e-9,2.63612e-9,1.61257e-16,-0.160454
25,0,0,0,0,0,0
25,1,44.5381,36.5024,36.5024,38.967,0.809778
25,2,71.9194,61.3096,61.3096,69.3665,0.208455
25,5,88.0467,60.9105,60.9105,87.0502,0.0648381
25,7,54.1042,28.1324,28.1324,52.9796,0.120225
25,24,0.864597,0.0395889,0.0395889,0.778019,0.630292
25,48,0.00197591,3.73026e-6,3.73026e-6,0.00200936,-0.0942999
25,72,5.5059e-6,3.51483e-10,3.51483e-10,5.18949e-6,0.345336
25,96,9.76039e-9,3.31184e-14,3.31184e-14,1.34027e-8,-1.53925
25,97,118.968,91.256,91.256,97.4175,1.25301
25,98,182.913,153.274,153.274,173.416,0.31017
25,101,255.11,152.276,152.276,217.626,0.975587
25,103,144.483,70.3309,70.3309,132.449,0.514625
25,120,1.91164,0.0989722,0.0989722,1.94505,-0.0972789
25,144,0.00637797,9.32564e-6,9.32564e-6,0.0050234,1.52732
25,168,1.41948e-5,8.78707e-10,8.78707e-10,1.29737e-5,0.533081
25,192,3.23291e-8,8.2796e-14,8.2796e-14,3.35068e-8,-0.199079
25,193,231.984,182.512,182.512,194.835,1.07996
25,194,410.179,306.548,306.548,346.832,1.03449
25,197,521.993,304.553,304.553,435.251,1.12879
25,199,327.572,140.662,140.662,264.898,1.3401
25,216,4.76821,0.197944,0.197944,3.89009,1.27854
25,240,0.0107476,1.86513e-5,1.86513e-5,0.0100468,0.395083
25,264,2.33722e-5,1.75741e-9,1.75741e-9,2.59475e-5,-0.562156
26,0,0,0,0,0,0
26,1,46.3405,36.5024,36.5024,39.6725,0.951986
26,2,82.5519,61.3096,61.3096,71.799,0.848263
26,5,99.4668,60.9105,60.9105,96.2702,0.188072
26,7,74.0439,28.1324,28.1324,63.1307,0.979125
26,24,2.15272,0.0395889,0.0395889,1.74825,1.3104
26,48,0.0124706,3.73026e-6,3.73026e-6,0.0110557,0.724866
26,72,7.51301e-5,3.51483e-10,3.51483e-10,6.99151e-5,0.42248
26,96,4.67224e-7,3.31184e-14,3.31184e-14,4.42135e-7,0.321408
26,97,122.008,91.256,91.256,99.1812,1.30359
26,98,211.587,153.274,153.274,179.498,1.01258
26,101,265.171,152.276,152.276,240.675,0.576474
26,103,175.19,70.3309,70.3309,157.827,0.623144
26,120,3.87368,0.0989722,0.0989722,4.37063,-0.644013
26,144,0.0281789,9.32564e-6,9.32564e-6,0.0276393,0.110573
26,168,0.000186482,8.78707e-10,8.78707e-10,0.000174788,0.378958
26,192,1.1285e-6,8.2796e-14,8.2796e-14,1.10534e-6,0.118675
26,193,257.152,182.512,182.512,198.362,1.67867
26,194,418.165,306.548,306.548,358.995,0.933553
26,197,522.411,304.553,304.553,481.351,0.483155
26,199,405.863,140.662,140.662,315.653,1.61871
26,216,10.2145,0.197944,0.197944,8.74126,0.954581
26,240,0.0560934,1.86513e-5,1.86513e-5,0.0552787,0.0834789
26,264,0.000298907,1.75741e-9,1.75741e-9,0.000349576,-0.820958
26,288,2.25944e-6,1.65592e-13,1.65592e-13,2.21068e-6,0.124944
26,289,473.446,365.024,365.024,396.725,1.09534
26,290,732.795,613.096,613.096,717.99,0.116793
26,293,1028.96,609.105,609.105,962.702,0.389815
26,295,730.566,281.324,281.324,631.307,0.890543
26,312,17.6689,0.395889,0.395889,17.4825,0.0603828
26,336,0.106621,3.73026e-5,3.73026e-5,0.110557,-0.201663
26,360,0.000920141,3.51483e-9,3.51483e-9,0.000699151,1.7903
26,384,4.52496e-6,3.31184e-13,3.31184e-13,4.42135e-6,0.132726
26,385,494.478,365.024,365.024,396.725,1.39561
26,386,751.652,613.096,613.096,717.99,0.26555
26,389,1169.51,609.105,609.105,962.702,1.21673
26,391,910.12,281.324,281.324,631.307,2.50149
26,408,17.1731,0.395889,0.395889,17.4825,-0.100258
26,432,0.12748,3.73026e-5,3.73026e-5,0.110557,0.866955
26,456,0.000751923,3.51483e-9,3.51483e-9,0.000699151,0.427516
26,480,4.16803e-6,3.31184e-13,3.31184e-13,4.42135e-6,-0.324516
26,481,447.421,365.024,365.024,396.725,0.723786
26,482,822.428,613.096,613.096,717.99,0.823877
26,485,1148.65,609.105,609.105,962.702,1.09404
26,487,657.646,281.324,281.324,631.307,0.236319
26,504,22.9037,0.395889,0.395889,17.4825,1.75637
26,528,0.114436,3.73026e-5,3.73026e-5,0.110557,0.198688
26,552,0.000659472,3.51483e-9,3.51483e-9,0.000699151,-0.321455
26,576,4.00057e-6,3.31184e-13,3.31184e-13,4.42135e-6,-0.539042
26,577,421.118,365.024,365.024,396.725,0.348256
26,578,742.096,613.096,613.096,717.99,0.190162
26,581,994.253,609.105,609.105,962.702,0.185633
26,583,630.758,281.324,281.324,631.307,-0.00492149
26,600,21.3643,0.395889,0.395889,17.4825,1.25762
26,624,0.12609,3.73026e-5,3.73026e-5,0.110557,0.79578
26,648,0.000768615,3.51483e-9,3.51483e-9,0.000699151,0.562742
27,0,0,0,0,0,0
27,1,37.0443,36.5024,36.5024,31.9677,0.899463
27,2,56.1602,61.3096,61.3096,48.2085,0.93425
27,5,36.2855,60.9105,60.9105,30.813,1.00595
27,7,9.53387,28.1324,28.1324,7.95286,1.12599
27,24,8.10091e-5,0.0395889,0.0395889,7.95673e-5,0.102639
27,48,6.38719e-12,3.73026e-6,3.73026e-6,6.95359e-12,-0.461363
27,72,5.39598e-19,3.51483e-10,3.51483e-10,6.07692e-19,-0.000306671
27,96,3.97243e-26,3.31184e-14,3.31184e-14,5.31078e-26,-6.0274e-11
27,97,98.1534,91.256,91.256,79.9193,1.29228
27,98,165.261,153.274,153.274,120.521,2.1026
27,101,105.663,152.276,152.276,77.0325,2.10511
27,103,23.2281,70.3309,70.3309,19.8822,0.953189
27,120,0.000206805,0.0989722,0.0989722,0.000198918,0.224562
27,144,1.70672e-11,9.32564e-6,9.32564e-6,1.7384e-11,-0.103217
27,168,1.26761e-18,8.78707e-10,8.78707e-10,1.51923e-18,-0.00113321
27,192,1.09143e-25,8.2796e-14,8.2796e-14,1.3277e-25,-1.06403e-10
27,193,168.718,182.512,182.512,159.839,0.314661
27,194,277.928,306.548,306.548,241.042,0.866725
27,197,148.31,304.553,304.553,154.065,-0.211573
27,199,39.5585,140.662,140.662,39.7643,-0.0293111
27,216,0.000339266,0.197944,0.197944,0.000397836,-0.833873
27,240,3.24479e-11,1.86513e-5,1.86513e-5,3.4768e-11,-0.377953
27,264,3.19278e-18,1.75741e-9,1.75741e-9,3.03846e-18,0.000694982
27,288,2.22145e-25,1.65592e-13,1.65592e-13,2.65539e-25,-1.9543e-10
27,289,352.564,365.024,365.024,319.677,0.582682
27,290,584.019,613.096,613.096,482.085,1.19763
27,293,385.156,609.105,609.105,308.13,1.41588
27,295,85.9,281.324,281.324,79.5286,0.453769
27,312,0.000759127,0.395889,0.395889,0.000795673,-0.260156
27,336,7.33743e-11,3.73026e-5,3.73026e-5,6.95359e-11,0.312655
27,360,4.40217e-18,3.51483e-9,3.51483e-9,6.07692e-18,-0.00754244
27,384,4.82115e-25,3.31184e-13,3.31184e-13,5.31078e-25,-2.20511e-10
27,385,361.912,365.024,365.024,319.677,0.748315
27,386,607.971,613.096,613.096,482.085,1.47903
27,389,341.304,609.105,609.105,308.13,0.609797
27,391,88.17,281.324,281.324,79.5286,0.615443
27,408,0.000878416,0.395889,0.395889,0.000795673,0.589012
27,432,5.44312e-11,3.73026e-5,3.73026e-5,6.95359e-11,-1.23035
27,456,5.23288e-18,3.51483e-9,3.51483e-9,6.07692e-18,-0.00380124
27,480,4.69099e-25,3.31184e-13,3.31184e-13,5.31078e-25,-2.79128e-10
27,481,344.94,365.024,365.024,319.677,0.447595
27,482,579.579,613.096,613.096,482.085,1.14546
27,485,367.448,609.105,609.105,308.13,1.09039
27,487,106.53,281.324,281.324,79.5286,1.92306
27,504,0.000803108,0.395889,0.395889,0.000795673,0.0529254
27,528,7.78188e-11,3.73026e-5,3.73026e-5,6.95359e-11,0.674677
27,552,5.92379e-18,3.51483e-9,3.51483e-9,6.07692e-18,-0.000689662
27,576,4.88518e-25,3.31184e-13,3.31184e-13,5.31078e-25,-1.91675e-10
27,577,372.004,365.024,365.024,319.677,0.927118
27,578,592.568,613.096,613.096,482.085,1.29807
27,581,374.272,609.105,609.105,308.13,1.21583
27,583,104.052,281.324,281.324,79.5286,1.74654
27,600,0.000790992,0.395889,0.395889,0.000795673,-0.0333208
27,624,7.39977e-11,3.73026e-5,3.73026e-5,6.95359e-11,0.363433
27,648,6.53304e-18,3.51483e-9,3.51483e-9,6.07692e-18,0.00205418
28,0,0,0,0,0,0
28,1,52.0316,36.5024,36.5024,40.8223,1.55527
28,2,90.825,61.3096,61.3096,75.8863,1.11499
28,5,123.211,60.9105,60.9105,113.272,0.496973
28,7,115.506,28.1324,28.1324,83.5702,2.16448
28,24,7.91661,0.0395889,0.0395889,6.30149,1.45173
28,48,0.172973,3.73026e-6,3.73026e-6,0.163902,0.313467
28,72,0.00459872,3.51483e-10,3.51483e-10,0.0042631,0.445909
28,96,9.20476e-5,3.31184e-14,3.31184e-14,0.000110883,-0.962145
28,97,138.499,91.256,91.256,102.056,2.02257
28,98,227.035,153.274,153.274,189.716,1.11417
28,101,281.919,152.276,152.276,283.18,-0.0252345
28,103,252.438,70.3309,70.3309,208.926,1.17964
28,120,19.8866,0.0989722,0.0989722,15.7537,1.4859
28,144,0.45794,9.32564e-6,9.32564e-6,0.409755,0.666054
28,168,0.0107698,8.78707e-10,8.78707e-10,0.0106577,0.05953
28,192,0.00028706,8.2796e-14,8.2796e-14,0.000277208,0.201288
28,193,223.095,182.512,182.512,204.112,0.52679
28,194,489.122,306.548,306.548,379.432,1.63741
28,197,621.726,304.553,304.553,566.361,0.553693
28,199,574.826,140.662,140.662,417.851,2.12782
28,216,29.1874,0.197944,0.197944,31.5075,-0.417076
28,240,0.949035,1.86513e-5,1.86513e-5,0.81951,0.895211
28,264,0.0204838,1.75741e-9,1.75741e-9,0.0213155,-0.220988
28,288,0.000516017,1.65592e-13,1.65592e-13,0.000554417,-0.392301
28,289,407.891,365.024,365.024,408.224,-0.00461909
28,290,868.963,613.096,613.096,758.864,0.821763
28,293,1532.42,609.105,609.105,1132.72,1.99864
28,295,1021.94,281.324,281.324,835.703,1.26221
28,312,74.5523,0.395889,0.395889,63.0149,1.03702
28,336,1.91301,3.73026e-5,3.73026e-5,1.63902,0.946831
28,360,0.0414956,3.51483e-9,3.51483e-9,0.042631,-0.150845
28,384,0.00114794,3.31184e-13,3.31184e-13,0.00110883,0.199779
28,385,515.192,365.024,365.024,408.224,1.48416
28,386,823.79,613.096,613.096,758.864,0.484591
28,389,1371.45,609.105,609.105,1132.72,1.19372
28,391,893.577,281.324,281.324,835.703,0.392247
28,408,70.152,0.395889,0.395889,63.0149,0.64151
28,432,1.4251,3.73026e-5,3.73026e-5,1.63902,-0.739238
28,456,0.0404274,3.51483e-9,3.51483e-9,0.042631,-0.292769
28,480,0.000977615,3.31184e-13,3.31184e-13,0.00110883,-0.670275
28,481,477.785,365.024,365.024,408.224,0.965148
28,482,759.817,613.096,613.096,758.864,0.00711374
28,485,1332.04,609.105,609.105,1132.72,0.99667
28,487,1007.37,281.324,281.324,835.703,1.16351
28,504,64.8601,0.395889,0.395889,63.0149,0.165855
28,528,1.7485,3.73026e-5,3.73026e-5,1.63902,0.378347
28,552,0.0391429,3.51483e-9,3.51483e-9,0.042631,-0.463429
29,0,0,0,0,0,0
29,1,43.7113,36.5024,36.5024,36.1551,1.18375
29,2,65.2853,61.3096,61.3096,60.2284,0.475564
29,5,64.6098,60.9105,60.9105,57.8807,0.658486
29,7,31.6357,28.1324,28.1324,25.6605,1.31888
29,24,0.0284846,0.0395889,0.0395889,0.0254969,0.66371
29,48,1.41829e-6,3.73026e-6,3.73026e-6,1.46984e-6,-0.198621
29,72,8.27515e-11,3.51483e-10,3.51483e-10,8.47328e-11,-0.132442
30,0,0,0,0,0,0
30,1,34.5189,36.5024,36.5024,28.5813,1.17666
30,2,47.1939,61.3096,61.3096,39.7966,1.05281
30,5,21.3013,60.9105,60.9105,18.0207,1.03113
30,7,2.88285,28.1324,28.1324,2.77476,0.220643
30,24,3.73006e-7,0.0395889,0.0395889,3.44025e-7,0.477141
30,48,5.67566e-17,3.73026e-6,3.73026e-6,6.11007e-17,-0.0195638
30,72,1.01626e-26,3.51483e-10,3.51483e-10,1.08518e-26,-3.10388e-12
30,96,1.14868e-36,3.31184e-14,3.31184e-14,1.92734e-36,-3.50678e-21
30,97,74.1779,91.256,91.256,71.4534,0.215974
30,98,109.718,153.274,153.274,99.4916,0.582171
30,101,46.0469,152.276,152.276,45.0516,0.125122
30,103,7.61856,70.3309,70.3309,6.9369,0.55658
30,120,9.9015e-7,0.0989722,0.0989722,8.60062e-7,0.856706
30,144,1.44986e-16,9.32564e-6,9.32564e-6,1.52752e-16,-0.0349738
30,168,2.35247e-26,8.78707e-10,8.78707e-10,2.71295e-26,-1.62347e-11
30,192,3.13597e-36,8.2796e-14,8.2796e-14,4.81835e-36,-7.57677e-21
30,193,126.09,182.512,182.512,142.907,-0.666525
30,194,229.11,306.548,306.548,198.983,0.85756
30,197,102.331,304.553,304.553,90.1033,0.768682
30,199,18.7311,140.662,140.662,13.8738,1.983
30,216,1.81904e-6,0.197944,0.197944,1.72012e-6,0.325703
30,240,2.59783e-16,1.86513e-5,1.86513e-5,3.05503e-16,-0.205906
30,264,3.19074e-26,1.75741e-9,1.75741e-9,5.4259e-26,-1.00663e-10
30,288,5.77722e-36,1.65592e-13,1.65592e-13,9.63669e-36,-1.73815e-20
30,289,357.966,365.024,365.024,285.813,1.42986
30,290,477.663,613.096,613.096,397.966,1.13427
30,293,202.75,609.105,609.105,180.207,0.708563
30,295,30.8832,281.324,281.324,27.7476,0.640067
30,312,3.58168e-6,0.395889,0.395889,3.44025e-6,0.232848
30,336,4.73227e-16,3.73026e-5,3.73026e-5,6.11007e-16,-0.620506
30,360,1.01005e-25,3.51483e-9,3.51483e-9,1.08518e-25,-3.38378e-11
30,384,1.3064e-35,3.31184e-13,3.31184e-13,1.92734e-35,-2.79644e-20
30,385,374.749,365.024,365.024,285.813,1.76245
30,386,461.967,613.096,613.096,397.966,0.910881
30,389,247.645,609.105,609.105,180.207,2.11965
30,391,30.9524,281.324,281.324,27.7476,0.654177
30,408,3.27006e-6,0.395889,0.395889,3.44025e-6,-0.280203
30,432,5.19144e-16,3.73026e-5,3.73026e-5,6.11007e-16,-0.413711
30,456,9.73257e-26,3.51483e-9,3.51483e-9,1.08518e-25,-5.04057e-11
30,480,1.49838e-35,3.31184e-13,3.31184e-13,1.92734e-35,-1.93185e-20
30,481,319.864,365.024,365.024,285.813,0.674794
30,482,469.295,613.096,613.096,397.966,1.01518
30,485,180.734,609.105,609.105,180.207,0.0165711
30,487,30.9708,281.324,281.324,27.7476,0.657951
30,504,3.17583e-6,0.395889,0.395889,3.44025e-6,-0.435336
30,528,5.09827e-16,3.73026e-5,3.73026e-5,6.11007e-16,-0.455674
30,552,8.4966e-26,3.51483e-9,3.51483e-9,1.08518e-25,-1.06069e-10
30,576,1.20904e-35,3.31184e-13,3.31184e-13,1.92734e-35,-3.23494e-20
30,577,342.578,365.024,365.024,285.813,1.12492
30,578,397.123,613.096,613.096,397.966,-0.0119974
30,581,173.72,609.105,609.105,180.207,-0.203878
30,583,35.1133,281.324,281.324,27.7476,1.50353
30,600,3.286e-6,0.395889,0.395889,3.44025e-6,-0.253964
30,624,5.94655e-16,3.73026e-5,3.73026e-5,6.11007e-16,-0.0736404
30,648,7.92956e-26,3.51483e-9,3.51483e-9,1.08518e-25,-1.31606e-10