id,time,y2,popPred_medianCOV,popPred,indivPred_SAEM,indWRes_SAEM
1,0,0,0,0,0,0
1,1,22.6238,83.7406,83.7406,30.5665,-1.22056
1,2,29.2998,154.935,154.935,43.6396,-1.54346
1,5,33.9089,188.225,188.225,45.2034,-1.17363
1,7,23.7246,151.825,151.825,34.9619,-1.50973
1,24,1.22944,8.91028,8.91028,1.85469,-1.5835
1,48,0.0174538,0.127315,0.127315,0.026837,-1.6423
1,72,0.000246197,0.00180256,0.00180256,0.000389052,-1.72473
1,96,4.25178e-6,2.65927e-5,2.65927e-5,5.58557e-6,-1.12164
1,97,3.47324,12.3244,12.3244,4.05243,-0.671334
1,98,11.0937,39.8762,39.8762,12.4655,-0.516886
1,101,39.2949,130.516,130.516,36.0913,0.416938
1,103,33.2433,131.635,131.635,32.9699,0.0389495
1,120,1.88017,10.2223,10.2223,1.96139,-0.194509
1,144,0.0301437,0.151008,0.151008,0.0287433,0.228838
1,168,0.000354512,0.00220203,0.00220203,0.000420606,-0.738109
1,192,9.80204e-6,3.20072e-5,3.20072e-5,6.05505e-6,2.90668
1,193,6.60686,15.6254,15.6254,5.66926,0.776828
1,194,19.4512,50.5747,50.5747,17.4508,0.538427
1,197,46.9245,167.702,167.702,51.4353,-0.411929
1,199,49.2321,171.12,171.12,47.2869,0.193224
1,216,2.91685,13.5935,13.5935,2.84067,0.125961
1,240,0.0429486,0.198378,0.198378,0.0406039,0.271228
1,264,0.000610013,0.0028526,0.0028526,0.00057931,0.248942
1,288,8.97685e-6,4.10239e-5,4.10239e-5,8.30334e-6,0.380997
1,289,8.56708,22.6093,22.6093,8.84009,-0.145062
1,290,29.8107,73.0573,73.0573,27.182,0.454238
1,293,81.0102,242.826,242.826,80.3221,0.0402363
1,295,76.4194,248.976,248.976,74.2968,0.134189
1,312,4.47711,20.1511,20.1511,4.47284,0.00448557
1,336,0.0609191,0.295471,0.295471,0.0640419,-0.229045
1,360,0.000991228,0.00425454,0.00425454,0.000915348,0.389382
1,384,1.75588e-5,6.1038e-5,6.1038e-5,1.3162e-5,1.56906
1,385,10.1591,18.0425,18.0425,7.58928,1.59048
1,386,26.1531,58.3672,58.3672,23.3637,0.560808
1,389,78.312,196.184,196.184,69.1456,0.622684
1,391,78.9994,202.909,202.909,64.4538,1.06003
1,408,4.86815,16.7004,16.7004,3.91257,1.14719
1,432,0.0546544,0.242338,0.242338,0.0565228,-0.155266
1,456,0.000701157,0.00347382,0.00347382,0.000818223,-0.672034
1,480,1.52692e-5,4.98281e-5,4.98281e-5,1.17615e-5,1.40085
1,481,10.4277,16.1299,16.1299,7.0769,2.22403
1,482,27.5999,52.1975,52.1975,21.7935,1.25144
1,485,90.6887,176.002,176.002,64.7707,1.87956
1,487,76.0702,182.725,182.725,60.4635,1.21241
1,504,4.98269,15.2136,15.2136,3.67223,1.67619
1,528,0.0606868,0.223045,0.223045,0.0530831,0.672822
1,552,0.000887526,0.00321687,0.00321687,0.000768221,0.729467
1,576,1.28453e-5,4.62624e-5,4.62624e-5,1.10301e-5,0.773001
1,577,8.21095,15.0066,15.0066,6.78233,0.989399
1,578,27.0933,48.57,48.57,20.8895,1.39498
1,581,76.6277,164.5,164.5,62.191,1.09037
1,583,80.6387,170.833,170.833,58.1013,1.82201
1,600,5.24282,14.2523,14.2523,3.53721,2.2649
1,624,0.0626777,0.207569,0.207569,0.0511245,1.06147
1,648,0.000837308,0.0029757,0.0029757,0.000739281,0.622831
2,0,0,0,0,0,0
2,1,144.156,83.7406,83.7406,130.409,0.495125
2,2,397.819,154.935,154.935,376.266,0.269056
2,5,867.816,188.225,188.225,839.898,0.156132
2,7,732.511,151.825,151.825,675.588,0.395765
2,24,31.4451,8.91028,8.91028,29.588,0.294823
2,48,0.310147,0.127315,0.127315,0.326257,-0.231929
2,72,0.00353257,0.00180256,0.00180256,0.00359626,-0.0831754
2,96,4.18648e-5,2.65927e-5,2.65927e-5,3.96394e-5,0.263697
2,97,155.243,12.3244,12.3244,171.016,-0.433245
2,98,470.142,39.8762,39.8762,503.371,-0.31007
2,101,1532.79,130.516,130.516,1253.75,1.04542
2,103,840.328,131.635,131.635,1040.28,-0.902834
2,120,41.8459,10.2223,10.2223,46.735,-0.491378
2,144,0.57503,0.151008,0.151008,0.518333,0.513795
2,168,0.00635749,0.00220203,0.00220203,0.00575382,0.492809
3,0,0,0,0,0,0
3,1,98.4023,83.7406,83.7406,78.7938,1.16892
3,2,140.571,154.935,154.935,137.044,0.120882
3,5,163.43,188.225,188.225,169.274,-0.162151
3,7,157.729,151.825,151.825,143.376,0.470212
3,24,12.0181,8.91028,8.91028,11.812,0.0819507
3,48,0.297745,0.127315,0.127315,0.238989,1.15481
3,72,0.00410651,0.00180256,0.00180256,0.00466264,-0.560247
3,96,9.63895e-5,2.65927e-5,2.65927e-5,9.06226e-5,0.298913
3,97,9.66967,12.3244,12.3244,9.29121,0.191329
3,98,31.2569,39.8762,39.8762,31.0883,0.025462
3,101,100.15,130.516,130.516,112.96,-0.532669
3,103,127.122,131.635,131.635,124.094,0.114641
3,120,16.1592,10.2223,10.2223,15.8846,0.0812002
3,144,0.363546,0.151008,0.151008,0.338075,0.353891
3,168,0.00578154,0.00220203,0.00220203,0.00662703,-0.599271
3,192,0.000124993,3.20072e-5,3.20072e-5,0.000129154,-0.151327
3,193,12.9279,15.6254,15.6254,12.1417,0.304148
3,194,41.0316,50.5747,50.5747,40.6224,0.0473185
3,197,161.768,167.702,167.702,148.61,0.415907
3,199,135.631,171.12,171.12,165.319,-0.843515
3,216,24.2039,13.5935,13.5935,22.1222,0.442004
3,240,0.401117,0.198378,0.198378,0.475941,-0.738445
3,264,0.00998182,0.0028526,0.0028526,0.00931642,0.335482
3,288,0.000212298,4.10239e-5,4.10239e-5,0.000181088,0.809535
3,289,22.2772,22.6093,22.6093,18.2396,1.03978
3,290,54.71,73.0573,73.0573,60.8979,-0.477281
3,293,234.48,242.826,242.826,223.503,0.230694
3,295,229.269,248.976,248.976,249.85,-0.386928
3,312,39.5103,20.1511,20.1511,34.0917,0.746562
3,336,0.900599,0.295471,0.295471,0.735388,1.05525
3,360,0.0173295,0.00425454,0.00425454,0.0143999,0.955619
3,384,0.000223965,6.1038e-5,6.1038e-5,0.000279852,-0.938017
3,385,17.5507,18.0425,18.0425,15.1713,0.736678
3,386,57.1445,58.3672,58.3672,50.6917,0.597916
3,389,181.951,196.184,196.184,187.582,-0.14101
3,391,215.162,202.909,202.909,211.15,0.0892521
3,408,31.8013,16.7004,16.7004,29.6963,0.332944
3,432,0.70753,0.242338,0.242338,0.636599,0.523364
3,456,0.0150772,0.00347382,0.00347382,0.0124285,1.00101
3,480,0.000198246,4.98281e-5,4.98281e-5,0.000240369,-0.823153
3,481,15.2767,16.1299,16.1299,13.9036,0.463885
3,482,47.1099,52.1975,52.1975,46.466,0.0650822
3,485,178.997,176.002,176.002,172.049,0.189706
3,487,175.523,182.725,182.725,194.018,-0.447762
3,504,30.676,15.2136,15.2136,27.5767,0.527911
3,528,0.713318,0.223045,0.223045,0.592755,0.955376
3,552,0.0138501,0.00321687,0.00321687,0.0114733,0.973062
3,576,0.000172641,4.62624e-5,4.62624e-5,0.000220669,-1.02232
3,577,13.4617,15.0066,15.0066,13.1725,0.103137
3,578,42.219,48.57,48.57,44.0269,-0.192883
3,581,173.415,164.5,164.5,162.937,0.302053
3,583,205.935,170.833,170.833,184.321,0.550801
3,600,25.0667,14.2523,14.2523,26.2951,-0.219434
3,624,0.671516,0.207569,0.207569,0.567916,0.856852
3,648,0.011998,0.0029757,0.0029757,0.0110824,0.388036
4,0,0,0,0,0,0
4,1,6.99848,83.7406,83.7406,14.7977,-2.47565
4,2,8.99244,154.935,154.935,19.4633,-2.52696
4,5,11.3714,188.225,188.225,23.2973,-2.40447
4,7,12.7142,151.825,151.825,20.0285,-1.71538
4,24,0.790392,8.91028,8.91028,1.4818,-2.19169
4,48,0.0125556,0.127315,0.127315,0.0247621,-2.31544
4,72,0.00014914,0.00180256,0.00180256,0.000404416,-2.96493
4,96,1.40722e-5,2.65927e-5,2.65927e-5,6.28725e-6,5.81601
4,97,2.60584,12.3244,12.3244,2.86476,-0.424543
4,98,9.97761,39.8762,39.8762,9.3963,0.290595
4,101,30.0579,130.516,130.516,32.4523,-0.346575
4,103,37.8295,131.635,131.635,34.3065,0.482361
4,120,4.09103,10.2223,10.2223,3.32642,1.07968
4,144,0.0422143,0.151008,0.151008,0.0558091,-1.14419
4,168,0.000776916,0.00220203,0.00220203,0.000907218,-0.674639
4,192,1.95885e-5,3.20072e-5,3.20072e-5,1.37872e-5,1.97647
4,193,6.03269,15.6254,15.6254,4.73853,1.28285
4,194,15.0061,50.5747,50.5747,15.5457,-0.163027
4,197,57.058,167.702,167.702,54.9274,0.182204
4,199,68.4525,171.12,171.12,58.3373,0.814443
4,216,5.92862,13.5935,13.5935,5.80553,0.099587
4,240,0.0753599,0.198378,0.198378,0.0979257,-1.0824
4,264,0.00121319,0.0028526,0.0028526,0.00160081,-1.13737
4,288,1.5673e-5,4.10239e-5,4.10239e-5,2.60515e-5,-1.87126
4,289,10.2748,22.6093,22.6093,8.61559,0.904567
4,290,28.2449,73.0573,73.0573,28.2094,0.0059245
4,293,108.897,242.826,242.826,98.9182,0.473854
4,295,138.802,248.976,248.976,105.862,1.46159
4,312,10.0279,20.1511,20.1511,10.6506,-0.274653
4,336,0.17148,0.295471,0.295471,0.181469,-0.258552
4,360,0.00174403,0.00425454,0.00425454,0.00299853,-1.96516
4,384,3.4312e-5,6.1038e-5,6.1038e-5,4.93353e-5,-1.43034
4,385,9.16654,18.0425,18.0425,8.38329,0.438854
4,386,29.9154,58.3672,58.3672,27.4545,0.421021
4,389,96.6136,196.184,196.184,96.1487,0.0227117
4,391,114.399,202.909,202.909,103.141,0.512708
4,408,11.4735,16.7004,16.7004,10.3302,0.519875
4,432,0.158317,0.242338,0.242338,0.17351,-0.411303
4,456,0.00237692,0.00347382,0.00347382,0.00284713,-0.775742
4,480,3.49451e-5,4.98281e-5,4.98281e-5,4.66555e-5,-1.17897
4,481,10.4254,16.1299,16.1299,8.30313,1.20058
4,482,34.1183,52.1975,52.1975,27.1932,1.19619
4,485,83.301,176.002,176.002,95.2868,-0.590834
4,487,103.737,182.725,182.725,102.265,0.0676306
4,504,12.6997,15.2136,15.2136,10.3613,1.06005
4,528,0.167218,0.223045,0.223045,0.175309,-0.216778
4,552,0.0024574,0.00321687,0.00321687,0.00285896,-0.659739
4,576,3.72115e-5,4.62624e-5,4.62624e-5,4.63996e-5,-0.930128
4,577,9.88983,15.0066,15.0066,8.26201,0.925452
4,578,34.0182,48.57,48.57,27.0589,1.20804
4,581,136.909,164.5,164.5,94.8369,2.08378
4,583,118.025,170.833,170.833,101.799,0.748695
4,600,10.8766,14.2523,14.2523,10.3151,0.255717
4,624,0.157015,0.207569,0.207569,0.174085,-0.460567
4,648,0.00225288,0.0029757,0.0029757,0.00284302,-0.975004
5,0,0,0,0,0,0
5,1,103.867,83.7406,83.7406,88.0315,0.844971
5,2,258.031,154.935,154.935,261.951,-0.0702949
5,5,503.421,188.225,188.225,558.621,-0.464147
5,7,519.792,151.825,151.825,468.33,0.516135
5,24,19.1763,8.91028,8.91028,20.1418,-0.225153
5,48,0.143793,0.127315,0.127315,0.169794,-0.719293
5,72,0.00106441,0.00180256,0.00180256,0.00142242,-1.18224
5,96,2.01797e-5,2.65927e-5,2.65927e-5,1.18562e-5,3.29757
5,97,64.1632,12.3244,12.3244,60.2788,0.302684
5,98,211.918,39.8762,39.8762,191.611,0.497812
5,101,610.589,130.516,130.516,583.723,0.216187
5,103,656.988,131.635,131.635,552.27,0.890635
5,120,25.7426,10.2223,10.2223,28.006,-0.379612
5,144,0.233465,0.151008,0.151008,0.237261,-0.0751593
5,168,0.00205451,0.00220203,0.00220203,0.00198653,0.160733
5,192,1.55046e-5,3.20072e-5,3.20072e-5,1.64901e-5,-0.280733
5,193,62.9629,15.6254,15.6254,60.8272,0.164925
5,194,195.626,50.5747,50.5747,193.908,0.04163
5,197,557.776,167.702,167.702,609.923,-0.401599
5,199,642.28,171.12,171.12,591.324,0.404764
5,216,34.4371,13.5935,13.5935,31.4066,0.453236
5,240,0.256065,0.198378,0.198378,0.263432,-0.131344
5,264,0.0019602,0.0028526,0.0028526,0.00219268,-0.498022
5,288,2.27311e-5,4.10239e-5,4.10239e-5,1.81649e-5,1.18074
5,289,69.3529,22.6093,22.6093,79.0876,-0.578157
5,290,296.002,73.0573,73.0573,251.749,0.825664
5,293,996,242.826,242.826,794.096,1.19428
5,295,694.857,248.976,248.976,773.062,-0.475176
5,312,47.8803,20.1511,20.1511,41.7937,0.68407
5,336,0.389417,0.295471,0.295471,0.355077,0.454271
5,360,0.00304029,0.00425454,0.00425454,0.00297602,0.101437
5,384,2.14128e-5,6.1038e-5,6.1038e-5,2.4805e-5,-0.642352
5,385,60.6931,18.0425,18.0425,56.7625,0.325264
5,386,193.469,58.3672,58.3672,180.993,0.323765
5,389,580.858,196.184,196.184,583.959,-0.0249508
5,391,605.188,202.909,202.909,575.861,0.239212
5,408,34.4576,16.7004,16.7004,31.898,0.376911
5,432,0.293928,0.242338,0.242338,0.269572,0.424387
5,456,0.00179354,0.00347382,0.00347382,0.00224211,-0.939743
5,480,1.68277e-5,4.98281e-5,4.98281e-5,1.87303e-5,-0.477124
5,481,54.972,16.1299,16.1299,47.4683,0.742519
5,482,146.186,52.1975,52.1975,151.436,-0.162841
5,485,535.344,176.002,176.002,487.868,0.4571
5,487,443.917,182.725,182.725,483.93,-0.388378
5,504,28.5811,15.2136,15.2136,27.3381,0.21356
5,528,0.202216,0.223045,0.223045,0.232742,-0.616068
5,552,0.0017302,0.00321687,0.00321687,0.00195026,-0.530003
5,576,1.49326e-5,4.62624e-5,4.62624e-5,1.62577e-5,-0.382832
5,577,36.3903,15.0066,15.0066,41.9836,-0.625778
5,578,123.002,48.57,48.57,133.973,-0.384623
5,581,441.588,164.5,164.5,432.653,0.0970018
5,583,514.605,170.833,170.833,430.698,0.915077
5,600,25.4019,14.2523,14.2523,24.3652,0.199869
5,624,0.217294,0.207569,0.207569,0.205966,0.258359
5,648,0.00132798,0.0029757,0.0029757,0.00171421,-1.05832
6,0,0,0,0,0,0
6,1,38.768,83.7406,83.7406,35.9633,0.366324
6,2,45.7557,154.935,154.935,50.1558,-0.412076
6,5,58.9381,188.225,188.225,59.2569,-0.0252701
6,7,45.2879,151.825,151.825,51.5173,-0.567964
6,24,5.80503,8.91028,8.91028,5.14159,0.606086
6,48,0.123726,0.127315,0.127315,0.134573,-0.378575
6,72,0.00345623,0.00180256,0.00180256,0.00342824,0.0383462
6,96,8.42098e-5,2.65927e-5,2.65927e-5,8.73674e-5,-0.169761
6,97,4.90428,12.3244,12.3244,4.40308,0.534676
6,98,14.2406,39.8762,39.8762,14.7497,-0.162131
6,101,46.9659,130.516,130.516,54.1552,-0.62356
6,103,62.1738,131.635,131.635,60.2901,0.146754
6,120,9.31101,10.2223,10.2223,8.82057,0.261167
6,144,0.261747,0.151008,0.151008,0.237658,0.476101
6,168,0.00604931,0.00220203,0.00220203,0.00604233,0.00543102
6,192,0.00014108,3.20072e-5,3.20072e-5,0.000153287,-0.374061
6,193,6.77487,15.6254,15.6254,6.68231,0.0650653
6,194,24.6447,50.5747,50.5747,22.382,0.474857
6,197,83.8976,167.702,167.702,83.0077,0.0503567
6,199,108.165,171.12,171.12,93.379,0.743789
6,216,16.3414,13.5935,13.5935,14.1154,0.740738
6,240,0.414885,0.198378,0.198378,0.378608,0.450064
6,264,0.0114967,0.0028526,0.0028526,0.00947682,1.00112
6,288,0.000252216,4.10239e-5,4.10239e-5,0.000236739,0.30707
6,289,13.5718,22.6093,22.6093,11.4386,0.875986
6,290,31.3181,73.0573,73.0573,38.2341,-0.849648
6,293,148.021,242.826,242.826,142.101,0.195702
6,295,146.916,248.976,248.976,160.496,-0.397431
6,312,26.1126,20.1511,20.1511,24.6807,0.2725
6,336,0.714837,0.295471,0.295471,0.669099,0.321083
6,360,0.0201452,0.00425454,0.00425454,0.0170248,0.860906
6,384,0.00043765,6.1038e-5,6.1038e-5,0.000432368,0.0573826
6,385,13.0073,18.0425,18.0425,10.6853,1.02073
6,386,34.032,58.3672,58.3672,35.7284,-0.223026
6,389,166.357,196.184,196.184,132.814,1.1863
6,391,162.286,202.909,202.909,150.464,0.369056
6,408,25.0319,16.7004,16.7004,23.3373,0.34108
6,432,0.629377,0.242338,0.242338,0.633793,-0.0327226
6,456,0.0146849,0.00347382,0.00347382,0.0161681,-0.430893
6,480,0.000442155,4.98281e-5,4.98281e-5,0.00041069,0.359865
6,481,10.046,16.1299,16.1299,10.403,-0.161173
6,482,36.1277,52.1975,52.1975,34.7873,0.180979
6,485,132.401,176.002,176.002,129.402,0.10884
6,487,192.429,182.725,182.725,146.737,1.46262
6,504,25.4995,15.2136,15.2136,22.8488,0.54491
6,528,0.583179,0.223045,0.223045,0.61429,-0.237892
6,552,0.0152101,0.00321687,0.00321687,0.0155565,-0.104584
6,576,0.000455311,4.62624e-5,4.62624e-5,0.000392586,0.750483
6,577,10.612,15.0066,15.0066,10.2512,0.165356
6,578,37.6658,48.57,48.57,34.2807,0.463814
6,581,130.298,164.5,164.5,127.561,0.100813
6,583,133.077,170.833,170.833,144.7,-0.377299
6,600,22.0696,14.2523,14.2523,22.5594,-0.101978
6,624,0.623027,0.207569,0.207569,0.606853,0.125192
6,648,0.0154065,0.0029757,0.0029757,0.0153676,0.0118866
7,0,0,0,0,0,0
7,1,34.6539,83.7406,83.7406,35.9668,-0.171463
7,2,42.5549,154.935,154.935,49.4546,-0.655324
7,5,57.1952,188.225,188.225,57.0217,0.0142932
7,7,48.1733,151.825,151.825,48.6388,-0.0449583
7,24,3.97157,8.91028,8.91028,3.75229,0.274494
7,48,0.0574619,0.127315,0.127315,0.0588381,-0.109856
7,72,0.000824746,0.00180256,0.00180256,0.000848755,-0.132873
7,96,1.21525e-5,2.65927e-5,2.65927e-5,1.19198e-5,0.0916902
7,97,4.16891,12.3244,12.3244,4.687,-0.519215
7,98,15.3592,39.8762,39.8762,15.6818,-0.0966189
7,101,54.7314,130.516,130.516,56.9341,-0.181726
7,103,67.0152,131.635,131.635,62.7729,0.31744
7,120,8.47173,10.2223,10.2223,7.59041,0.545382
7,144,0.129606,0.151008,0.151008,0.126603,0.111447
7,168,0.00219004,0.00220203,0.00220203,0.00182866,0.928258
7,192,2.78768e-5,3.20072e-5,3.20072e-5,2.56633e-5,0.405146
7,193,7.21766,15.6254,15.6254,6.98862,0.15394
7,194,24.0279,50.5747,50.5747,23.3867,0.128775
7,197,99.2882,167.702,167.702,85.9953,0.726067
7,199,106.973,171.12,171.12,96.1404,0.529245
7,216,12.1344,13.5935,13.5935,12.2393,-0.0402586
7,240,0.21138,0.198378,0.198378,0.207588,0.08581
7,264,0.00329591,0.0028526,0.0028526,0.00302437,0.421722
7,288,4.31797e-5,4.10239e-5,4.10239e-5,4.31358e-5,0.00478135
7,289,16.0854,27.8931,27.8931,14.7334,0.431033
7,290,43.241,89.9915,89.9915,49.1328,-0.563264
7,293,197.209,296.688,296.688,180.536,0.433788
7,295,198.838,303.668,303.668,202.635,-0.088
7,312,27.8311,24.4004,24.4004,26.4309,0.248845
7,336,0.441227,0.361106,0.361106,0.451722,-0.109128
7,360,0.00665625,0.00526408,0.00526408,0.00656264,0.0669962
7,384,8.29891e-5,7.64859e-5,7.64859e-5,9.3064e-5,-0.508505
7,385,16.0648,21.5093,21.5093,13.6582,0.827645
7,386,48.3602,69.5034,69.5034,45.5709,0.287507
7,389,175.605,234.554,234.554,168.922,0.185831
7,391,224.738,242.144,242.144,190.194,0.853118
7,408,25.9646,19.7779,19.7779,25.0669,0.168205
7,432,0.421898,0.288754,0.288754,0.427487,-0.0614089
7,456,0.00615557,0.00414973,0.00414973,0.00624824,-0.069663
7,480,9.12102e-5,5.96125e-5,5.96125e-5,8.83193e-5,0.153746
7,481,15.6178,19.1336,19.1336,13.3076,0.815406
7,482,49.4521,61.8507,61.8507,44.4054,0.53383
7,485,168.585,207.869,207.869,164.609,0.113448
7,487,192.873,215.932,215.932,185.576,0.184689
7,504,27.1811,17.9517,17.9517,24.5784,0.497396
7,528,0.433937,0.259583,0.259583,0.417508,0.184835
7,552,0.00708326,0.00366501,0.00366501,0.00604545,0.806344
7,576,9.36712e-5,5.20095e-5,5.20095e-5,8.53456e-5,0.458212
7,577,16.0916,17.7977,17.7977,13.1291,1.05986
7,578,46.3505,57.5421,57.5421,43.8113,0.272232
7,581,149.78,194.165,194.165,162.394,-0.364876
7,583,163.246,201.677,201.677,183.172,-0.510966
7,600,25.2355,16.9389,16.9389,24.3115,0.178523
7,624,0.350326,0.248382,0.248382,0.413149,-0.714238
7,648,0.00658322,0.00358276,0.00358276,0.00598278,0.471415
8,0,0,0,0,0,0
8,1,60.6735,83.7406,83.7406,60.2659,0.0317676
8,2,105.825,154.935,154.935,93.7803,0.603298
8,5,107.541,188.225,188.225,100.594,0.324413
8,7,65.8159,151.825,151.825,77.9852,-0.732966
8,24,3.92183,8.91028,8.91028,3.87815,0.0529018
8,48,0.0436442,0.127315,0.127315,0.0504356,-0.632492
8,72,0.000539161,0.00180256,0.00180256,0.000650548,-0.804249
8,96,6.73458e-6,2.65927e-5,2.65927e-5,8.4074e-6,-0.934588
8,97,6.68495,12.3244,12.3244,8.26006,-0.895697
8,98,32.2592,39.8762,39.8762,25.6615,1.20766
8,101,68.75,130.516,130.516,75.2845,-0.4077
8,103,82.0288,131.635,131.635,69.8295,0.820593
8,120,3.64892,10.2223,10.2223,4.0239,-0.437724
8,144,0.0442544,0.151008,0.151008,0.0529871,-0.774122
8,168,0.000572025,0.00220203,0.00220203,0.000696512,-0.839515
8,192,8.97078e-6,3.20072e-5,3.20072e-5,9.07216e-6,-0.0524903
8,193,10.1628,15.6254,15.6254,11.0631,-0.382266
8,194,32.7527,50.5747,50.5747,34.3925,-0.223961
8,197,123.923,167.702,167.702,104.384,0.879252
8,199,96.648,171.12,171.12,96.9516,-0.0147087
8,216,5.10278,13.5935,13.5935,5.62877,-0.438928
8,240,0.0654477,0.198378,0.198378,0.0725444,-0.459502
8,264,0.000876009,0.0028526,0.0028526,0.000939739,-0.318544
8,288,2.51851e-5,4.10239e-5,4.10239e-5,1.22801e-5,4.9362
8,289,23.1593,27.8931,27.8931,20.4474,0.622976
8,290,61.5275,89.9915,89.9915,63.3985,-0.138622
8,293,187.056,296.688,296.688,188.975,-0.0477116
8,295,189.975,303.668,303.668,177.179,0.339218
8,312,10.0118,24.4004,24.4004,10.397,-0.174043
8,336,0.130864,0.361106,0.361106,0.137357,-0.222016
8,360,0.00155672,0.00526408,0.00526408,0.00180984,-0.656926
8,384,2.29924e-5,7.64859e-5,7.64859e-5,2.37786e-5,-0.155287
8,385,17.4344,21.5093,21.5093,16.4392,0.284366
8,386,52.9851,69.5034,69.5034,51.0621,0.176895
8,389,160.954,234.554,234.554,155.343,0.169657
8,391,152.174,242.144,242.144,146.697,0.175374
8,408,7.20801,19.7779,19.7779,8.68931,-0.80074
8,432,0.115904,0.288754,0.288754,0.11202,0.162836
8,456,0.00145006,0.00414973,0.00414973,0.0014417,0.0272474
8,480,1.62798e-5,5.96125e-5,5.96125e-5,1.86242e-5,-0.591253
8,481,17.1013,19.1336,19.1336,14.9546,0.674287
8,482,52.4874,61.8507,61.8507,46.4716,0.608049
8,485,139.047,207.869,207.869,141.376,-0.0774028
8,487,144.403,215.932,215.932,134.21,0.356745
8,504,8.55305,17.9517,17.9517,7.94857,0.357211
8,528,0.0982636,0.259583,0.259583,0.103016,-0.216692
8,552,0.00121237,0.00366501,0.00366501,0.00133388,-0.427868
8,576,2.14797e-5,5.20095e-5,5.20095e-5,1.73738e-5,1.11006
8,577,15.8523,17.7977,17.7977,14.1264,0.573878
8,578,49.0725,57.5421,57.5421,43.9066,0.552646
8,581,113.118,194.165,194.165,133.563,-0.718995
8,583,135.304,201.677,201.677,126.862,0.312573
8,600,9.15742,16.9389,16.9389,7.53834,1.00884
8,624,0.101324,0.248382,0.248382,0.0964216,0.238818
8,648,0.00105401,0.00358276,0.00358276,0.00122979,-0.671401
9,0,0,0,0,0,0
9,1,30.7185,83.7406,83.7406,49.6339,-1.79007
9,2,33.8797,154.935,154.935,78.7207,-2.67559
9,5,48.6638,188.225,188.225,95.5395,-2.30461
9,7,47.6558,151.825,151.825,82.3692,-1.97955
9,24,5.77956,8.91028,8.91028,7.74059,-1.18999
9,48,0.132166,0.127315,0.127315,0.165341,-0.942447
9,72,0.00218461,0.00180256,0.00180256,0.00306897,-1.35354
9,96,3.77452e-5,2.65927e-5,2.65927e-5,5.397e-5,-1.41208
9,97,4.24372,12.3244,12.3244,5.30857,-0.942204
9,98,12.9017,39.8762,39.8762,18.0902,-1.34719
9,101,63.9575,130.516,130.516,69.2339,-0.357973
9,103,67.7113,131.635,131.635,79.8997,-0.71653
9,120,14.8465,10.2223,10.2223,13.822,0.348184
9,144,0.36275,0.151008,0.151008,0.343761,0.259452
9,168,0.00627196,0.00220203,0.00220203,0.00667646,-0.284579
9,192,0.000124392,3.20072e-5,3.20072e-5,0.000118956,0.21466
9,193,8.37963,15.6254,15.6254,7.12054,0.830576
9,194,27.0285,50.5747,50.5747,24.261,0.535814
9,197,89.9763,167.702,167.702,94.1131,-0.206465
9,199,138.776,171.12,171.12,110.049,1.22615
9,216,23.5274,13.5935,13.5935,20.3368,0.736926
9,240,0.591693,0.198378,0.198378,0.517437,0.674074
9,264,0.0121257,0.0028526,0.0028526,0.0099954,1.00111
9,288,0.000168425,4.10239e-5,4.10239e-5,0.000178845,-0.27367
9,289,17.2856,27.8931,27.8931,13.8115,1.18149
9,290,47.2128,89.9915,89.9915,46.8807,0.0332688
9,293,192.664,296.688,296.688,180.792,0.308435
9,295,253.244,303.668,303.668,212.207,0.908342
9,312,58.6827,24.4004,24.4004,40.3461,2.13478
9,336,1.43767,0.361106,0.361106,1.04059,1.79241
9,360,0.0276428,0.00526408,0.00526408,0.0203445,1.68505
9,384,0.00048344,7.64859e-5,7.64859e-5,0.000362826,1.56146
9,385,14.7746,21.5093,21.5093,11.8508,1.1589
9,386,50.3363,69.5034,69.5034,40.2523,1.17672
9,389,248.969,234.554,234.554,156.767,2.76261
9,391,198.988,242.144,242.144,185.312,0.346634
9,408,49.2694,19.7779,19.7779,36.6022,1.62557
9,432,1.2932,0.288754,0.288754,0.954767,1.66499
9,456,0.0194753,0.00414973,0.00414973,0.018788,0.171812
9,480,0.00043427,5.96125e-5,5.96125e-5,0.000336619,1.36262
9,481,16.075,19.1336,19.1336,11.1595,2.06897
9,482,46.6065,61.8507,61.8507,37.9099,1.07753
9,485,206.376,207.869,207.869,147.688,1.86654
9,487,275.968,215.932,215.932,174.978,2.711
9,504,42.0276,17.9517,17.9517,34.9586,0.949809
9,528,1.32082,0.259583,0.259583,0.921823,2.03309
9,552,0.0283588,0.00366501,0.00366501,0.0182291,2.61014
9,576,0.000467707,5.20095e-5,5.20095e-5,0.00032863,1.98784
9,577,16.2168,17.7977,17.7977,10.7887,2.36327
9,578,48.1138,57.5421,57.5421,36.6524,1.46881
9,581,197.569,194.165,194.165,142.779,1.80245
9,583,248.72,201.677,201.677,169.204,2.2074
9,600,50.5265,16.9389,16.9389,33.9205,2.29951
9,624,1.4119,0.248382,0.248382,0.893672,2.72382
9,648,0.0260268,0.00358276,0.00358276,0.017757,2.18753
10,0,0,0,0,0,0
10,1,189.04,83.7406,83.7406,134.752,1.89234
10,2,359.454,154.935,154.935,300.795,0.916002
10,5,419.912,188.225,188.225,430.417,-0.114642
10,7,430.647,151.825,151.825,368.118,0.797859
10,24,33.7398,8.91028,8.91028,29.5966,0.65754
10,48,0.640925,0.127315,0.127315,0.562972,0.650395
10,72,0.00976724,0.00180256,0.00180256,0.0101446,-0.174735
10,96,0.000174554,2.65927e-5,2.65927e-5,0.000181236,-0.173176
10,97,21.2431,12.3244,12.3244,22.3208,-0.2268
10,98,67.8479,39.8762,39.8762,74.9312,-0.444022
10,101,267.643,130.516,130.516,272.735,-0.0876837
10,103,293.366,131.635,131.635,301.194,-0.122084
10,120,40.6924,10.2223,10.2223,38.9634,0.20844
10,144,0.736655,0.151008,0.151008,0.789556,-0.31471
10,168,0.0157758,0.00220203,0.00220203,0.0142533,0.501736
10,192,0.000288534,3.20072e-5,3.20072e-5,0.000253551,0.648063
10,193,32.1743,15.6254,15.6254,26.9924,0.901742
10,194,98.5469,50.5747,50.5747,90.6127,0.411288
10,197,324.905,167.702,167.702,333.806,-0.125253
10,199,371.567,171.12,171.12,373.404,-0.0231111
10,216,53.8968,13.5935,13.5935,50.6718,0.298945
10,240,1.06551,0.198378,0.198378,1.03243,0.150485
10,264,0.0167817,0.0028526,0.0028526,0.0184849,-0.432775
10,288,0.000292698,4.10239e-5,4.10239e-5,0.000325456,-0.472777
10,289,47.9288,33.1053,33.1053,55.6989,-0.655254
10,290,205.422,106.645,106.645,185.99,0.490748
10,293,552.528,352.5,352.5,678.713,-0.873281
10,295,795.833,358.994,358.994,758.38,0.231971
10,312,108,28.6493,28.6493,103.255,0.215857
10,336,2.01722,0.419023,0.419023,2.11773,-0.222915
10,360,0.0321202,0.00604094,0.00604094,0.0382397,-0.751677
10,384,0.000676706,8.69864e-5,8.69864e-5,0.000679668,-0.0204715
10,385,48.3627,24.7537,24.7537,40.3532,0.932307
10,386,142.401,79.8992,79.8992,134.951,0.2593
10,389,410.74,267.803,267.803,501.986,-0.853794
10,391,514.059,277.145,277.145,568.545,-0.450143
10,408,79.5408,22.88,22.88,82.1798,-0.150835
10,432,2.14421,0.335093,0.335093,1.69433,1.2472
10,456,0.0319386,0.00486371,0.00486371,0.0304782,0.225076
10,480,0.000621503,6.9242e-5,6.9242e-5,0.000537617,0.732913
10,481,35.8989,21.9776,21.9776,35.2165,0.0910161
10,482,117.876,70.9688,70.9688,117.812,0.00257272
10,485,464.331,240.736,240.736,438.932,0.271802
10,487,480.196,249.319,249.319,499.208,-0.178881
10,504,86.9347,20.7575,20.7575,73.4653,0.861188
10,528,1.83959,0.306453,0.306453,1.53163,0.944425
10,552,0.0280292,0.00441071,0.00441071,0.0277363,0.0496064
10,576,0.00052454,6.31949e-5,6.31949e-5,0.000493586,0.294568
10,577,33.0754,20.4501,20.4501,32.3916,0.0991602
10,578,115.74,66.0481,66.0481,108.376,0.319157
10,581,362.965,223.465,223.465,403.75,-0.474488
10,583,513.186,232.005,232.005,459.786,0.545536
10,600,67.9316,19.2555,19.2555,68.2095,-0.0191375
10,624,1.51425,0.281263,0.281263,1.42539,0.292793
10,648,0.0322498,0.00404294,0.00404294,0.0258239,1.16882
11,0,0,0,0,0,0
11,1,13.2492,83.7406,83.7406,28.8754,-2.5419
11,2,18.4051,154.935,154.935,63.55,-3.33677
11,5,22.5043,188.225,188.225,87.1479,-3.48418
11,7,16.5273,151.825,151.825,70.4606,-3.59537
11,24,1.10127,8.91028,8.91028,3.52888,-3.23128
11,48,0.0120993,0.127315,0.127315,0.0358681,-3.11267
11,72,9.6606e-5,0.00180256,0.00180256,0.000356438,-3.42406
11,96,5.60206e-6,2.65927e-5,2.65927e-5,3.62395e-6,2.56389
11,97,3.39757,12.3244,12.3244,5.69756,-1.89614
11,98,13.0302,39.8762,39.8762,18.5833,-1.40362
11,101,46.7795,130.516,130.516,61.6817,-1.13482
11,103,38.2611,131.635,131.635,62.804,-1.83557
11,120,3.07263,10.2223,10.2223,4.50504,-1.49349
11,144,0.0333225,0.151008,0.151008,0.0474812,-1.40066
11,168,0.0002849,0.00220203,0.00220203,0.000474742,-1.87832
11,192,3.6155e-6,3.20072e-5,3.20072e-5,4.65603e-6,-1.04972
11,193,6.5015,15.6254,15.6254,6.76396,-0.18226
11,194,21.6422,50.5747,50.5747,22.0757,-0.0922565
11,197,68.2031,167.702,167.702,74.8237,-0.415615
11,199,81.3821,171.12,171.12,77.2111,0.253741
11,216,5.7384,13.5935,13.5935,5.77831,-0.0324372
11,240,0.0582364,0.198378,0.198378,0.061683,-0.262457
11,264,0.000467189,0.0028526,0.0028526,0.000624016,-1.18048
11,288,6.77451e-6,4.10239e-5,4.10239e-5,6.12839e-6,0.495217
11,289,19.4946,33.1053,33.1053,13.7566,1.95919
11,290,52.452,106.645,106.645,44.669,0.818422
11,293,177.546,352.5,352.5,149.489,0.881587
11,295,225.27,358.994,358.994,154.208,2.16453
11,312,14.2836,28.6493,28.6493,11.5558,1.1088
11,336,0.148005,0.419023,0.419023,0.122394,0.982864
11,360,0.00132246,0.00604094,0.00604094,0.00122944,0.355402
11,384,1.49409e-5,8.69864e-5,8.69864e-5,1.22082e-5,1.05141
11,385,17.3673,24.7537,24.7537,9.75667,3.66397
11,386,43.274,79.8992,79.8992,31.749,1.70509
11,389,237.98,267.803,267.803,108.124,5.64117
11,391,188.675,277.145,277.145,113.666,3.09965
11,408,16.331,22.88,22.88,9.00916,3.8174
11,432,0.158569,0.335093,0.335093,0.0967371,3.00231
11,456,0.00165237,0.00486371,0.00486371,0.000978418,3.23548
11,480,1.84208e-5,6.9242e-5,6.9242e-5,9.75961e-6,4.16849
11,481,15.6114,21.9776,21.9776,8.42175,4.00993
11,482,51.4437,70.9688,70.9688,27.4178,4.11605
11,485,184.695,240.736,240.736,94.1642,4.51588
11,487,202.346,249.319,249.319,99.3038,4.87398
11,504,16.967,20.7575,20.7575,7.98999,5.27737
11,528,0.174057,0.306453,0.306453,0.085279,4.88984
11,552,0.00158334,0.00441071,0.00441071,0.00085535,3.99771
11,576,1.60947e-5,6.31949e-5,6.31949e-5,8.49075e-6,4.20654
11,577,15.1819,20.4501,20.4501,7.68136,4.58654
11,578,52.2428,66.0481,66.0481,25.0125,5.11359
11,581,137.615,223.465,223.465,86.031,2.81637
11,583,181.457,232.005,232.005,90.9102,4.67838
11,600,16.0061,19.2555,19.2555,7.36118,5.5163
11,624,0.154078,0.281263,0.281263,0.0794356,4.4137
11,648,0.00124322,0.00404294,0.00404294,0.000802158,2.58271
12,0,0,0,0,0,0
12,1,65.7208,83.7406,83.7406,60.3164,0.420867
12,2,92.05,154.935,154.935,93.2594,-0.0609093
12,5,105.897,188.225,188.225,105.533,0.0162026
12,7,85.3844,151.825,151.825,85.7435,-0.019668
12,24,5.8711,8.91028,8.91028,6.43733,-0.413163
12,48,0.147546,0.127315,0.127315,0.145947,0.0514594
12,72,0.00311353,0.00180256,0.00180256,0.00330053,-0.266135
12,96,9.97083e-5,2.65927e-5,2.65927e-5,7.50014e-5,1.54733
12,97,8.496,12.3244,12.3244,7.2383,0.816159
12,98,24.9387,39.8762,39.8762,23.0634,0.381938
12,101,77.8247,130.516,130.516,73.846,0.253073
12,103,76.5603,131.635,131.635,72.9788,0.230514
12,120,6.73801,10.2223,10.2223,6.54562,0.13806
12,144,0.160277,0.151008,0.151008,0.149682,0.332481
12,168,0.00336776,0.00220203,0.00220203,0.00342059,-0.0725417
12,192,6.71674e-5,3.20072e-5,3.20072e-5,7.81562e-5,-0.660417
12,193,9.36839,15.6254,15.6254,10.0631,-0.324276
12,194,34.3217,50.5747,50.5747,32.068,0.330112
12,197,104.91,167.702,167.702,103.1,0.0824575
12,199,120.05,171.12,171.12,102.828,0.786672
12,216,8.90947,13.5935,13.5935,9.39482,-0.242658
12,240,0.209408,0.198378,0.198378,0.215962,-0.142556
12,264,0.00513735,0.0028526,0.0028526,0.00495886,0.169067
12,288,0.000136078,4.10239e-5,4.10239e-5,0.000113785,0.920269
12,289,23.5782,33.1053,33.1053,22.7393,0.173284
12,290,76.6234,106.645,106.645,72.1617,0.290417
12,293,241.221,352.5,352.5,230.189,0.225131
12,295,220.27,358.994,358.994,230.007,-0.19885
12,312,22.6921,28.6493,28.6493,21.0223,0.373088
12,336,0.475469,0.419023,0.419023,0.480238,-0.0466501
12,360,0.0102999,0.00604094,0.00604094,0.0109439,-0.276417
12,384,0.00024702,8.69864e-5,8.69864e-5,0.000249762,-0.0515554
12,385,20.5519,24.7537,24.7537,18.449,0.535388
12,386,59.3592,79.8992,79.8992,58.6423,0.0574209
12,389,177.489,267.803,267.803,189.769,-0.303951
12,391,196.151,277.145,277.145,191.571,0.112279
12,408,18.7512,22.88,22.88,17.8101,0.248199
12,432,0.514828,0.335093,0.335093,0.405744,1.26283
12,456,0.00798103,0.00486371,0.00486371,0.00920956,-0.626587
12,480,0.000255174,6.9242e-5,6.9242e-5,0.000209749,1.01726
12,481,15.7576,21.9776,21.9776,17.0348,-0.35218
12,482,51.7381,70.9688,70.9688,54.165,-0.210454
12,485,156.489,240.736,240.736,175.828,-0.516648
12,487,190.784,249.319,249.319,177.923,0.339522
12,504,17.192,20.7575,20.7575,16.613,0.16371
12,528,0.395942,0.306453,0.306453,0.378506,0.216372
12,552,0.00941012,0.00441071,0.00441071,0.00859165,0.447469
12,576,0.000167499,6.31949e-5,6.31949e-5,0.000195683,-0.676515
12,577,17.1469,20.4501,20.4501,16.2764,0.2512
12,578,60.2876,66.0481,66.0481,51.7605,0.773812
12,581,162.28,223.465,223.465,168.317,-0.168465
12,583,187.626,232.005,232.005,170.522,0.471148
12,600,17.8245,19.2555,19.2555,15.9583,0.549297
12,624,0.351592,0.281263,0.281263,0.36829,-0.212969
12,648,0.00818775,0.00404294,0.00404294,0.00843219,-0.136163
13,0,0,0,0,0,0
13,1,94.0001,83.7406,83.7406,81.803,0.70036
13,2,232.193,154.935,154.935,213.75,0.405281
13,5,399.206,188.225,188.225,348.65,0.681103
13,7,362.26,151.825,151.825,294.239,1.08587
13,24,19.228,8.91028,8.91028,17.5379,0.452666
13,48,0.221839,0.127315,0.127315,0.203492,0.423496
13,72,0.00245685,0.00180256,0.00180256,0.00219527,0.559697
13,96,2.74158e-5,2.65927e-5,2.65927e-5,2.34905e-5,0.784892
13,97,23.7473,12.3244,12.3244,21.943,0.386223
13,98,74.8587,39.8762,39.8762,72.7826,0.133984
13,101,290.406,130.516,130.516,253.034,0.693748
13,103,212.733,131.635,131.635,267.879,-0.966954
13,120,27.2723,10.2223,10.2223,24.5781,0.514887
13,144,0.297684,0.151008,0.151008,0.303427,-0.0888949
13,168,0.00347816,0.00220203,0.00220203,0.00324572,0.336379
13,192,4.65818e-5,3.20072e-5,3.20072e-5,3.42096e-5,1.69875
13,193,24.7456,15.6254,15.6254,24.6278,0.0224748
13,194,85.5284,50.5747,50.5747,81.7419,0.217585
13,197,323.183,167.702,167.702,290.868,0.521831
13,199,286.411,171.12,171.12,313.204,-0.401813
13,216,28.4053,13.5935,13.5935,30.6031,-0.337327
13,240,0.452412,0.198378,0.198378,0.388225,0.7766
13,264,0.0038915,0.0028526,0.0028526,0.00426327,-0.409609
13,288,4.75931e-5,4.10239e-5,4.10239e-5,4.56826e-5,0.196433
13,289,64.6535,48.4014,48.4014,71.2029,-0.432053
13,290,245.237,155.228,155.228,233.916,0.227328
13,293,781.975,501.381,501.381,807.071,-0.146057
13,295,882.842,508.489,508.489,859.494,0.127593
13,312,88.1475,40.238,40.238,81.3948,0.389683
13,336,0.920988,0.581278,0.581278,1.01878,-0.450882
13,360,0.010648,0.00833291,0.00833291,0.0111113,-0.195822
13,384,0.000101691,0.000119404,0.000119404,0.000118272,-0.65849
13,385,53.4836,33.7354,33.7354,44.0594,1.0047
13,386,178.564,108.547,108.547,145.212,1.07884
13,389,459.04,363.716,363.716,521.487,-0.562477
13,391,551.104,376.284,376.284,569.154,-0.148967
13,408,60.322,31.1737,31.1737,59.9001,0.0330859
13,432,0.90621,0.461801,0.461801,0.764789,0.868571
13,456,0.00963371,0.00673262,0.00673262,0.00837769,0.704218
13,480,6.86878e-5,9.78051e-5,9.78051e-5,8.91589e-5,-1.07847
13,481,40.1077,29.9163,29.9163,37.0008,0.394421
13,482,126.045,96.3049,96.3049,122.01,0.155345
13,485,369.704,323.072,323.072,437.649,-0.729229
13,487,487.488,335.168,335.168,481.837,0.0550848
13,504,62.1016,28.0597,28.0597,51.9296,0.920072
13,528,0.623782,0.407358,0.407358,0.668404,-0.313576
13,552,0.00625205,0.005791,0.005791,0.00731926,-0.684877
13,576,7.53503e-5,8.2648e-5,8.2648e-5,7.80405e-5,-0.161919
13,577,28.0471,27.9427,27.9427,33.2783,-0.738376
13,578,123.129,89.9683,89.9683,109.758,0.572238
13,581,391.014,301.425,301.425,393.144,-0.0254512
13,583,481.921,314.237,314.237,433.764,0.521483
13,600,49.9099,26.484,26.484,47.4734,0.241076
13,624,0.684354,0.391628,0.391628,0.616899,0.513614
13,648,0.00701142,0.00563646,0.00563646,0.00681037,0.13866
14,0,0,0,0,0,0
14,1,44.3943,83.7406,83.7406,42.3325,0.228767
14,2,58.0151,154.935,154.935,57.631,0.031302
14,5,63.4422,188.225,188.225,63.9262,-0.035563
14,7,50.8184,151.825,151.825,52.8836,-0.183427
14,24,5.12221,8.91028,8.91028,4.28903,0.91246
14,48,0.105683,0.127315,0.127315,0.10619,-0.0224506
14,72,0.0022158,0.00180256,0.00180256,0.00262736,-0.735776
14,96,7.56341e-5,2.65927e-5,2.65927e-5,6.4795e-5,0.78575
14,97,6.23337,12.3244,12.3244,5.57431,0.555352
14,98,17.3108,39.8762,39.8762,17.852,-0.142403
14,101,57.0692,130.516,130.516,57.7413,-0.0546705
14,103,57.5384,131.635,131.635,58.0938,-0.0449062
14,120,5.63499,10.2223,10.2223,5.65265,-0.0146804
14,144,0.128124,0.151008,0.151008,0.140596,-0.416658
14,168,0.00372144,0.00220203,0.00220203,0.00348964,0.312004
14,192,8.01775e-5,3.20072e-5,3.20072e-5,8.65979e-5,-0.348249
14,193,10.1739,15.6254,15.6254,8.47418,0.942128
14,194,27.5502,50.5747,50.5747,27.1457,0.0699769
14,197,94.8854,167.702,167.702,88.8993,0.316286
14,199,100.929,171.12,171.12,90.1726,0.560321
14,216,9.23167,13.5935,13.5935,8.89828,0.17599
14,240,0.23894,0.198378,0.198378,0.220149,0.400917
14,264,0.00475992,0.0028526,0.0028526,0.00543707,-0.584999
14,288,0.000139299,4.10239e-5,4.10239e-5,0.000134362,0.172579
14,289,29.2869,48.4014,48.4014,30.6559,-0.209759
14,290,86.4092,155.228,155.228,97.4879,-0.533792
14,293,309.814,501.381,501.381,316.775,-0.103226
14,295,292.27,508.489,508.489,321.724,-0.430014
14,312,35.1436,40.238,40.238,31.879,0.481002
14,336,0.807789,0.581278,0.581278,0.784811,0.137525
14,360,0.0217733,0.00833291,0.00833291,0.0192543,0.614525
14,384,0.000449942,0.000119404,0.000119404,0.000472617,-0.225355
14,385,26.2344,33.7354,33.7354,27.241,-0.173565
14,386,81.915,108.547,108.547,86.7589,-0.262245
14,389,297.342,363.716,363.716,286.726,0.173903
14,391,300.745,376.284,376.284,293.182,0.121175
14,408,29.018,31.1737,31.1737,29.3621,-0.0550575
14,432,0.653021,0.461801,0.461801,0.730911,-0.500555
14,456,0.0174567,0.00673262,0.00673262,0.0181489,-0.179152
14,480,0.000465446,9.78051e-5,9.78051e-5,0.000450297,0.158027
14,481,28.5848,29.9163,29.9163,26.4495,0.379202
14,482,96.1012,96.3049,96.3049,84.2519,0.660609
14,485,298.328,323.072,323.072,278.605,0.332521
14,487,237.196,335.168,335.168,285.242,-0.791174
14,504,32.9153,28.0597,28.0597,28.5121,0.725382
14,528,0.858296,0.407358,0.407358,0.702521,1.04153
14,552,0.0174679,0.005791,0.005791,0.0172716,0.0533957
14,576,0.000518055,8.2648e-5,8.2648e-5,0.000424419,1.03629
14,577,32.0289,27.9427,27.9427,26.0809,1.07124
14,578,92.7947,89.9683,89.9683,83.0821,0.549116
14,581,322.606,301.425,301.425,274.954,0.81406
14,583,306.351,314.237,314.237,281.598,0.412883
14,600,32.5053,26.484,26.484,28.1603,0.724742
14,624,0.72679,0.391628,0.391628,0.691355,0.240746
14,648,0.0170682,0.00563646,0.00563646,0.0168324,0.0658063
15,0,0,0,0,0,0
15,1,125.905,83.7406,83.7406,99.5476,1.24367
15,2,244.604,154.935,154.935,225.233,0.403976
15,5,364.857,188.225,188.225,313.241,0.773993
15,7,269.215,151.825,151.825,256.235,0.237955
15,24,15.4886,8.91028,8.91028,12.959,0.91686
15,48,0.11419,0.127315,0.127315,0.120462,-0.244546
15,72,0.000963346,0.00180256,0.00180256,0.00104569,-0.369893
15,96,1.13539e-5,2.65927e-5,2.65927e-5,9.0316e-6,1.20775
15,97,21.9327,12.3244,12.3244,20.2244,0.396768
15,98,83.5957,39.8762,39.8762,66.6454,1.19465
15,101,227.785,130.516,130.516,227.144,0.0132378
15,103,207.499,131.635,131.635,236.599,-0.577718
15,120,18.9911,10.2223,10.2223,18.5806,0.10377
15,144,0.176009,0.151008,0.151008,0.184265,-0.210471
15,168,0.00145382,0.00220203,0.00220203,0.00159263,-0.409399
15,192,1.07554e-5,3.20072e-5,3.20072e-5,1.36048e-5,-0.983755
15,193,23.1973,15.6254,15.6254,23.4527,-0.0511472
15,194,68.2812,50.5747,50.5747,77.3373,-0.55003
15,197,271.096,167.702,167.702,269.851,0.021674
15,199,296.131,171.12,171.12,285.38,0.176954
15,216,22.5724,13.5935,13.5935,23.807,-0.243582
15,240,0.287816,0.198378,0.198378,0.242055,0.888014
15,264,0.00193816,0.0028526,0.0028526,0.00214761,-0.458105
15,288,1.99047e-5,4.10239e-5,4.10239e-5,1.85773e-5,0.335612
15,289,69.6391,48.4014,48.4014,69.3092,0.0223569
15,290,278.915,155.228,155.228,226.246,1.09348
15,293,778.91,501.381,501.381,764.897,0.0860504
15,295,795.197,508.489,508.489,801.5,-0.0369372
15,312,55.8706,40.238,40.238,65.3977,-0.684274
15,336,0.749139,0.581278,0.581278,0.657454,0.655035
15,360,0.00689716,0.00833291,0.00833291,0.00577518,0.912542
15,384,3.83684e-5,0.000119404,0.000119404,4.9489e-5,-1.05548
15,385,45.7074,33.7354,33.7354,44.8617,0.0885537
15,386,160.109,108.547,108.547,146.928,0.421371
15,389,473.196,363.716,363.716,513.547,-0.36907
15,391,559.358,376.284,376.284,553.593,0.0489182
15,408,52.7434,31.1737,31.1737,49.6176,0.295906
15,432,0.528486,0.461801,0.461801,0.509549,0.174564
15,456,0.00442256,0.00673262,0.00673262,0.00444877,-0.0276678
15,480,4.23084e-5,9.78051e-5,9.78051e-5,3.79513e-5,0.539267
15,481,36.2173,29.9163,29.9163,38.4874,-0.277039
15,482,136.777,96.3049,96.3049,126.116,0.397078
15,485,451.196,323.072,323.072,445.947,0.0552923
15,487,480.249,335.168,335.168,481.285,-0.0101197
15,504,48.6446,28.0597,28.0597,44.2733,0.463768
15,528,0.463904,0.407358,0.407358,0.459101,0.049131
15,552,0.00428344,0.005791,0.005791,0.00408034,0.233802
15,576,3.65968e-5,8.2648e-5,8.2648e-5,3.53941e-5,0.159617
15,577,43.2956,27.9427,27.9427,35.1361,1.09078
15,578,123.226,89.9683,89.9683,115.159,0.329043
15,581,473.195,301.425,301.425,407.126,0.762259
15,583,418.092,314.237,314.237,441.243,-0.24645
15,600,43.3397,26.484,26.484,40.8681,0.284066
15,624,0.495158,0.391628,0.391628,0.418773,0.856762
15,648,0.00409065,0.00563646,0.00563646,0.00367589,0.529992
16,0,0,0,0,0,0
16,1,358.069,255.184,255.184,296.97,0.966406
16,2,652.455,381.066,381.066,637.408,0.110885
16,5,893.266,422.358,422.358,823.671,0.396881
16,7,675.25,341.513,341.513,640.671,0.253517
16,24,40.6078,20.302,20.302,41.9001,-0.144877
16,48,1.00391,0.290155,0.290155,0.868556,0.731989
16,72,0.0159145,0.00415544,0.00415544,0.0180551,-0.556908
16,96,0.000386892,5.95086e-5,5.95086e-5,0.000374705,0.152769
16,97,35.6085,13.116,13.116,30.45,0.795729
16,98,80.4621,42.4975,42.4975,90.3934,-0.516063
16,101,215.868,143.551,143.551,246.497,-0.583649
16,103,264.854,146.994,146.994,216.378,1.05232
16,120,15.7182,11.9212,11.9212,15.0473,0.209412
16,144,0.283255,0.174817,0.174817,0.311686,-0.428447
16,168,0.00684316,0.00251774,0.00251774,0.00645968,0.278849
16,192,0.000122606,3.5971e-5,3.5971e-5,0.000133651,-0.388167
16,193,60.5482,25.8214,25.8214,58.0299,0.203837
16,194,189.532,83.3562,83.3562,171.709,0.487539
16,197,439.109,276.642,276.642,460.345,-0.216686
16,199,432.883,284.254,284.254,403.677,0.339841
16,216,32.1785,23.0047,23.0047,27.8434,0.731317
16,240,0.634448,0.333466,0.333466,0.57416,0.493207
16,264,0.0135278,0.00474548,0.00474548,0.011847,0.666381
16,288,0.000278916,6.77651e-5,6.77651e-5,0.000243966,0.672913
16,289,120.586,58.3896,58.3896,121.157,-0.0221042
16,290,394.105,186.525,186.525,355.592,0.508733
16,293,926.024,614.075,614.075,936.654,-0.0533073
16,295,857.734,630.904,630.904,820.209,0.214895
16,312,59.1496,51.1884,51.1884,56.4708,0.222822
16,336,1.19923,0.746896,0.746896,1.16523,0.137054
16,360,0.0233358,0.0107373,0.0107373,0.0240376,-0.13714
17,0,0,0,0,0,0
17,1,323.912,255.184,255.184,285.463,0.632648
17,2,467.519,381.066,381.066,471.892,-0.0435338
17,5,505.172,422.358,422.358,536.99,-0.278317
17,7,452.617,341.513,341.513,428.198,0.267874
17,24,17.5594,20.302,20.302,20.8898,-0.748849
17,48,0.201627,0.290155,0.290155,0.213989,-0.271358
17,72,0.00194277,0.00415544,0.00415544,0.00216041,-0.473176
17,96,2.30147e-5,5.95086e-5,5.95086e-5,2.16246e-5,0.301967
17,97,13.3546,13.116,13.116,16.0863,-0.797625
17,98,52.5209,42.4975,42.4975,52.254,0.0239967
17,101,175.105,143.551,143.551,175.372,-0.00714829
17,103,198.7,146.994,146.994,180.311,0.479052
17,120,13.8466,11.9212,11.9212,12.8955,0.346445
17,144,0.145846,0.174817,0.174817,0.135132,0.372403
17,168,0.00131245,0.00251774,0.00251774,0.0013627,-0.173206
17,192,1.53185e-5,3.5971e-5,3.5971e-5,1.34423e-5,0.655586
17,193,30.1886,25.8214,25.8214,30.6421,-0.0695117
17,194,98.7648,83.3562,83.3562,99.1495,-0.0182254
17,197,377.688,276.642,276.642,330.478,0.671008
17,199,344.946,284.254,284.254,338.586,0.0882297
17,216,28.3388,23.0047,23.0047,24.1427,0.816395
17,240,0.211284,0.333466,0.333466,0.252778,-0.771052
17,264,0.00219772,0.00474548,0.00474548,0.0025499,-0.648756
17,288,3.37816e-5,6.77651e-5,6.77651e-5,2.55492e-5,1.51349
17,289,82.2407,58.3896,58.3896,66.3067,1.12876
17,290,150.482,186.525,186.525,212.201,-1.36616
17,293,744.159,614.075,614.075,693.067,0.346272
17,295,727.932,630.904,630.904,711.729,0.106931
17,312,45.8647,51.1884,51.1884,51.0916,-0.480532
17,336,0.514483,0.746896,0.746896,0.535664,-0.18573
17,360,0.00578672,0.0107373,0.0107373,0.00540856,0.328417
17,384,5.04658e-5,0.000154286,0.000154286,5.44885e-5,-0.346778
17,385,50.2718,47.0474,47.0474,50.4512,-0.0167077
17,386,186.424,150.52,150.52,161.753,0.716418
17,389,482.94,498.785,498.785,536.037,-0.465278
17,391,647.724,519.575,519.575,558.899,0.74651
17,408,37.561,43.5556,43.5556,41.7971,-0.476049
17,432,0.413769,0.628781,0.628781,0.44506,-0.330251
17,456,0.00381501,0.00899849,0.00899849,0.004485,-0.701682
17,480,4.21535e-5,0.00012899,0.00012899,4.47237e-5,-0.269935
17,481,44.8354,43.1216,43.1216,44.9002,-0.00678255
17,482,149.64,138.006,138.006,144.014,0.183469
17,485,531.837,459.601,459.601,480.008,0.507173
17,487,492.491,479.979,479.979,501.894,-0.0880053
17,504,41.5099,40.5264,40.5264,37.9198,0.44471
17,528,0.382785,0.590638,0.590638,0.396587,-0.163468
17,552,0.00475733,0.00846161,0.00846161,0.00397406,0.925788
17,576,4.5927e-5,0.000121047,0.000121047,3.98167e-5,0.720832
17,577,42.6133,40.9751,40.9751,41.8185,0.0892655
17,578,165.921,131.155,131.155,134.154,1.11226
17,581,493.616,438.279,438.279,448.194,0.476032
17,583,498.082,457.997,457.997,469.639,0.28447
17,600,41.5437,38.8472,38.8472,35.6172,0.781581
17,624,0.4602,0.565682,0.565682,0.375777,1.05526
17,648,0.00438302,0.00810758,0.00810758,0.00378104,0.747838
18,0,0,0,0,0,0
18,1,127.019,255.184,255.184,116.287,0.433468
18,2,146.851,381.066,381.066,149.698,-0.089326
18,5,158.051,422.358,422.358,154.404,0.11095
18,7,123.264,341.513,341.513,119.738,0.13834
18,24,3.85719,20.302,20.302,5.4649,-1.38184
18,48,0.0253617,0.290155,0.290155,0.0620669,-2.7778
18,72,0.000175746,0.00415544,0.00415544,0.000708156,-3.53142
18,96,3.91993e-6,5.95086e-5,5.95086e-5,8.36651e-6,-2.4964
18,97,7.78417,13.116,13.116,8.10413,-0.185448
18,98,31.0363,42.4975,42.4975,25.0041,1.13318
18,101,106.437,143.551,143.551,73.7569,2.08117
18,103,74.3105,146.994,146.994,67.8777,0.44515
18,120,2.76953,11.9212,11.9212,3.55835,-1.04126
18,144,0.0170409,0.174817,0.174817,0.0405853,-2.72491
18,168,0.000139673,0.00251774,0.00251774,0.000461141,-3.27444
18,192,1.42714e-5,3.5971e-5,3.5971e-5,5.87998e-6,6.70333
18,193,20.4036,25.8214,25.8214,16.8418,0.993375
18,194,73.5476,83.3562,83.3562,51.8117,1.97053
18,197,166.007,276.642,276.642,152.886,0.403127
18,199,153.823,284.254,284.254,141.083,0.42416
18,216,6.85383,23.0047,23.0047,7.38561,-0.338206
18,240,0.0353167,0.333466,0.333466,0.0833544,-2.70699
18,264,0.000276109,0.00474548,0.00474548,0.000940378,-3.31798
18,288,2.53086e-6,6.77651e-5,6.77651e-5,1.06793e-5,-3.58397
18,289,49.1382,58.3896,58.3896,41.2832,0.893737
18,290,136.705,186.525,186.525,125.941,0.401455
18,293,414.419,614.075,614.075,365.754,0.624974
18,295,357.526,630.904,630.904,339.5,0.249407
18,312,13.6917,51.1884,51.1884,17.8589,-1.09604
18,336,0.0757486,0.746896,0.746896,0.202501,-2.9401
18,360,0.000576933,0.0107373,0.0107373,0.00227945,-3.50828
18,384,5.16761e-6,0.000154286,0.000154286,2.56854e-5,-3.75212
18,385,39.2696,47.0474,47.0474,36.9327,0.297204
18,386,104.891,150.52,150.52,112.82,-0.330109
18,389,329.828,498.785,498.785,331.975,-0.0303808
18,391,408.675,519.575,519.575,309.927,1.49658
18,408,12.5757,43.5556,43.5556,16.3907,-1.09329
18,432,0.0792556,0.628781,0.628781,0.186411,-2.70007
18,456,0.000520055,0.00899849,0.00899849,0.00212095,-3.5454
18,480,5.76179e-6,0.00012899,0.00012899,2.41443e-5,-3.57621
18,481,46.9687,43.1216,43.1216,35.5206,1.51387
18,482,143.25,138.006,138.006,108.534,1.50246
18,485,431.491,459.601,459.601,320.082,1.63492
18,487,302.749,479.979,479.979,299.286,0.0543422
18,504,11.8689,40.5264,40.5264,15.9733,-1.20695
18,528,0.0764062,0.590638,0.590638,0.183009,-2.73608
18,552,0.000541709,0.00846161,0.00846161,0.00209577,-3.48303
18,576,4.77161e-6,0.000121047,0.000121047,2.40137e-5,-3.76379
18,577,38.0817,40.9751,40.9751,34.7918,0.444162
18,578,132.099,131.155,131.155,106.317,1.13904
18,581,421.021,438.279,438.279,313.854,1.60385
18,583,371.116,457.997,457.997,293.776,1.23658
18,600,13.4443,38.8472,38.8472,15.6256,-0.655723
18,624,0.0697613,0.565682,0.565682,0.178116,-2.85744
18,648,0.000520089,0.00810758,0.00810758,0.00204148,-3.50049
19,0,0,0,0,0,0
19,1,183.589,388.139,388.139,179.602,0.104274
19,2,234.418,547.047,547.047,223.488,0.229716
19,5,255.741,599.377,599.377,217.827,0.817561
19,7,178.404,486.663,486.663,161.493,0.49185
19,24,6.62116,29.2938,29.2938,6.55083,0.0504289
19,48,0.0656386,0.424595,0.424595,0.0678086,-0.150312
19,72,0.000661533,0.00611884,0.00611884,0.000698301,-0.247321
19,96,8.1777e-6,8.79976e-5,8.79976e-5,7.09203e-6,0.71905
19,97,16.3815,25.2236,25.2236,17.2771,-0.243471
19,98,63.3596,81.4391,81.4391,50.466,1.20008
19,101,126.703,271.433,271.433,130.868,-0.149483
19,103,107.195,278.97,278.97,109.933,-0.11696
19,120,4.55726,22.704,22.704,4.73801,-0.17919
19,144,0.0502276,0.327671,0.327671,0.0497968,0.040634
19,168,0.000502477,0.00462723,0.00462723,0.000522283,-0.178126
19,192,6.41996e-6,6.56183e-5,6.56183e-5,5.38269e-6,0.905162
19,193,33.9856,39.6465,39.6465,28.7072,0.863654
19,194,101.508,127.374,127.374,83.5993,1.00621
19,197,195.048,423.883,423.883,219.303,-0.51951
19,199,191.922,437.41,437.41,184.603,0.186215
19,216,7.08573,35.9542,35.9542,7.97667,-0.52464
19,240,0.0809476,0.526507,0.526507,0.0830495,-0.118879
19,264,0.00073338,0.00758993,0.00758993,0.000865121,-0.715284
19,288,7.72642e-6,0.000109287,0.000109287,8.87702e-6,-0.608821
19,289,52.6663,64.004,64.004,48.8851,0.363318
19,290,131.658,203.702,203.702,141.52,-0.32732
19,293,385.015,668.144,668.144,366.369,0.239055
19,295,365.208,694.64,694.64,310.434,0.828772
19,312,11.8639,57.6777,57.6777,13.4429,-0.551721
19,336,0.162311,0.840198,0.840198,0.141212,0.701814
19,360,0.00145364,0.0119295,0.0119295,0.0014806,-0.0855075
19,384,1.4749e-5,0.000169498,0.000169498,1.54488e-5,-0.212771
19,385,46.6307,56.2371,56.2371,45.0536,0.164425
19,386,138.52,179.109,179.109,130.542,0.287071
19,389,319.535,593.07,593.07,340.799,-0.293078
19,391,327.584,619.118,619.118,289.46,0.618635
19,408,15.1593,52.3921,52.3921,12.544,0.979299
19,432,0.124136,0.763837,0.763837,0.130738,-0.237208
19,456,0.00135268,0.0109456,0.0109456,0.00136371,-0.0380018
19,480,2.04302e-5,0.000156696,0.000156696,1.41635e-5,2.07826
19,481,44.3555,52.8232,52.8232,43.4256,0.10058
19,482,138.024,168.272,168.272,125.856,0.454145
19,485,340.48,555.874,555.874,329.319,0.159203
19,487,287.672,582.545,582.545,279.903,0.130384
19,504,11.7145,49.7485,49.7485,12.1532,-0.169575
19,528,0.115666,0.736713,0.736713,0.126566,-0.404519
19,552,0.00118898,0.0107206,0.0107206,0.00131894,-0.462829
19,576,1.29837e-5,0.000155603,0.000155603,1.37205e-5,-0.252257
19,577,43.0688,50.8277,50.8277,42.4993,0.0629447
19,578,135.75,161.93,161.93,123.184,0.479135
19,581,297.352,535.463,535.463,322.712,-0.369112
19,583,313.096,561.625,561.625,274.377,0.662844
19,600,11.7724,48.0199,48.0199,11.8364,-0.0254174
19,624,0.123229,0.700019,0.700019,0.122655,0.0219782
19,648,0.00110697,0.0100272,0.0100272,0.00127011,-0.603349
20,0,0,0,0,0,0
20,1,883.364,388.139,388.139,1073.49,-0.831903
20,2,2397.02,547.047,547.047,2219.47,0.375747
20,5,3226.08,599.377,599.377,2889.39,0.547336
20,7,2132.8,486.663,486.663,2362.42,-0.456549
20,24,129.193,29.2938,29.2938,125.409,0.141722
20,48,1.30874,0.424595,0.424595,1.21245,0.373058
20,72,0.0116655,0.00611884,0.00611884,0.010801,0.375984
21,0,0,0,0,0,0
21,1,127.785,388.139,388.139,225.719,-2.03797
21,2,157.122,547.047,547.047,302.946,-2.26099
21,5,236.269,599.377,599.377,318.036,-1.20764
21,7,165.226,486.663,486.663,249.702,-1.58907
21,24,5.31831,29.2938,29.2938,9.91356,-2.17727
21,48,0.0354327,0.424595,0.424595,0.075082,-2.48046
21,72,0.000211229,0.00611884,0.00611884,0.000568373,-2.9515
21,96,6.22367e-6,8.79976e-5,8.79976e-5,4.13913e-6,2.36556
21,97,17.5458,25.2236,25.2236,16.7185,0.232428
21,98,49.762,81.4391,81.4391,53.3239,-0.313754
21,101,146.83,271.433,271.433,170.535,-0.652919
21,103,170.739,278.97,278.97,168.473,0.0631513
21,120,7.51628,22.704,22.704,9.12085,-0.826332
21,144,0.0477571,0.327671,0.327671,0.0703306,-1.5076
21,168,0.000218035,0.00462723,0.00462723,0.000529034,-2.76126
21,192,1.1761e-5,6.56183e-5,6.56183e-5,3.70642e-6,10.2075
21,193,30.0213,39.6465,39.6465,26.3016,0.664283
21,194,83.431,127.374,127.374,83.495,-0.00359866
21,197,248.476,423.883,423.883,266.901,-0.324269
21,199,244.254,437.41,437.41,265.313,-0.372846
21,216,12.4038,35.9542,35.9542,14.6085,-0.708885
21,240,0.0838317,0.526507,0.526507,0.113911,-1.24032
21,264,0.000460414,0.00758993,0.00758993,0.000866305,-2.20075
21,288,5.45856e-6,0.000109287,0.000109287,6.49803e-6,-0.751389
21,289,54.7455,64.004,64.004,42.972,1.28693
21,290,160.95,203.702,203.702,135.157,0.896419
21,293,483.453,668.144,668.144,426.435,0.628044
21,295,462.503,694.64,694.64,427.991,0.378767
21,312,19.6716,57.6777,57.6777,23.8584,-0.824283
21,336,0.127823,0.840198,0.840198,0.181788,-1.39439
21,360,0.000877574,0.0119295,0.0119295,0.00134432,-1.63083
21,384,1.25758e-5,0.000169498,0.000169498,9.94422e-6,1.24304
21,385,47.9112,56.2371,56.2371,38.3533,1.17056
21,386,132.702,179.109,179.109,120.725,0.465992
21,389,402.927,593.07,593.07,384.314,0.22749
21,391,466.106,619.118,619.118,387.706,0.949829
21,408,25.6162,52.3921,52.3921,21.9822,0.776518
21,432,0.142577,0.763837,0.763837,0.168539,-0.72356
21,456,0.00085888,0.0109456,0.0109456,0.00126003,-1.49541
21,480,8.62233e-6,0.000156696,0.000156696,9.49715e-6,-0.432668
21,481,39.1918,52.8232,52.8232,36.3704,0.364376
21,482,143.607,168.272,168.272,114.51,1.19356
21,485,427.739,555.874,555.874,365.811,0.795166
21,487,468.59,582.545,582.545,369.675,1.25682
21,504,24.6933,49.7485,49.7485,21.0911,0.802224
21,528,0.126458,0.736713,0.736713,0.160056,-0.985989
21,552,0.000721495,0.0107206,0.0107206,0.00117474,-1.81228
21,576,3.56683e-6,0.000155603,0.000155603,8.69122e-6,-2.76945
21,577,45.3514,50.8277,50.8277,35.2268,1.35002
21,578,128.894,161.93,161.93,110.92,0.761135
21,581,462.427,535.463,535.463,355.141,1.41897
21,583,484.436,561.625,561.625,358.949,1.64211
21,600,19.1272,48.0199,48.0199,20.484,-0.311121
21,624,0.148335,0.700019,0.700019,0.15775,-0.280333
21,648,0.000833811,0.0100272,0.0100272,0.00117683,-1.36911
22,0,0,0,0,0,0
22,1,1607.78,388.139,388.139,1515.84,0.284891
22,2,4087.35,547.047,547.047,3703.26,0.487166
22,5,6763.7,599.377,599.377,5865.09,0.71966
22,7,4430.48,486.663,486.663,5217.34,-0.708403
22,24,564.158,29.2938,29.2938,591.235,-0.215117
22,48,21.2828,0.424595,0.424595,19.3182,0.477689
22,72,0.615982,0.00611884,0.00611884,0.610495,0.0422132
23,0,0,0,0,0,0
23,1,456.494,388.139,388.139,416.515,0.450843
23,2,694.439,547.047,547.047,578.82,0.93825
23,5,580.697,599.377,599.377,645.095,-0.468903
23,7,560.359,486.663,486.663,532.692,0.243958
23,24,33.3976,29.2938,29.2938,36.9109,-0.44709
23,48,0.535817,0.424595,0.424595,0.631215,-0.709898
23,72,0.0101087,0.00611884,0.00611884,0.0107156,-0.266043
23,96,0.000189545,8.79976e-5,8.79976e-5,0.000181573,0.206222
23,97,27.9862,25.2236,25.2236,27.2008,0.135637
23,98,95.5778,81.4391,81.4391,88.564,0.371991
23,101,280.751,271.433,271.433,302.347,-0.335504
23,103,345.525,278.97,278.97,318.117,0.404696
23,120,28.5617,22.704,22.704,30.4733,-0.294651
23,144,0.544593,0.327671,0.327671,0.531493,0.115773
23,168,0.0097125,0.00462723,0.00462723,0.009078,0.3283
23,192,0.000184701,6.56183e-5,6.56183e-5,0.000155099,0.896478
23,193,49.4944,39.6465,39.6465,43.4016,0.659389
23,194,113.911,127.374,127.374,140.602,-0.891661
23,197,514.181,423.883,423.883,480.189,0.332506
23,199,601.827,437.41,437.41,507.185,0.8765
23,216,57.9751,35.9542,35.9542,48.8668,0.875504
23,240,0.819514,0.526507,0.526507,0.852242,-0.180381
23,264,0.0148698,0.00758993,0.00758993,0.0144313,0.142749
23,288,0.000244962,0.000109287,0.000109287,0.000244239,0.0139093
23,289,68.8793,64.004,64.004,71.3753,-0.164262
23,290,225.353,203.702,203.702,229.008,-0.0749612
23,293,718.993,668.144,668.144,770.118,-0.311822
23,295,712.569,694.64,694.64,819.598,-0.613385
23,312,89.5131,57.6777,57.6777,80.6707,0.514861
23,336,1.38397,0.840198,0.840198,1.39496,-0.0370131
23,360,0.0268885,0.0119295,0.0119295,0.0234264,0.694163
23,384,0.000381037,0.000169498,0.000169498,0.000394602,-0.161474
23,385,61.2078,56.2371,56.2371,63.9322,-0.200165
23,386,239.62,179.109,179.109,205.244,0.786704
23,389,675.898,593.07,593.07,692.555,-0.112974
23,391,860.048,619.118,619.118,741.11,0.753825
23,408,81.6446,52.3921,52.3921,74.188,0.472108
23,432,1.48437,0.763837,0.763837,1.31185,0.6177
23,456,0.0194152,0.0109456,0.0109456,0.0226963,-0.679055
23,480,0.000406491,0.000156696,0.000156696,0.000390833,0.188173
23,481,71.5859,52.8232,52.8232,60.7179,0.840745
23,482,230.852,168.272,168.272,194.958,0.864792
23,485,785.667,555.874,555.874,660.086,0.893621
23,487,835.804,582.545,582.545,706.939,0.856219
23,504,79.7025,49.7485,49.7485,71.068,0.570685
23,528,1.30468,0.736713,0.736713,1.25583,0.18269
23,552,0.0241689,0.0107206,0.0107206,0.0216969,0.53517
23,576,0.00040939,0.000155603,0.000155603,0.000373356,0.453339
23,577,50.687,50.8277,50.8277,58.8571,-0.652026
23,578,208.218,161.93,161.93,188.998,0.477675
23,581,731.709,535.463,535.463,640.313,0.670448
23,583,816.228,561.625,561.625,686.283,0.889388
23,600,70.0595,48.0199,48.0199,69.1482,0.0619049
23,624,1.29966,0.700019,0.700019,1.22067,0.303939
23,648,0.0211453,0.0100272,0.0100272,0.021064,0.0181123
24,0,0,0,0,0,0
24,1,782.12,388.139,388.139,720.728,0.400104
24,2,1390.92,547.047,547.047,1410.22,-0.0642791
24,5,1685.92,599.377,599.377,1711.58,-0.0704341
24,7,1297.27,486.663,486.663,1344.69,-0.165644
24,24,98.9487,29.2938,29.2938,87.2225,0.63148
24,48,1.68875,0.424595,0.424595,1.75249,-0.170833
24,72,0.0366508,0.00611884,0.00611884,0.0348218,0.24671
25,0,0,0,0,0,0
25,1,227.566,255.184,255.184,206.337,0.483264
25,2,359.259,381.066,381.066,295.499,1.0135
25,5,343.244,422.358,422.358,303.256,0.619386
25,7,244.453,341.513,341.513,230.603,0.282118
25,24,7.69011,20.302,20.302,7.99429,-0.178725
25,48,0.0373382,0.290155,0.290155,0.0555344,-1.53904
25,72,0.000196795,0.00415544,0.00415544,0.000386355,-2.30458
25,96,1.92364e-6,5.95086e-5,5.95086e-5,2.73277e-6,-1.39075
25,97,14.5332,13.116,13.116,12.0183,0.982919
25,98,41.4271,42.4975,42.4975,37.8098,0.449377
25,101,138.808,143.551,143.551,116.706,0.889538
25,103,114.762,146.994,146.994,110.479,0.18211
25,120,5.61347,11.9212,11.9212,4.87516,0.711348
25,144,0.0270639,0.174817,0.174817,0.0339446,-0.95213
25,168,0.000170817,0.00251774,0.00251774,0.000234155,-1.27056
25,192,1.14391e-6,3.5971e-5,3.5971e-5,1.55966e-6,-1.25211
25,193,27.0724,25.8214,25.8214,23.3711,0.743882
25,194,80.9696,83.3562,83.3562,73.2637,0.494044
25,197,251.594,276.642,276.642,222.505,0.614079
25,199,227.92,284.254,284.254,210.875,0.379686
25,216,8.18145,23.0047,23.0047,9.32436,-0.575739
25,240,0.0394889,0.333466,0.333466,0.0652414,-1.85409
25,264,0.000268182,0.00474548,0.00474548,0.000453748,-1.92095
25,288,7.79825e-6,6.77651e-5,6.77651e-5,3.25271e-6,6.56408
25,289,70.0691,58.3896,58.3896,52.2708,1.59938
25,290,170.027,186.525,186.525,162.239,0.225472
25,293,489.602,614.075,614.075,485.745,0.0372959
25,295,620.923,630.904,630.904,461.553,1.62188
25,312,18.5788,51.1884,51.1884,20.7215,-0.485713
25,336,0.106543,0.746896,0.746896,0.148374,-1.32428
25,360,0.000545746,0.0107373,0.0107373,0.00105265,-2.26191
25,384,1.22923e-5,0.000154286,0.000154286,7.40599e-6,3.09904
25,385,50.0618,47.0474,47.0474,41.6547,0.948011
25,386,147.741,150.52,150.52,129.564,0.659008
25,389,408.843,498.785,498.785,395.921,0.153315
25,391,400.322,519.575,519.575,380.42,0.245738
25,408,15.1564,43.5556,43.5556,17.4692,-0.621862
25,432,0.0902325,0.628781,0.628781,0.123241,-1.25805
25,456,0.000424758,0.00899849,0.00899849,0.000863672,-2.38706
25,480,2.80536e-6,0.00012899,0.00012899,6.04321e-6,-2.51665
25,481,36.777,43.1216,43.1216,37.9802,-0.148807
25,482,155.853,138.006,138.006,118.189,1.49684
25,485,396.177,459.601,459.601,362.403,0.437743
25,487,377.956,479.979,479.979,349.707,0.379436
25,504,14.7577,40.5264,40.5264,16.1831,-0.413722
25,528,0.0834329,0.590638,0.590638,0.114177,-1.2648
25,552,0.000414254,0.00846161,0.00846161,0.000799915,-2.26462
25,576,4.70795e-6,0.000121047,0.000121047,5.48589e-6,-0.666084
25,577,40.9206,40.9751,40.9751,35.9728,0.646059
25,578,123.178,131.155,131.155,111.965,0.470444
25,581,366.52,438.279,438.279,344.231,0.304142
25,583,300.403,457.997,457.997,332.566,-0.454274
25,600,14.4497,38.8472,38.8472,15.2984,-0.260573
25,624,0.0582239,0.565682,0.565682,0.107665,-2.15697
25,648,0.000428109,0.00810758,0.00810758,0.000755124,-2.03415
26,0,0,0,0,0,0
26,1,586.835,255.184,255.184,546.904,0.342954
26,2,1005.37,381.066,381.066,968.657,0.178028
26,5,1241.66,422.358,422.358,1130.05,0.463955
26,7,988.71,341.513,341.513,896.111,0.485373
26,24,46.3877,20.302,20.302,46.5252,-0.0138848
26,48,0.656446,0.290155,0.290155,0.588213,0.54487
26,72,0.00601257,0.00415544,0.00415544,0.00742244,-0.892206
27,0,0,0,0,0,0
27,1,557.57,255.184,255.184,601.254,-0.341269
27,2,1290.27,381.066,381.066,1388.09,-0.331016
27,5,2301.13,422.358,422.358,2055.09,0.562358
27,7,1980.91,341.513,341.513,1784.32,0.517505
27,24,171.735,20.302,20.302,159.378,0.364175
27,48,3.4444,0.290155,0.290155,3.245,0.288629
27,72,0.0586837,0.00415544,0.00415544,0.0577292,0.0776632
28,0,0,0,0,0,0
28,1,37.594,83.7406,83.7406,36.2833,0.16968
28,2,47.8643,154.935,154.935,47.2003,0.0660732
28,5,48.5057,188.225,188.225,50.7266,-0.205645
28,7,42.4214,151.825,151.825,40.5077,0.221902
28,24,1.9016,8.91028,8.91028,1.81065,0.235936
28,48,0.0141826,0.127315,0.127315,0.0168025,-0.732391
28,72,0.000114099,0.00180256,0.00180256,0.000154691,-1.23257
28,96,1.90446e-6,2.65927e-5,2.65927e-5,1.35259e-6,1.91646
28,97,8.12445,12.3244,12.3244,6.03767,1.62345
28,98,23.8665,39.8762,39.8762,19.2479,1.12711
28,101,51.0434,130.516,130.516,60.5731,-0.738977
28,103,68.1752,131.635,131.635,59.1857,0.713435
28,120,3.55144,10.2223,10.2223,3.3282,0.315063
28,144,0.0293327,0.151008,0.151008,0.0301949,-0.134119
28,168,0.000257706,0.00220203,0.00220203,0.000269607,-0.207346
28,192,1.97836e-6,3.20072e-5,3.20072e-5,2.36362e-6,-0.765611
28,193,11.0046,15.6254,15.6254,9.26582,0.881436
28,194,29.5441,50.5747,50.5747,29.568,-0.00378625
28,197,94.6094,167.702,167.702,95.0349,-0.0210263
28,199,93.7276,171.12,171.12,93.7094,0.000909218
28,216,5.02287,13.5935,13.5935,5.42371,-0.347138
28,240,0.0531149,0.198378,0.198378,0.0501485,0.27785
28,264,0.000377913,0.0028526,0.0028526,0.000458346,-0.82428
28,288,3.90669e-6,4.10239e-5,4.10239e-5,4.08945e-6,-0.209922
28,289,33.1048,48.4014,48.4014,34.4126,-0.178499
28,290,112.351,155.228,155.228,108.996,0.144574
28,293,402.083,501.381,501.381,348.515,0.721961
28,295,330.1,508.489,508.489,345.563,-0.210186
28,312,18.6099,40.238,40.238,20.0877,-0.345549
28,336,0.181795,0.581278,0.581278,0.184358,-0.065289
28,360,0.00140131,0.00833291,0.00833291,0.00167413,-0.765454
28,384,1.40949e-5,0.000119404,0.000119404,1.509e-5,-0.309763
28,385,34.9593,33.7354,33.7354,31.6831,0.485719
28,386,94.1589,108.547,108.547,100.491,-0.295959
28,389,334.773,363.716,363.716,323.467,0.164174
28,391,306.84,376.284,376.284,323.272,-0.238746
28,408,19.3817,31.1737,31.1737,19.0109,0.0916307
28,432,0.168349,0.461801,0.461801,0.175242,-0.184774
28,456,0.00120466,0.00673262,0.00673262,0.00159796,-1.15609
28,480,2.50123e-5,9.78051e-5,9.78051e-5,1.39396e-5,3.73109
28,481,36.0401,29.9163,29.9163,31.0908,0.747737
28,482,112.139,96.3049,96.3049,98.6252,0.643611
28,485,345.153,323.072,323.072,319.069,0.383991
28,487,337.33,335.168,335.168,318.86,0.272095
28,504,18.4221,28.0597,28.0597,18.8735,-0.112335
28,528,0.161248,0.407358,0.407358,0.172246,-0.299907
28,552,0.00105847,0.005791,0.005791,0.00154655,-1.48238
28,576,1.93801e-5,8.2648e-5,8.2648e-5,1.39248e-5,1.84021
28,577,38.8374,27.9427,27.9427,30.8222,1.22147
28,578,99.193,89.9683,89.9683,97.7772,0.0680126
28,581,383.013,301.425,301.425,316.537,0.986444
28,583,341.965,314.237,314.237,316.522,0.377566
28,600,19.7681,26.484,26.484,18.7931,0.2437
28,624,0.185877,0.391628,0.391628,0.174348,0.310617
28,648,0.00119243,0.00563646,0.00563646,0.00159163,-1.17809
29,0,0,0,0,0,0
29,1,107.98,83.7406,83.7406,101.469,0.301439
29,2,231.115,154.935,154.935,249.778,-0.35097
29,5,423.198,188.225,188.225,394.323,0.343965
29,7,371.731,151.825,151.825,345.95,0.350042
29,24,32.7489,8.91028,8.91028,34.6137,-0.253055
29,48,1.03354,0.127315,0.127315,0.962393,0.347266
29,72,0.0248611,0.00180256,0.00180256,0.0261469,-0.230977
29,96,0.000701971,2.65927e-5,2.65927e-5,0.000708854,-0.0456048
29,97,20.7214,12.3244,12.3244,19.1336,0.389791
29,98,68.682,39.8762,39.8762,64.2871,0.321119
29,101,235.89,130.516,130.516,235.813,0.00151985
29,103,246.29,131.635,131.635,262.428,-0.288855
29,120,43.1444,10.2223,10.2223,39.269,0.463552
29,144,1.26756,0.151008,0.151008,1.13372,0.554532
29,168,0.0256989,0.00220203,0.00220203,0.0307626,-0.773166
29,192,0.00080218,3.20072e-5,3.20072e-5,0.000832201,-0.169445
29,193,25.7047,15.6254,15.6254,23.2228,0.501996
29,194,99.4982,50.5747,50.5747,78.0102,1.29383
29,197,286.706,167.702,167.702,289.221,-0.0408449
29,199,310.533,171.12,171.12,325.149,-0.211145
29,216,50.8046,13.5935,13.5935,50.4192,0.0359035
29,240,1.52387,0.198378,0.198378,1.44748,0.247857
29,264,0.0457588,0.0028526,0.0028526,0.0387088,0.855485
29,288,0.000994178,4.10239e-5,4.10239e-5,0.00103206,-0.172395
29,289,79.7383,48.4014,48.4014,69.3016,0.707375
29,290,244.989,155.228,155.228,230.557,0.294024
29,293,906.926,501.381,501.381,832.83,0.417895
29,295,859.313,508.489,508.489,928.389,-0.34949
29,312,164.761,40.238,40.238,141.129,0.786526
29,336,3.85692,0.581278,0.581278,4.09504,-0.273124
29,360,0.135399,0.00833291,0.00833291,0.112097,0.976428
29,384,0.00233848,0.000119404,0.000119404,0.00305759,-1.10471
29,385,43.1158,33.7354,33.7354,44.8839,-0.185027
29,386,137.059,108.547,108.547,149.68,-0.396069
29,389,588.466,363.716,363.716,553.389,0.297734
29,391,529.688,376.284,376.284,629.967,-0.747693
29,408,111.631,31.1737,31.1737,103.666,0.36091
29,432,2.80027,0.461801,0.461801,3.03338,-0.360955
29,456,0.08021,0.00673262,0.00673262,0.0823691,-0.123125
29,480,0.00223723,9.78051e-5,9.78051e-5,0.00222856,0.0182867
29,481,47.3434,29.9163,29.9163,38.524,1.07532
29,482,139.672,96.3049,96.3049,128.519,0.407603
29,485,439.065,323.072,323.072,478.71,-0.389007
29,487,658.999,335.168,335.168,547.417,0.95743
29,504,81.0026,28.0597,28.0597,91.4038,-0.534506
29,528,3.01216,0.407358,0.407358,2.674,0.594009
29,552,0.07325,0.005791,0.005791,0.0726988,0.0356173
29,576,0.00206758,8.2648e-5,8.2648e-5,0.00197038,0.231718
29,577,34.0406,27.9427,27.9427,35.1598,-0.149518
29,578,122.493,89.9683,89.9683,117.314,0.207386
29,581,433.479,301.425,301.425,437.326,-0.0413224
29,583,514.143,314.237,314.237,500.797,0.125174
29,600,84.4003,26.484,26.484,84.1321,0.014975
29,624,3.05807,0.391628,0.391628,2.44698,1.17301
29,648,0.0693414,0.00563646,0.00563646,0.0656462,0.264399
30,0,0,0,0,0,0
30,1,65.5101,83.7406,83.7406,66.8089,-0.0913173
30,2,114.779,154.935,154.935,102.205,0.577893
30,5,95.9542,188.225,188.225,115.478,-0.79413
30,7,86.2778,151.825,151.825,94.3237,-0.40067
30,24,5.37244,8.91028,8.91028,6.4465,-0.782597
30,48,0.117309,0.127315,0.127315,0.119242,-0.0761298
30,72,0.00219103,0.00180256,0.00180256,0.00220063,-0.0204968
30,96,3.30064e-5,2.65927e-5,2.65927e-5,4.0484e-5,-0.867584
30,97,8.83709,12.3244,12.3244,7.98046,0.504193
30,98,26.4705,39.8762,39.8762,25.8422,0.114209
30,101,80.0204,130.516,130.516,85.4085,-0.296326
30,103,73.8495,131.635,131.635,87.0388,-0.711771
30,120,8.07163,10.2223,10.2223,7.71004,0.220294
30,144,0.153789,0.151008,0.151008,0.142807,0.361203
30,168,0.00174876,0.00220203,0.00220203,0.00262112,-1.56329
30,192,7.86117e-5,3.20072e-5,3.20072e-5,4.79341e-5,3.00614
30,193,13.195,15.6254,15.6254,10.9803,0.947404
30,194,38.7687,50.5747,50.5747,35.5633,0.423359
30,197,120.821,167.702,167.702,119.127,0.06678
30,199,127.659,171.12,171.12,122.492,0.198141
30,216,11.5679,13.5935,13.5935,11.0966,0.199501
30,240,0.230479,0.198378,0.198378,0.206362,0.548945
30,264,0.00285647,0.0028526,0.0028526,0.00378547,-1.15274
30,288,6.44725e-5,4.10239e-5,4.10239e-5,6.92123e-5,-0.321665
30,289,40.1233,48.4014,48.4014,36.4875,0.468041
30,290,124.273,155.228,155.228,117.186,0.284079
30,293,422.182,501.381,501.381,388.299,0.409861
30,295,482.885,508.489,508.489,397.299,1.01186
30,312,34.6206,40.238,40.238,35.9706,-0.176291
30,336,0.690965,0.581278,0.581278,0.675243,0.109369
30,360,0.0139654,0.00833291,0.00833291,0.0125624,0.524594
30,384,0.000205973,0.000119404,0.000119404,0.000232686,-0.539259
30,385,33.4345,33.7354,33.7354,28.7626,0.762951
30,386,104.89,108.547,108.547,92.6006,0.623393
30,389,320.979,363.716,363.716,310.7,0.155387
30,391,302.094,376.284,376.284,324.276,-0.321308
30,408,27.2419,31.1737,31.1737,30.3015,-0.474283
30,432,0.553766,0.461801,0.461801,0.559111,-0.0449038
30,456,0.0102701,0.00673262,0.00673262,0.0102129,0.026302
30,480,0.000170997,9.78051e-5,9.78051e-5,0.000186467,-0.389699
30,481,32.173,29.9163,29.9163,26.8248,0.936482
30,482,80.4958,96.3049,96.3049,86.3897,-0.320463
30,485,306.03,323.072,323.072,291.187,0.239431
30,487,334.538,335.168,335.168,304.538,0.462703
30,504,28.8784,28.0597,28.0597,28.6964,0.0297956
30,528,0.580378,0.407358,0.407358,0.532924,0.418256
30,552,0.00690557,0.005791,0.005791,0.00978231,-1.38131
30,576,0.000167263,8.2648e-5,8.2648e-5,0.00017954,-0.321172
30,577,33.3239,27.9427,27.9427,25.8589,1.35598
30,578,77.1417,89.9683,89.9683,83.2889,-0.346675
30,581,298.268,301.425,301.425,280.818,0.291889
30,583,314.814,314.237,314.237,293.975,0.332966
30,600,33.2555,26.484,26.484,27.5122,0.980547
30,624,0.535098,0.391628,0.391628,0.508949,0.241328
30,648,0.00943788,0.00563646,0.00563646,0.00933191,0.0533365