id,time,y1,popPred_medianCOV,popPred,indivPred_SAEM,indWRes_SAEM
1,0,0,0,0,0,0
1,1,3.46613,3.64959,3.64959,3.33198,0.231728
1,2,5.48697,6.14206,6.14206,5.19902,0.318773
1,5,4.95462,6.15113,6.15113,3.82789,1.6941
1,7,1.43485,2.86896,2.86896,1.20188,1.11567
1,24,6.56404e-5,0.00438804,0.00438804,6.3608e-5,0.183895
1,48,5.29758e-11,4.65062e-7,4.65062e-7,5.83868e-11,-0.533389
1,72,4.74922e-17,4.92891e-11,4.92891e-11,5.35942e-17,-0.0274806
1,96,3.84116e-23,5.22385e-15,5.22385e-15,4.91949e-23,-4.85636e-8
1,97,21.1122,18.248,18.248,16.6599,1.53814
1,98,29.2217,30.7103,30.7103,25.9951,0.714397
1,101,24.2348,30.7557,30.7557,19.1395,1.53222
1,103,5.4352,14.3448,14.3448,6.00938,-0.549923
1,120,0.000399265,0.0219402,0.0219402,0.00031804,1.4699
1,144,3.2158e-10,2.32531e-6,2.32531e-6,2.91934e-10,0.584462
1,168,3.08196e-16,2.46445e-10,2.46445e-10,2.67971e-16,0.181158
1,192,2.24754e-22,2.61193e-14,2.61193e-14,2.45975e-22,-9.55696e-8
1,193,43.7352,36.4959,36.4959,33.3198,1.79909
1,194,56.8952,61.4206,61.4206,51.9902,0.543003
1,197,43.8508,61.5113,61.5113,38.2789,0.83777
1,199,13.7633,28.6896,28.6896,12.0188,0.835423
1,216,0.000591099,0.0438804,0.0438804,0.00063608,-0.407003
1,240,5.61645e-10,4.65062e-6,4.65062e-6,5.83868e-10,-0.219064
1,264,4.56628e-16,4.92891e-10,4.92891e-10,5.35942e-16,-0.357197
1,288,4.55379e-22,5.22385e-14,5.22385e-14,4.91949e-22,-1.64697e-7
1,289,86.7339,72.9918,72.9918,66.6396,1.73548
1,290,123.83,122.841,122.841,103.98,1.09873
1,293,93.0727,123.023,123.023,76.5579,1.24155
1,295,27.099,57.3793,57.3793,24.0375,0.733035
1,312,0.00154015,0.0877607,0.0877607,0.00127216,1.21242
1,336,1.12772e-9,9.30123e-6,9.30123e-6,1.16774e-9,-0.197248
1,360,9.61959e-16,9.85781e-10,9.85781e-10,1.07188e-15,-0.495054
1,384,8.29591e-22,1.04477e-13,1.04477e-13,9.83898e-22,-6.94939e-7
1,385,79.2099,72.9918,72.9918,66.6396,1.08566
1,386,111.227,122.841,122.841,103.98,0.401136
1,389,77.321,123.023,123.023,76.5579,0.0573697
1,391,27.3759,57.3793,57.3793,24.0375,0.799327
1,408,0.00136654,0.0877607,0.0877607,0.00127216,0.427
1,432,1.29402e-9,9.30123e-6,9.30123e-6,1.16774e-9,0.622406
1,456,1.02768e-15,9.85781e-10,9.85781e-10,1.07188e-15,-0.199056
1,480,8.41852e-22,1.04477e-13,1.04477e-13,9.83898e-22,-6.39718e-7
1,481,69.1868,72.9918,72.9918,66.6396,0.21999
1,482,129.288,122.841,122.841,103.98,1.40081
1,485,90.7746,123.023,123.023,76.5579,1.06879
1,487,30.2735,57.3793,57.3793,24.0375,1.49313
1,504,0.00122162,0.0877607,0.0877607,0.00127216,-0.228674
1,528,1.2023e-9,9.30123e-6,9.30123e-6,1.16774e-9,0.170371
1,552,9.34156e-16,9.85781e-10,9.85781e-10,1.07188e-15,-0.620267
1,576,9.54405e-22,1.04477e-13,1.04477e-13,9.83898e-22,-1.32827e-7
1,577,83.4655,72.9918,72.9918,66.6396,1.4532
1,578,115.403,122.841,122.841,103.98,0.632282
1,581,85.3296,123.023,123.023,76.5579,0.659444
1,583,31.6873,57.3793,57.3793,24.0375,1.83162
1,600,0.00164193,0.0877607,0.0877607,0.00127216,1.67291
1,624,1.23232e-9,9.30123e-6,9.30123e-6,1.16774e-9,0.318306
1,648,1.09433e-15,9.85781e-10,9.85781e-10,1.07188e-15,0.101071
2,0,0,0,0,0,0
2,1,3.45533,3.64959,3.64959,3.13476,0.58857
2,2,5.67911,6.14206,6.14206,4.66689,1.24832
2,5,3.02022,6.15113,6.15113,2.82585,0.395875
2,7,0.785278,2.86896,2.86896,0.675047,0.939833
2,24,4.05409e-6,0.00438804,0.00438804,3.49863e-6,0.913768
2,48,1.10711e-13,4.65062e-7,4.65062e-7,1.20811e-13,-0.48117
2,72,3.96371e-21,4.92891e-11,4.92891e-11,4.17172e-21,-9.36792e-7
2,96,1.23204e-28,5.22385e-15,5.22385e-15,1.44053e-28,-9.38983e-14
2,97,16.8664,18.248,18.248,15.6738,0.437917
2,98,24.5573,30.7103,30.7103,23.3345,0.301605
2,101,18.0298,30.7557,30.7557,14.1293,1.58885
2,103,3.82713,14.3448,14.3448,3.37523,0.770569
2,120,2.02251e-5,0.0219402,0.0219402,1.74932e-5,0.898842
2,144,5.42257e-13,2.32531e-6,2.32531e-6,6.04055e-13,-0.588811
2,168,2.09719e-20,2.46445e-10,2.46445e-10,2.08586e-20,5.10198e-7
3,0,0,0,0,0,0
3,1,3.52779,3.64959,3.64959,3.83055,-0.4549
3,2,8.16395,6.14206,6.14206,6.72871,1.22765
3,5,9.70651,6.15113,6.15113,8.00505,1.22332
3,7,6.82457,2.86896,2.86896,4.58233,2.81629
3,24,0.0371976,0.00438804,0.00438804,0.0399692,-0.399106
3,48,5.17174e-5,4.65062e-7,4.65062e-7,4.94758e-5,0.260754
3,72,5.69337e-8,4.92891e-11,4.92891e-11,6.12436e-8,-0.405028
3,96,7.29559e-11,5.22385e-15,5.22385e-15,7.58103e-11,-0.216701
3,97,22.6551,18.248,18.248,19.1527,1.05248
3,98,42.0479,30.7103,30.7103,33.6435,1.43776
3,101,53.3124,30.7557,30.7557,40.0253,1.91064
3,103,23.8853,14.3448,14.3448,22.9117,0.244587
3,120,0.195485,0.0219402,0.0219402,0.199846,-0.125611
3,144,0.000287683,2.32531e-6,2.32531e-6,0.000247379,0.937702
3,168,3.25762e-7,2.46445e-10,2.46445e-10,3.06218e-7,0.367341
3,192,3.60908e-10,2.61193e-14,2.61193e-14,3.79051e-10,-0.275485
3,193,36.7254,36.4959,36.4959,38.3055,-0.237419
3,194,86.4131,61.4206,61.4206,67.2871,1.63597
3,197,89.4011,61.5113,61.5113,80.0505,0.672285
3,199,57.7485,28.6896,28.6896,45.8233,1.49782
3,216,0.468922,0.0438804,0.0438804,0.399692,0.996896
3,240,0.000443901,4.65062e-6,4.65062e-6,0.000494758,-0.591615
3,264,6.30166e-7,4.92891e-10,4.92891e-10,6.12436e-7,0.166621
3,288,6.95596e-10,5.22385e-14,5.22385e-14,7.58103e-10,-0.474551
3,289,97.2126,72.9918,72.9918,76.611,1.54772
3,290,106.907,122.841,122.841,134.574,-1.18327
3,293,195.997,123.023,123.023,160.101,1.29042
3,295,94.2869,57.3793,57.3793,91.6466,0.16581
3,312,0.904881,0.0877607,0.0877607,0.799385,0.759564
3,336,0.000879285,9.30123e-6,9.30123e-6,0.000989517,-0.641162
3,360,1.38039e-6,9.85781e-10,9.85781e-10,1.22487e-6,0.730773
3,384,1.35448e-9,1.04477e-13,1.04477e-13,1.51621e-9,-0.613906
3,385,98.3292,72.9918,72.9918,76.611,1.6316
3,386,175.091,122.841,122.841,134.574,1.73281
3,389,186.501,123.023,123.023,160.101,0.949059
3,391,97.0871,57.3793,57.3793,91.6466,0.341663
3,408,0.900344,0.0877607,0.0877607,0.799385,0.726897
3,432,0.00109158,9.30123e-6,9.30123e-6,0.000989517,0.593664
3,456,1.23165e-6,9.85781e-10,9.85781e-10,1.22487e-6,0.0318588
3,480,1.30773e-9,1.04477e-13,1.04477e-13,1.51621e-9,-0.79135
3,481,95.6681,72.9918,72.9918,76.611,1.43168
3,482,140.258,122.841,122.841,134.574,0.243107
3,485,204.5,123.023,123.023,160.101,1.59611
3,487,127.823,57.3793,57.3793,91.6466,2.27189
3,504,0.920371,0.0877607,0.0877607,0.799385,0.871086
3,528,0.000811128,9.30123e-6,9.30123e-6,0.000989517,-1.03759
3,552,1.21034e-6,9.85781e-10,9.85781e-10,1.22487e-6,-0.0682967
3,576,1.52103e-9,1.04477e-13,1.04477e-13,1.51621e-9,0.0183325
3,577,95.6928,72.9918,72.9918,76.611,1.43354
3,578,155.101,122.841,122.841,134.574,0.877883
3,581,183.817,123.023,123.023,160.101,0.852563
3,583,90.867,57.3793,57.3793,91.6466,-0.0489614
3,600,0.962993,0.0877607,0.0877607,0.799385,1.17796
3,624,0.000835038,9.30123e-6,9.30123e-6,0.000989517,-0.898521
3,648,1.33575e-6,9.85781e-10,9.85781e-10,1.22487e-6,0.521015
4,0,0,0,0,0,0
4,1,4.33586,3.64959,3.64959,3.7126,0.966208
4,2,7.36424,6.14206,6.14206,6.34218,0.92752
4,5,9.25186,6.15113,6.15113,6.74559,2.13841
4,7,4.03338,2.86896,2.86896,3.38404,1.10438
4,24,0.00965683,0.00438804,0.00438804,0.00961541,0.0247911
4,48,2.7708e-6,4.65062e-7,4.65062e-7,2.44318e-6,0.771787
4,72,5.74083e-10,4.92891e-11,4.92891e-11,6.20786e-10,-0.433001
4,96,1.54951e-13,5.22385e-15,5.22385e-15,1.57735e-13,-0.101582
4,97,19.7021,18.248,18.248,18.563,0.353194
4,98,33.7593,30.7103,30.7103,31.7109,0.371794
4,101,40.1068,30.7557,30.7557,33.7279,1.08851
4,103,20.2119,14.3448,14.3448,16.9202,1.11968
4,120,0.0443536,0.0219402,0.0219402,0.048077,-0.445753
4,144,1.224e-5,2.32531e-6,2.32531e-6,1.22159e-5,0.0113645
4,168,3.24197e-9,2.46445e-10,2.46445e-10,3.10393e-9,0.255954
4,192,7.27277e-13,2.61193e-14,2.61193e-14,7.88677e-13,-0.448071
4,193,45.9769,36.4959,36.4959,37.126,1.37212
4,194,78.8136,61.4206,61.4206,63.4218,1.3968
4,197,82.374,61.5113,61.5113,67.4559,1.27285
4,199,43.0067,28.6896,28.6896,33.8404,1.55899
4,216,0.0926427,0.0438804,0.0438804,0.0961541,-0.210183
4,240,2.43325e-5,4.65062e-6,4.65062e-6,2.44318e-5,-0.0233842
4,264,7.10535e-9,4.92891e-10,4.92891e-10,6.20786e-9,0.832082
4,288,1.58329e-12,5.22385e-14,5.22385e-14,1.57735e-12,0.0216666
4,289,75.006,72.9918,72.9918,74.252,0.0584458
4,290,123.22,122.841,122.841,126.844,-0.164425
4,293,177.158,123.023,123.023,134.912,1.80226
4,295,90.6936,57.3793,57.3793,67.6808,1.95698
4,312,0.192848,0.0877607,0.0877607,0.192308,0.0161486
4,336,4.81087e-5,9.30123e-6,9.30123e-6,4.88635e-5,-0.0889061
4,360,1.10506e-8,9.85781e-10,9.85781e-10,1.24157e-8,-0.632826
4,384,2.98698e-12,1.04477e-13,1.04477e-13,3.15471e-12,-0.30601
4,385,90.3736,72.9918,72.9918,74.252,1.24963
4,386,136.801,122.841,122.841,126.844,0.451808
4,389,183.959,123.023,123.023,134.912,2.09241
4,391,87.0058,57.3793,57.3793,67.6808,1.64337
4,408,0.213092,0.0877607,0.0877607,0.192308,0.622032
4,432,5.59672e-5,9.30123e-6,9.30123e-6,4.88635e-5,0.836718
4,456,1.26412e-8,9.85781e-10,9.85781e-10,1.24157e-8,0.104545
4,480,3.14037e-12,1.04477e-13,1.04477e-13,3.15471e-12,-0.0261646
4,481,71.7672,72.9918,72.9918,74.252,-0.192603
4,482,143.87,122.841,122.841,126.844,0.772573
4,485,178.026,123.023,123.023,134.912,1.83929
4,487,82.098,57.3793,57.3793,67.6808,1.22602
4,504,0.204609,0.0877607,0.0877607,0.192308,0.368141
4,528,4.90046e-5,9.30123e-6,9.30123e-6,4.88635e-5,0.0166201
4,552,1.30994e-8,9.85781e-10,9.85781e-10,1.24157e-8,0.316947
4,576,3.30013e-12,1.04477e-13,1.04477e-13,3.15471e-12,0.265301
4,577,84.773,72.9918,72.9918,74.252,0.815513
4,578,120.238,122.841,122.841,126.844,-0.299719
4,581,166.495,123.023,123.023,134.912,1.34739
4,583,78.7823,57.3793,57.3793,67.6808,0.944061
4,600,0.212698,0.0877607,0.0877607,0.192308,0.610231
4,624,4.81768e-5,9.30123e-6,9.30123e-6,4.88635e-5,-0.0808888
4,648,1.23242e-8,9.85781e-10,9.85781e-10,1.24157e-8,-0.0424482
5,0,0,0,0,0,0
5,1,4.24846,3.64959,3.64959,3.61009,1.01773
5,2,6.71821,6.14206,6.14206,6.01883,0.668772
5,5,5.87423,6.15113,6.15113,5.80376,0.0698886
5,7,2.60299,2.86896,2.86896,2.58377,0.0428197
5,24,0.00291641,0.00438804,0.00438804,0.00265999,0.554841
5,48,1.50089e-7,4.65062e-7,4.65062e-7,1.61217e-7,-0.397272
5,72,9.16452e-12,4.92891e-11,4.92891e-11,9.77104e-12,-0.357263
5,96,6.28478e-16,5.22385e-15,5.22385e-15,5.92204e-16,0.163362
5,97,23.9843,18.248,18.248,18.0505,1.89203
5,98,25.7949,30.7103,30.7103,30.0942,-0.822227
5,101,28.8503,30.7557,30.7557,29.0188,-0.0334144
5,103,15.2992,14.3448,14.3448,12.9188,1.06046
5,120,0.0138371,0.0219402,0.0219402,0.0132999,0.232463
5,144,7.97453e-7,2.32531e-6,2.32531e-6,8.06083e-7,-0.0616236
5,168,5.4898e-11,2.46445e-10,2.46445e-10,4.88552e-11,0.71188
5,192,2.7316e-15,2.61193e-14,2.61193e-14,2.96102e-15,-0.445929
5,193,38.0073,36.4959,36.4959,36.1009,0.303935
5,194,68.8885,61.4206,61.4206,60.1883,0.83195
5,197,67.6373,61.5113,61.5113,58.0376,0.951986
5,199,26.7035,28.6896,28.6896,25.8377,0.192878
5,216,0.0276261,0.0438804,0.0438804,0.0265999,0.22206
5,240,1.46876e-6,4.65062e-6,4.65062e-6,1.61217e-6,-0.511955
5,264,1.01882e-10,4.92891e-10,4.92891e-10,9.77104e-11,0.245728
5,288,5.46216e-15,5.22385e-14,5.22385e-14,5.92204e-15,-0.446943
5,289,85.1367,72.9918,72.9918,72.2018,1.03108
5,290,139.283,122.841,122.841,120.377,0.90395
5,293,127.361,123.023,123.023,116.075,0.55961
5,295,61.1825,57.3793,57.3793,51.6753,1.05888
5,312,0.0640861,0.0877607,0.0877607,0.0531997,1.17775
5,336,3.64853e-6,9.30123e-6,9.30123e-6,3.22433e-6,0.757202
5,360,2.02237e-10,9.85781e-10,9.85781e-10,1.95421e-10,0.200736
5,384,9.49085e-15,1.04477e-13,1.04477e-13,1.18441e-14,-1.14352
5,385,88.915,72.9918,72.9918,72.2018,1.33227
5,386,141.629,122.841,122.841,120.377,1.01613
5,389,117.104,123.023,123.023,116.075,0.0510366
5,391,63.5534,57.3793,57.3793,51.6753,1.32295
5,408,0.0627371,0.0877607,0.0877607,0.0531997,1.03181
5,432,3.08064e-6,9.30123e-6,9.30123e-6,3.22433e-6,-0.256495
5,456,2.15714e-10,9.85781e-10,9.85781e-10,1.95421e-10,0.59766
5,480,1.17729e-14,1.04477e-13,1.04477e-13,1.18441e-14,-0.0345699
5,481,86.0232,72.9918,72.9918,72.2018,1.10175
5,482,132.42,122.841,122.841,120.377,0.575834
5,485,148.984,123.023,123.023,116.075,1.63175
5,487,59.6863,57.3793,57.3793,51.6753,0.89224
5,504,0.0601418,0.0877607,0.0877607,0.0531997,0.751043
5,528,3.48227e-6,9.30123e-6,9.30123e-6,3.22433e-6,0.460419
5,552,1.7615e-10,9.85781e-10,9.85781e-10,1.95421e-10,-0.567559
5,576,1.03795e-14,1.04477e-13,1.04477e-13,1.18441e-14,-0.711684
5,577,65.1134,72.9918,72.9918,72.2018,-0.565048
5,578,127.062,122.841,122.841,120.377,0.319628
5,581,118.067,123.023,123.023,116.075,0.09879
5,583,66.4272,57.3793,57.3793,51.6753,1.64303
5,600,0.0643594,0.0877607,0.0877607,0.0531997,1.20733
5,624,3.42098e-6,9.30123e-6,9.30123e-6,3.22433e-6,0.351011
5,648,1.91372e-10,9.85781e-10,9.85781e-10,1.95421e-10,-0.119255
6,0,0,0,0,0,0
6,1,4.18829,3.64959,3.64959,3.80871,0.573598
6,2,9.6876,6.14206,6.14206,6.65595,2.6215
6,5,8.73896,6.15113,6.15113,7.75641,0.729074
6,7,5.54049,2.86896,2.86896,4.33466,1.60107
6,24,0.0401071,0.00438804,0.00438804,0.0308286,1.73223
6,48,2.94938e-5,4.65062e-7,4.65062e-7,2.86075e-5,0.178307
6,72,2.81823e-8,4.92891e-11,4.92891e-11,2.65465e-8,0.354654
6,96,2.74664e-11,5.22385e-15,5.22385e-15,2.4634e-11,0.661757
6,97,22.541,18.248,18.248,19.0435,1.05704
6,98,40.7206,30.7103,30.7103,33.2798,1.28684
6,101,57.2657,30.7557,30.7557,38.7821,2.74307
6,103,23.0094,14.3448,14.3448,21.6733,0.354819
6,120,0.17476,0.0219402,0.0219402,0.154143,0.769833
6,144,0.000133881,2.32531e-6,2.32531e-6,0.000143038,-0.368441
6,168,1.29748e-7,2.46445e-10,2.46445e-10,1.32733e-7,-0.129431
6,192,1.16418e-10,2.61193e-14,2.61193e-14,1.2317e-10,-0.315485
6,193,38.0252,36.4959,36.4959,38.0871,-0.00935778
6,194,85.1981,61.4206,61.4206,66.5595,1.6117
6,197,97.0539,61.5113,61.5113,77.5641,1.4462
6,199,46.2089,28.6896,28.6896,43.3466,0.380052
6,216,0.418184,0.0438804,0.0438804,0.308286,2.05173
6,240,0.000329342,4.65062e-6,4.65062e-6,0.000286075,0.870483
6,264,2.79281e-7,4.92891e-10,4.92891e-10,2.65465e-7,0.299537
6,288,2.59664e-10,5.22385e-14,5.22385e-14,2.4634e-10,0.3113
6,289,99.734,72.9918,72.9918,76.1742,1.7801
6,290,185.427,122.841,122.841,133.119,2.26157
6,293,180.446,123.023,123.023,155.128,0.93934
6,295,100.407,57.3793,57.3793,86.6932,0.91042
6,312,0.680338,0.0877607,0.0877607,0.616571,0.595238
6,336,0.000631908,9.30123e-6,9.30123e-6,0.00057215,0.601125
6,360,4.5186e-7,9.85781e-10,9.85781e-10,5.3093e-7,-0.857153
6,384,5.16881e-10,1.04477e-13,1.04477e-13,4.92679e-10,0.282724
6,385,98.1824,72.9918,72.9918,76.1742,1.66287
6,386,162.237,122.841,122.841,133.119,1.25895
6,389,154.909,123.023,123.023,155.128,-0.00813586
6,391,103.687,57.3793,57.3793,86.6932,1.1282
6,408,0.856484,0.0877607,0.0877607,0.616571,2.2395
6,432,0.000560194,9.30123e-6,9.30123e-6,0.00057215,-0.120273
6,456,5.18312e-7,9.85781e-10,9.85781e-10,5.3093e-7,-0.136787
6,480,4.59377e-10,1.04477e-13,1.04477e-13,4.92679e-10,-0.389043
6,481,86.7012,72.9918,72.9918,76.1742,0.79539
6,482,169.883,122.841,122.841,133.119,1.58951
6,485,170.33,123.023,123.023,155.128,0.563992
6,487,96.4635,57.3793,57.3793,86.6932,0.648645
6,504,0.652432,0.0877607,0.0877607,0.616571,0.33475
6,528,0.000594362,9.30123e-6,9.30123e-6,0.00057215,0.223438
6,552,5.25845e-7,9.85781e-10,9.85781e-10,5.3093e-7,-0.0551226
6,576,4.85046e-10,1.04477e-13,1.04477e-13,4.92679e-10,-0.0891759
6,577,93.5348,72.9918,72.9918,76.1742,1.31172
6,578,148.702,122.841,122.841,133.119,0.673759
6,581,146.053,123.023,123.023,155.128,-0.336715
6,583,105.776,57.3793,57.3793,86.6932,1.26692
6,600,0.658076,0.0877607,0.0877607,0.616571,0.38743
6,624,0.000601869,9.30123e-6,9.30123e-6,0.00057215,0.298947
6,648,5.05612e-7,9.85781e-10,9.85781e-10,5.3093e-7,-0.274461
7,0,0,0,0,0,0
7,1,4.29507,3.64959,3.64959,3.85595,0.655437
7,2,7.84108,6.14206,6.14206,6.81401,0.867517
7,5,10.3913,6.15113,6.15113,8.3036,1.44705
7,7,6.35573,2.86896,2.86896,4.8867,1.73019
7,24,0.067882,0.00438804,0.00438804,0.0539373,1.488
7,48,9.75895e-5,4.65062e-7,4.65062e-7,9.30865e-5,0.278418
7,72,1.84402e-7,4.92891e-11,4.92891e-11,1.60651e-7,0.850906
7,96,2.74209e-10,5.22385e-15,5.22385e-15,2.77256e-10,-0.0632601
7,97,22.3174,18.248,18.248,19.2798,0.906814
7,98,40.0782,30.7103,30.7103,34.0701,1.01495
7,101,51.284,30.7557,30.7557,41.518,1.35382
7,103,24.4557,14.3448,14.3448,24.4335,0.00522385
7,120,0.294028,0.0219402,0.0219402,0.269686,0.519472
7,144,0.000537735,2.32531e-6,2.32531e-6,0.000465432,0.894085
7,168,7.62538e-7,2.46445e-10,2.46445e-10,8.03256e-7,-0.291754
7,192,1.25728e-9,2.61193e-14,2.61193e-14,1.38628e-9,-0.535599
7,193,35.6663,36.4959,36.4959,38.5595,-0.431843
7,194,73.9268,61.4206,61.4206,68.1401,0.488774
7,197,88.8033,61.5113,61.5113,83.036,0.399752
7,199,55.2508,28.6896,28.6896,48.867,0.751864
7,216,0.484954,0.0438804,0.0438804,0.539373,-0.580689
7,240,0.00103327,4.65062e-6,4.65062e-6,0.000930865,0.633167
7,264,1.54918e-6,4.92891e-10,4.92891e-10,1.60651e-6,-0.205399
7,288,2.34717e-9,5.22385e-14,5.22385e-14,2.77256e-9,-0.883063
7,289,104.983,91.2398,91.2398,96.3988,0.512522
7,290,184.279,153.551,153.551,170.35,0.470605
7,293,255.715,153.778,153.778,207.59,1.33428
7,295,155.093,71.7241,71.7241,122.168,1.55117
7,312,1.24242,0.109701,0.109701,1.34843,-0.452487
7,336,0.0024178,1.16265e-5,1.16265e-5,0.00232716,0.22417
7,360,4.65183e-6,1.23223e-9,1.23223e-9,4.01628e-6,0.910767
7,384,6.29295e-9,1.30596e-13,1.30596e-13,6.93141e-9,-0.530143
7,385,107.968,91.2398,91.2398,96.3988,0.690757
7,386,238.519,153.551,153.551,170.35,2.30315
7,389,267.285,153.778,153.778,207.59,1.65507
7,391,141.013,71.7241,71.7241,122.168,0.887837
7,408,1.45965,0.109701,0.109701,1.34843,0.474727
7,432,0.0024023,1.16265e-5,1.16265e-5,0.00232716,0.185835
7,456,4.55959e-6,1.23223e-9,1.23223e-9,4.01628e-6,0.778587
7,480,6.52179e-9,1.30596e-13,1.30596e-13,6.93141e-9,-0.34012
7,481,122.295,91.2398,91.2398,96.3988,1.54611
7,482,179.132,153.551,153.551,170.35,0.296685
7,485,206.085,153.778,153.778,207.59,-0.0417213
7,487,136.892,71.7241,71.7241,122.168,0.693677
7,504,1.56672,0.109701,0.109701,1.34843,0.931711
7,528,0.00256083,1.16265e-5,1.16265e-5,0.00232716,0.57791
7,552,3.54532e-6,1.23223e-9,1.23223e-9,4.01628e-6,-0.6749
7,576,6.43104e-9,1.30596e-13,1.30596e-13,6.93141e-9,-0.415479
7,577,106.247,91.2398,91.2398,96.3988,0.587981
7,578,191.563,153.551,153.551,170.35,0.716688
7,581,251.557,153.778,153.778,207.59,1.21901
7,583,163.256,71.7241,71.7241,122.168,1.93573
7,600,1.74014,0.109701,0.109701,1.34843,1.67192
7,624,0.00237895,1.16265e-5,1.16265e-5,0.00232716,0.128071
7,648,4.32105e-6,1.23223e-9,1.23223e-9,4.01628e-6,0.436754
8,0,0,0,0,0,0
8,1,3.74143,3.64959,3.64959,3.4058,0.56718
8,2,6.07527,6.14206,6.14206,5.40859,0.709439
8,5,4.79615,6.15113,6.15113,4.28034,0.693564
8,7,1.81597,2.86896,2.86896,1.48015,1.30582
8,24,0.000208032,0.00438804,0.00438804,0.000177968,0.972292
8,48,5.61747e-10,4.65062e-7,4.65062e-7,5.20321e-10,0.458219
8,72,1.42007e-15,4.92891e-11,4.92891e-11,1.52126e-15,-0.382835
8,96,3.8205e-21,5.22385e-15,5.22385e-15,4.44768e-21,-2.82459e-6
8,97,21.7812,18.248,18.248,17.029,1.60613
8,98,35.947,30.7103,30.7103,27.0429,1.89504
8,101,25.707,30.7557,30.7557,21.4017,1.1578
8,103,8.4331,14.3448,14.3448,7.40076,0.802841
8,120,0.000977622,0.0219402,0.0219402,0.000889838,0.567787
8,144,3.03748e-9,2.32531e-6,2.32531e-6,2.60161e-9,0.964281
8,168,7.21132e-15,2.46445e-10,2.46445e-10,7.60629e-15,-0.298862
8,192,2.42527e-20,2.61193e-14,2.61193e-14,2.22384e-20,9.07138e-6
8,193,38.8144,36.4959,36.4959,34.058,0.80378
8,194,61.6964,61.4206,61.4206,54.0859,0.809865
8,197,51.4111,61.5113,61.5113,42.8034,1.15742
8,199,17.912,28.6896,28.6896,14.8015,1.20949
8,216,0.00219804,0.0438804,0.0438804,0.00177968,1.353
8,240,4.97856e-9,4.65062e-6,4.65062e-6,5.20321e-9,-0.248501
8,264,1.27497e-14,4.92891e-10,4.92891e-10,1.52126e-14,-0.931794
8,288,3.74893e-20,5.22385e-14,5.22385e-14,4.44768e-20,-3.14689e-5
8,289,97.0807,91.2398,91.2398,85.1451,0.806801
8,290,158.65,153.551,153.551,135.215,0.997521
8,293,133.049,153.778,153.778,107.009,1.40057
8,295,34.6371,71.7241,71.7241,37.0038,-0.368116
8,312,0.00587286,0.109701,0.109701,0.00444919,1.84166
8,336,1.33808e-8,1.16265e-5,1.16265e-5,1.3008e-8,0.164911
8,360,3.94297e-14,1.23223e-9,1.23223e-9,3.80314e-14,0.211605
8,384,1.0674e-19,1.30596e-13,1.30596e-13,1.11192e-19,-2.00521e-5
8,385,96.7237,91.2398,91.2398,85.1451,0.78267
8,386,155.155,153.551,153.551,135.215,0.848758
8,389,128.72,153.778,153.778,107.009,1.16777
8,391,40.4351,71.7241,71.7241,37.0038,0.533698
8,408,0.00500547,0.109701,0.109701,0.00444919,0.719603
8,432,1.62699e-8,1.16265e-5,1.16265e-5,1.3008e-8,1.44322
8,456,3.51122e-14,1.23223e-9,1.23223e-9,3.80314e-14,-0.441777
8,480,1.00023e-19,1.30596e-13,1.30596e-13,1.11192e-19,-5.02993e-5
8,481,128.331,91.2398,91.2398,85.1451,2.91922
8,482,163.643,153.551,153.551,135.215,1.21009
8,485,108.192,153.778,153.778,107.009,0.063673
8,487,39.9213,71.7241,71.7241,37.0038,0.453774
8,504,0.00525463,0.109701,0.109701,0.00444919,1.04193
8,528,1.33135e-8,1.16265e-5,1.16265e-5,1.3008e-8,0.135165
8,552,3.44794e-14,1.23223e-9,1.23223e-9,3.80314e-14,-0.537544
8,576,7.37467e-20,1.30596e-13,1.30596e-13,1.11192e-19,-0.000168639
8,577,108.02,91.2398,91.2398,85.1451,1.54628
8,578,166.864,153.551,153.551,135.215,1.34717
8,581,114.802,153.778,153.778,107.009,0.419159
8,583,45.4113,71.7241,71.7241,37.0038,1.30768
8,600,0.00479162,0.109701,0.109701,0.00444919,0.442976
8,624,1.24141e-8,1.16265e-5,1.16265e-5,1.3008e-8,-0.26277
8,648,3.63897e-14,1.23223e-9,1.23223e-9,3.80314e-14,-0.248454
9,0,0,0,0,0,0
9,1,3.3687,3.64959,3.64959,3.96027,-0.859718
9,2,9.08485,6.14206,6.14206,7.17199,1.53506
9,5,10.4077,6.15113,6.15113,9.64181,0.457166
9,7,8.35912,2.86896,2.86896,6.34141,1.83129
9,24,0.192399,0.00438804,0.00438804,0.180059,0.394428
9,48,0.00111395,4.65062e-7,4.65062e-7,0.00117961,-0.320354
9,72,6.19889e-6,4.92891e-11,4.92891e-11,7.72793e-6,-1.13877
9,96,4.57743e-8,5.22385e-15,5.22385e-15,5.06276e-8,-0.551741
9,97,25.4041,18.248,18.248,19.8013,1.6285
9,98,37.3532,30.7103,30.7103,35.8599,0.239673
9,101,60.946,30.7557,30.7557,48.209,1.52061
9,103,33.8713,14.3448,14.3448,31.707,0.392855
9,120,1.00187,0.0219402,0.0219402,0.900296,0.649338
9,144,0.00602458,2.32531e-6,2.32531e-6,0.00589806,0.123462
9,168,3.71127e-5,2.46445e-10,2.46445e-10,3.86397e-5,-0.227439
9,192,2.35496e-7,2.61193e-14,2.61193e-14,2.53138e-7,-0.401107
9,193,43.455,36.4959,36.4959,39.6027,0.559862
9,194,84.0603,61.4206,61.4206,71.7199,0.990313
9,197,116.302,61.5113,61.5113,96.4181,1.18696
9,199,83.0839,28.6896,28.6896,63.4141,1.78524
9,216,1.82842,0.0438804,0.0438804,1.80059,0.0889686
9,240,0.0136592,4.65062e-6,4.65062e-6,0.0117961,0.909017
9,264,6.90069e-5,4.92891e-10,4.92891e-10,7.72793e-5,-0.616098
9,288,5.98787e-7,5.22385e-14,5.22385e-14,5.06276e-7,1.05169
9,289,89.9842,91.2398,91.2398,99.0066,-0.524495
9,290,220.533,153.551,153.551,179.3,1.32358
9,293,285.614,153.778,153.778,241.045,1.06419
9,295,151.284,71.7241,71.7241,158.535,-0.263257
9,312,4.82644,0.109701,0.109701,4.50148,0.415485
9,336,0.036354,1.16265e-5,1.16265e-5,0.0294903,1.33956
9,360,0.000167304,1.23223e-9,1.23223e-9,0.000193198,-0.771389
9,384,1.28303e-6,1.30596e-13,1.30596e-13,1.26569e-6,0.0788593
9,385,126.818,91.2398,91.2398,99.0066,1.61676
9,386,223.697,153.551,153.551,179.3,1.42515
9,389,301.65,153.778,153.778,241.045,1.44706
9,391,196.8,71.7241,71.7241,158.535,1.38918
9,408,5.65729,0.109701,0.109701,4.50148,1.4778
9,432,0.0274183,1.16265e-5,1.16265e-5,0.0294903,-0.404377
9,456,0.000225503,1.23223e-9,1.23223e-9,0.000193198,0.962388
9,480,1.1668e-6,1.30596e-13,1.30596e-13,1.26569e-6,-0.449674
9,481,95.4811,91.2398,91.2398,99.0066,-0.204946
9,482,215.124,153.551,153.551,179.3,1.14997
9,485,240.852,153.778,153.778,241.045,-0.00460259
9,487,197.682,71.7241,71.7241,158.535,1.42119
9,504,4.61437,0.109701,0.109701,4.50148,0.144335
9,528,0.0257388,1.16265e-5,1.16265e-5,0.0294903,-0.732163
9,552,0.000146843,1.23223e-9,1.23223e-9,0.000193198,-1.38096
9,576,1.28828e-6,1.30596e-13,1.30596e-13,1.26569e-6,0.102718
9,577,118.347,91.2398,91.2398,99.0066,1.12431
9,578,187.531,153.551,153.551,179.3,0.264239
9,581,297.487,153.778,153.778,241.045,1.34767
9,583,192.676,71.7241,71.7241,158.535,1.23944
9,600,5.4518,0.109701,0.109701,4.50148,1.21505
9,624,0.0332337,1.16265e-5,1.16265e-5,0.0294903,0.730588
9,648,0.000197533,1.23223e-9,1.23223e-9,0.000193198,0.129124
10,0,0,0,0,0,0
10,1,3.83033,3.64959,3.64959,3.86267,-0.0481842
10,2,8.48429,6.14206,6.14206,6.83669,1.38703
10,5,11.1306,6.15113,6.15113,8.38426,1.88527
10,7,5.26156,2.86896,2.86896,4.97023,0.337351
10,24,0.0544003,0.00438804,0.00438804,0.0583618,-0.390668
10,48,0.00011143,4.65062e-7,4.65062e-7,0.000109919,0.0791349
10,72,1.96812e-7,4.92891e-11,4.92891e-11,2.07022e-7,-0.283851
10,96,3.04184e-10,5.22385e-15,5.22385e-15,3.89906e-10,-1.26535
10,97,20.7574,18.248,18.248,19.3134,0.430339
10,98,36.7173,30.7103,30.7103,34.1835,0.426627
10,101,42.1312,30.7557,30.7557,41.9213,0.0288158
10,103,22.5478,14.3448,14.3448,24.8512,-0.533442
10,120,0.281987,0.0219402,0.0219402,0.291809,-0.193721
10,144,0.000649247,2.32531e-6,2.32531e-6,0.000549595,1.04358
10,168,1.17696e-6,2.46445e-10,2.46445e-10,1.03511e-6,0.788738
10,192,1.98245e-9,2.61193e-14,2.61193e-14,1.94953e-9,0.0971752
10,193,43.5561,36.4959,36.4959,38.6267,0.734489
10,194,70.1518,61.4206,61.4206,68.3669,0.150258
10,197,102.986,61.5113,61.5113,83.8426,1.31411
10,199,62.9791,28.6896,28.6896,49.7023,1.53744
10,216,0.713066,0.0438804,0.0438804,0.583618,1.27658
10,240,0.000991368,4.65062e-6,4.65062e-6,0.00109919,-0.564564
10,264,2.64364e-6,4.92891e-10,4.92891e-10,2.07022e-6,1.59417
10,288,4.26405e-9,5.22385e-14,5.22385e-14,3.89906e-9,0.538772
10,289,137.373,109.488,109.488,115.88,1.06749
10,290,233.82,184.262,184.262,205.101,0.805921
10,293,254.717,184.534,184.534,251.528,0.0729858
10,295,194.278,86.0689,86.0689,149.107,1.74358
10,312,2.01737,0.131641,0.131641,1.75085,0.876101
10,336,0.00345481,1.39518e-5,1.39518e-5,0.00329757,0.274453
10,360,5.81628e-6,1.47867e-9,1.47867e-9,6.21066e-6,-0.365477
10,384,1.22227e-8,1.56716e-13,1.56716e-13,1.16972e-8,0.258586
10,385,126.435,109.488,109.488,115.88,0.524253
10,386,245.316,184.262,184.262,205.101,1.12851
10,389,290.1,184.534,184.534,251.528,0.882624
10,391,173.981,86.0689,86.0689,149.107,0.960139
10,408,2.07103,0.131641,0.131641,1.75085,1.05251
10,432,0.00320921,1.39518e-5,1.39518e-5,0.00329757,-0.154224
10,456,6.52562e-6,1.47867e-9,1.47867e-9,6.21066e-6,0.291881
10,480,9.67241e-9,1.56716e-13,1.56716e-13,1.16972e-8,-0.996272
10,481,136.279,109.488,109.488,115.88,1.01315
10,482,196.148,184.262,184.262,205.101,-0.251217
10,485,320.885,184.534,184.534,251.528,1.58704
10,487,200.534,86.0689,86.0689,149.107,1.98507
10,504,1.9143,0.131641,0.131641,1.75085,0.53729
10,528,0.00351203,1.39518e-5,1.39518e-5,0.00329757,0.374326
10,552,5.7691e-6,1.47867e-9,1.47867e-9,6.21066e-6,-0.409193
10,576,1.03511e-8,1.56716e-13,1.56716e-13,1.16972e-8,-0.662309
10,577,132.218,109.488,109.488,115.88,0.811455
10,578,233.052,184.262,184.262,205.101,0.784348
10,581,250.29,184.534,184.534,251.528,-0.028331
10,583,163.689,86.0689,86.0689,149.107,0.562882
10,600,1.98832,0.131641,0.131641,1.75085,0.780596
10,624,0.00312065,1.39518e-5,1.39518e-5,0.00329757,-0.308791
10,648,6.97375e-6,1.47867e-9,1.47867e-9,6.21066e-6,0.707168
11,0,0,0,0,0,0
11,1,4.90895,3.64959,3.64959,3.73636,1.80625
11,2,7.41928,6.14206,6.14206,6.4188,0.897088
11,5,7.36693,6.15113,6.15113,6.9834,0.316089
11,7,4.53935,2.86896,2.86896,3.59938,1.50303
11,24,0.0140028,0.00438804,0.00438804,0.0128705,0.506349
11,48,4.61998e-6,4.65062e-7,4.65062e-7,4.524e-6,0.122105
11,72,1.48717e-9,4.92891e-11,4.92891e-11,1.5902e-9,-0.372899
11,96,4.96651e-13,5.22385e-15,5.22385e-15,5.58958e-13,-0.641568
11,97,21.4669,18.248,18.248,18.6818,0.858041
11,98,38.3103,30.7103,30.7103,32.094,1.11478
11,101,39.5875,30.7557,30.7557,34.917,0.769856
11,103,19.1236,14.3448,14.3448,17.9969,0.360322
11,120,0.074152,0.0219402,0.0219402,0.0643523,0.876459
11,144,2.05759e-5,2.32531e-6,2.32531e-6,2.262e-5,-0.520097
11,168,8.98753e-9,2.46445e-10,2.46445e-10,7.95099e-9,0.750325
11,192,2.55108e-12,2.61193e-14,2.61193e-14,2.79479e-12,-0.501887
11,193,45.6149,36.4959,36.4959,37.3636,1.27102
11,194,68.6639,61.4206,61.4206,64.188,0.401333
11,197,83.7887,61.5113,61.5113,69.834,1.1501
11,199,44.6252,28.6896,28.6896,35.9938,1.38018
11,216,0.116674,0.0438804,0.0438804,0.128705,-0.537986
11,240,5.09611e-5,4.65062e-6,4.65062e-6,4.524e-5,0.727846
11,264,1.51318e-8,4.92891e-10,4.92891e-10,1.5902e-8,-0.278736
11,288,6.04286e-12,5.22385e-14,5.22385e-14,5.58958e-12,0.46673
11,289,121.655,109.488,109.488,112.091,0.491108
11,290,240.225,184.262,184.262,192.564,1.42452
11,293,221.919,184.534,184.534,209.502,0.341113
11,295,125.772,86.0689,86.0689,107.981,0.948227
11,312,0.487946,0.131641,0.131641,0.386114,1.51793
11,336,0.000127921,1.39518e-5,1.39518e-5,0.00013572,-0.330735
11,360,4.69314e-8,1.47867e-9,1.47867e-9,4.77059e-8,-0.0934361
11,384,1.31542e-11,1.56716e-13,1.56716e-13,1.67688e-11,-1.24061
11,385,139.818,109.488,109.488,112.091,1.42369
11,386,227.274,184.262,184.262,192.564,1.03743
11,389,224.669,184.534,184.534,209.502,0.416661
11,391,127.623,86.0689,86.0689,107.981,1.04691
11,408,0.427396,0.131641,0.131641,0.386114,0.615366
11,432,0.000148101,1.39518e-5,1.39518e-5,0.00013572,0.525034
11,456,5.58121e-8,1.47867e-9,1.47867e-9,4.77059e-8,0.977976
11,480,1.87671e-11,1.56716e-13,1.56716e-13,1.67688e-11,0.685874
11,481,105.792,109.488,109.488,112.091,-0.323433
11,482,252.621,184.262,184.262,192.564,1.79502
11,485,254.516,184.534,184.534,209.502,1.23663
11,487,110.46,86.0689,86.0689,107.981,0.132099
11,504,0.442645,0.131641,0.131641,0.386114,0.842663
11,528,0.000131239,1.39518e-5,1.39518e-5,0.00013572,-0.190005
11,552,5.37141e-8,1.47867e-9,1.47867e-9,4.77059e-8,0.724856
11,576,1.68341e-11,1.56716e-13,1.56716e-13,1.67688e-11,0.0224197
11,577,125.11,109.488,109.488,112.091,0.668495
11,578,242.829,184.262,184.262,192.564,1.50234
11,581,260.903,184.534,184.534,209.502,1.4121
11,583,123.596,86.0689,86.0689,107.981,0.832271
11,600,0.473132,0.131641,0.131641,0.386114,1.29711
11,624,0.000150877,1.39518e-5,1.39518e-5,0.00013572,0.64276
11,648,4.62552e-8,1.47867e-9,1.47867e-9,4.77059e-8,-0.175024
12,0,0,0,0,0,0
12,1,4.1325,3.64959,3.64959,3.5051,1.03022
12,2,6.32936,6.14206,6.14206,5.69958,0.635949
12,5,7.57094,6.15113,6.15113,4.96716,3.01702
12,7,2.18264,2.86896,2.86896,1.94703,0.696478
12,24,0.000774805,0.00438804,0.00438804,0.000679389,0.80832
12,48,1.00288e-8,4.65062e-7,4.65062e-7,8.939e-9,0.701688
12,72,9.08532e-14,4.92891e-11,4.92891e-11,1.17614e-13,-1.30955
12,96,1.18496e-18,5.22385e-15,5.22385e-15,1.5475e-18,-0.00163274
12,97,21.2084,18.248,18.248,17.5255,1.2095
12,98,30.8011,30.7103,30.7103,28.4979,0.465148
12,101,25.3725,30.7557,30.7557,24.8358,0.12437
12,103,10.1553,14.3448,14.3448,9.73515,0.248415
12,120,0.00366429,0.0219402,0.0219402,0.00339694,0.452962
12,144,5.19755e-8,2.32531e-6,2.32531e-6,4.4695e-8,0.937525
12,168,6.00282e-13,2.46445e-10,2.46445e-10,5.88071e-13,0.119516
12,192,6.26097e-18,2.61193e-14,2.61193e-14,7.73749e-18,-0.00664965
12,193,44.3842,36.4959,36.4959,35.051,1.53253
12,194,78.4193,61.4206,61.4206,56.9958,2.16335
12,197,59.7741,61.5113,61.5113,49.6716,1.17058
12,199,22.6732,28.6896,28.6896,19.4703,0.946782
12,216,0.00678774,0.0438804,0.0438804,0.00679389,-0.00520886
12,240,9.27271e-8,4.65062e-6,4.65062e-6,8.939e-8,0.214861
12,264,1.14394e-12,4.92891e-10,4.92891e-10,1.17614e-12,-0.157575
12,288,1.47444e-17,5.22385e-14,5.22385e-14,1.5475e-17,-0.00329042
12,289,131.372,109.488,109.488,105.153,1.4351
12,290,208.186,184.262,184.262,170.988,1.2521
12,293,175.388,184.534,184.534,149.015,1.01862
12,295,72.3362,86.0689,86.0689,58.4109,1.37212
12,312,0.0230497,0.131641,0.131641,0.0203817,0.753403
12,336,2.41499e-7,1.39518e-5,1.39518e-5,2.6817e-7,-0.572415
12,360,3.43228e-12,1.47867e-9,1.47867e-9,3.52843e-12,-0.156835
12,384,4.57854e-17,1.56716e-13,1.56716e-13,4.6425e-17,-0.00288018
12,385,119.436,109.488,109.488,105.153,0.781744
12,386,226.316,184.262,184.262,170.988,1.86236
12,389,161.022,184.534,184.534,149.015,0.463745
12,391,70.1851,86.0689,86.0689,58.4109,1.16017
12,408,0.0258823,0.131641,0.131641,0.0203817,1.55329
12,432,3.11828e-7,1.39518e-5,1.39518e-5,2.6817e-7,0.93698
12,456,3.19399e-12,1.47867e-9,1.47867e-9,3.52843e-12,-0.545528
12,480,4.27523e-17,1.56716e-13,1.56716e-13,4.6425e-17,-0.0165403
12,481,120.346,109.488,109.488,105.153,0.831566
12,482,158.126,184.262,184.262,170.988,-0.432913
12,485,197.105,184.534,184.534,149.015,1.85741
12,487,69.1636,86.0689,86.0689,58.4109,1.05952
12,504,0.0213635,0.131641,0.131641,0.0203817,0.277267
12,528,2.90657e-7,1.39518e-5,1.39518e-5,2.6817e-7,0.482622
12,552,3.13716e-12,1.47867e-9,1.47867e-9,3.52843e-12,-0.638219
12,576,3.92697e-17,1.56716e-13,1.56716e-13,4.6425e-17,-0.0322245
12,577,131.365,109.488,109.488,105.153,1.43469
12,578,216.271,184.262,184.262,170.988,1.52426
12,581,180.069,184.534,184.534,149.015,1.19942
12,583,70.6056,86.0689,86.0689,58.4109,1.2016
12,600,0.0184193,0.131641,0.131641,0.0203817,-0.554128
12,624,2.57385e-7,1.39518e-5,1.39518e-5,2.6817e-7,-0.231459
12,648,3.29851e-12,1.47867e-9,1.47867e-9,3.52843e-12,-0.375026
13,0,0,0,0,0,0
13,1,4.89801,3.64959,3.64959,3.83806,1.58949
13,2,6.68378,6.14206,6.14206,6.75385,-0.0597077
13,5,7.4798,6.15113,6.15113,8.09223,-0.435582
13,7,5.9301,2.86896,2.86896,4.67043,1.55232
13,24,0.0550449,0.00438804,0.00438804,0.0436828,1.49702
13,48,6.23876e-5,4.65062e-7,4.65062e-7,5.96725e-5,0.261873
13,72,7.67932e-8,4.92891e-11,4.92891e-11,8.1515e-8,-0.333389
13,96,9.02708e-11,5.22385e-15,5.22385e-15,1.11353e-10,-1.08967
13,97,23.4845,18.248,18.248,19.1903,1.2879
13,98,37.4788,30.7103,30.7103,33.7692,0.632245
13,101,51.6584,30.7557,30.7557,40.4612,1.59277
13,103,30.0501,14.3448,14.3448,23.3522,1.65081
13,120,0.244301,0.0219402,0.0219402,0.218414,0.682144
13,144,0.00028437,2.32531e-6,2.32531e-6,0.000298362,-0.269916
13,168,3.98151e-7,2.46445e-10,2.46445e-10,4.07575e-7,-0.133081
13,192,5.13918e-10,2.61193e-14,2.61193e-14,5.56764e-10,-0.442914
13,193,37.6296,36.4959,36.4959,38.3806,-0.112622
13,194,80.1129,61.4206,61.4206,67.5385,1.07157
13,197,84.5913,61.5113,61.5113,80.9223,0.260945
13,199,52.966,28.6896,28.6896,46.7043,0.771636
13,216,0.551383,0.0438804,0.0438804,0.436828,1.50933
13,240,0.000665298,4.65062e-6,4.65062e-6,0.000596725,0.661391
13,264,8.30003e-7,4.92891e-10,4.92891e-10,8.1515e-7,0.104872
13,288,9.84148e-10,5.22385e-14,5.22385e-14,1.11353e-9,-0.668726
13,289,197.6,164.232,164.232,172.713,0.829348
13,290,312.856,276.393,276.393,303.923,0.169165
13,293,392.209,276.801,276.801,364.151,0.443469
13,295,279.739,129.103,129.103,210.169,1.90516
13,312,2.45899,0.197462,0.197462,1.96573,1.44424
13,336,0.00303122,2.09278e-5,2.09278e-5,0.00268526,0.741522
13,360,3.8965e-6,2.21801e-9,2.21801e-9,3.66818e-6,0.358245
13,384,4.78374e-9,2.35073e-13,2.35073e-13,5.01088e-9,-0.260894
13,385,214.859,164.232,164.232,172.713,1.40448
13,386,395.421,276.393,276.393,303.923,1.73271
13,389,429.966,276.801,276.801,364.151,1.04023
13,391,259.973,129.103,129.103,210.169,1.36388
13,408,2.46238,0.197462,0.197462,1.96573,1.45416
13,432,0.00345403,2.09278e-5,2.09278e-5,0.00268526,1.64775
13,456,3.56601e-6,2.21801e-9,2.21801e-9,3.66818e-6,-0.160307
13,480,5.02149e-9,2.35073e-13,2.35073e-13,5.01088e-9,0.0121874
13,481,225.015,164.232,164.232,172.713,1.74293
13,482,296.534,276.393,276.393,303.923,-0.139931
13,485,386.169,276.801,276.801,364.151,0.348008
13,487,268.11,129.103,129.103,210.169,1.58669
13,504,2.1743,0.197462,0.197462,1.96573,0.610688
13,528,0.0026592,2.09278e-5,2.09278e-5,0.00268526,-0.0558493
13,552,3.84107e-6,2.21801e-9,2.21801e-9,3.66818e-6,0.271274
13,576,4.32584e-9,2.35073e-13,2.35073e-13,5.01088e-9,-0.786838
13,577,204.975,164.232,164.232,172.713,1.0751
13,578,330.243,276.393,276.393,303.923,0.498419
13,581,468.776,276.801,276.801,364.151,1.65362
13,583,249.441,129.103,129.103,210.169,1.07546
13,600,2.38559,0.197462,0.197462,1.96573,1.22931
13,624,0.00301802,2.09278e-5,2.09278e-5,0.00268526,0.713217
13,648,3.91962e-6,2.21801e-9,2.21801e-9,3.66818e-6,0.394529
14,0,0,0,0,0,0
14,1,3.63685,3.64959,3.64959,3.52675,0.179668
14,2,5.96754,6.14206,6.14206,5.76445,0.20277
14,5,4.96263,6.15113,6.15113,5.12993,-0.187705
14,7,2.20708,2.86896,2.86896,2.06521,0.3954
14,24,0.000963772,0.00438804,0.00438804,0.000904075,0.380043
14,48,1.67854e-8,4.65062e-7,4.65062e-7,1.63843e-8,0.1409
14,72,2.82711e-13,4.92891e-11,4.92891e-11,2.96927e-13,-0.275564
14,96,5.23954e-18,5.22385e-15,5.22385e-15,5.38112e-18,-0.00063759
14,97,20.9937,18.248,18.248,17.6338,1.09664
14,98,33.8339,30.7103,30.7103,28.8223,1.00076
14,101,31.9058,30.7557,30.7557,25.6496,1.4038
14,103,9.18681,14.3448,14.3448,10.326,-0.634972
14,120,0.00546308,0.0219402,0.0219402,0.00452037,1.20028
14,144,7.61141e-8,2.32531e-6,2.32531e-6,8.19213e-8,-0.407991
14,168,1.51782e-12,2.46445e-10,2.46445e-10,1.48464e-12,0.128628
14,192,2.25865e-17,2.61193e-14,2.61193e-14,2.69056e-17,-0.0194513
14,193,38.5092,36.4959,36.4959,35.2675,0.529024
14,194,84.0914,61.4206,61.4206,57.6445,2.64057
14,197,60.9132,61.5113,61.5113,51.2993,1.07862
14,199,24.1986,28.6896,28.6896,20.6521,0.988387
14,216,0.0099093,0.0438804,0.0438804,0.00904075,0.552933
14,240,1.73824e-7,4.65062e-6,4.65062e-6,1.63843e-7,0.350626
14,264,2.61115e-12,4.92891e-10,4.92891e-10,2.96927e-12,-0.694168
14,288,5.25306e-17,5.22385e-14,5.22385e-14,5.38112e-17,-0.00576703
14,289,185.501,164.232,164.232,158.704,0.971818
14,290,330.583,276.393,276.393,259.4,1.57938
14,293,281.475,276.801,276.801,230.847,1.26225
14,295,100.973,129.103,129.103,92.9343,0.497851
14,312,0.0470472,0.197462,0.197462,0.0406834,0.900297
14,336,7.78357e-7,2.09278e-5,2.09278e-5,7.37292e-7,0.32056
14,360,1.07926e-11,2.21801e-9,2.21801e-9,1.33617e-11,-1.10662
14,384,2.09989e-16,2.35073e-13,2.35073e-13,2.4215e-16,-0.144841
14,385,216.372,164.232,164.232,158.704,2.09135
14,386,266.831,276.393,276.393,259.4,0.164865
14,389,257.885,276.801,276.801,230.847,0.674111
14,391,97.0772,129.103,129.103,92.9343,0.256572
14,408,0.0471439,0.197462,0.197462,0.0406834,0.913965
14,432,7.91191e-7,2.09278e-5,2.09278e-5,7.37292e-7,0.42075
14,456,1.15389e-11,2.21801e-9,2.21801e-9,1.33617e-11,-0.785172
14,480,2.57295e-16,2.35073e-13,2.35073e-13,2.4215e-16,0.0682037
14,481,193.662,164.232,164.232,158.704,1.26776
14,482,252.892,276.393,276.393,259.4,-0.144407
14,485,252.167,276.801,276.801,230.847,0.531548
14,487,94.2604,129.103,129.103,92.9343,0.0821269
14,504,0.0479112,0.197462,0.197462,0.0406834,1.02253
14,528,8.06821e-7,2.09278e-5,2.09278e-5,7.37292e-7,0.542763
14,552,1.50099e-11,2.21801e-9,2.21801e-9,1.33617e-11,0.70993
14,576,2.40877e-16,2.35073e-13,2.35073e-13,2.4215e-16,-0.00573565
14,577,187.499,164.232,164.232,158.704,1.04428
14,578,315.619,276.393,276.393,259.4,1.24737
14,581,254.838,276.801,276.801,230.847,0.598153
14,583,106.324,129.103,129.103,92.9343,0.829243
14,600,0.0462643,0.197462,0.197462,0.0406834,0.789539
14,624,8.18823e-7,2.09278e-5,2.09278e-5,7.37292e-7,0.636446
14,648,1.31721e-11,2.21801e-9,2.21801e-9,1.33617e-11,-0.0816799
15,0,0,0,0,0,0
15,1,4.54835,3.64959,3.64959,3.81538,1.10568
15,2,7.80596,6.14206,6.14206,6.67811,0.97203
15,5,8.13682,6.15113,6.15113,7.83155,0.22435
15,7,5.19446,2.86896,2.86896,4.40894,1.02543
15,24,0.0322443,0.00438804,0.00438804,0.0333786,-0.195583
15,48,3.92241e-5,4.65062e-7,4.65062e-7,3.38302e-5,0.917664
15,72,2.95678e-8,4.92891e-11,4.92891e-11,3.42879e-8,-0.792312
15,96,3.37962e-11,5.22385e-15,5.22385e-15,3.47518e-11,-0.158265
15,97,23.9097,18.248,18.248,19.0769,1.45805
15,98,30.7403,30.7103,30.7103,33.3905,-0.456814
15,101,41.9697,30.7557,30.7557,39.1577,0.41331
15,103,25.5767,14.3448,14.3448,22.0447,0.922145
15,120,0.177651,0.0219402,0.0219402,0.166893,0.370998
15,144,0.000182432,2.32531e-6,2.32531e-6,0.000169151,0.451907
15,168,1.77858e-7,2.46445e-10,2.46445e-10,1.7144e-7,0.215489
15,192,1.50868e-10,2.61193e-14,2.61193e-14,1.73759e-10,-0.758229
15,193,41.8395,36.4959,36.4959,38.1538,0.555987
15,194,72.6212,61.4206,61.4206,66.7811,0.50333
15,197,93.8595,61.5113,61.5113,78.3155,1.14235
15,199,44.1802,28.6896,28.6896,44.0894,0.0118617
15,216,0.343205,0.0438804,0.0438804,0.333786,0.162411
15,240,0.000389336,4.65062e-6,4.65062e-6,0.000338302,0.868226
15,264,3.32983e-7,4.92891e-10,4.92891e-10,3.42879e-7,-0.16611
15,288,3.76309e-10,5.22385e-14,5.22385e-14,3.47518e-10,0.476824
15,289,182.071,164.232,164.232,171.692,0.347926
15,290,365.836,276.393,276.393,300.515,1.25104
15,293,322.105,276.801,276.801,352.42,-0.495085
15,295,196.414,129.103,129.103,198.402,-0.0576625
15,312,1.63353,0.197462,0.197462,1.50204,0.503841
15,336,0.0016542,2.09278e-5,2.09278e-5,0.00152236,0.498424
15,360,1.88241e-6,2.21801e-9,2.21801e-9,1.54296e-6,1.26624
15,384,1.4449e-9,2.35073e-13,2.35073e-13,1.56383e-9,-0.437709
15,385,200.474,164.232,164.232,171.692,0.964842
15,386,342.775,276.393,276.393,300.515,0.809372
15,389,447.028,276.801,276.801,352.42,1.54507
15,391,250.111,129.103,129.103,198.402,1.50003
15,408,1.82924,0.197462,0.197462,1.50204,1.25378
15,432,0.00147306,2.09278e-5,2.09278e-5,0.00152236,-0.18637
15,456,1.51313e-6,2.21801e-9,2.21801e-9,1.54296e-6,-0.111243
15,480,1.43095e-9,2.35073e-13,2.35073e-13,1.56383e-9,-0.489044
15,481,213.81,164.232,164.232,171.692,1.4119
15,482,326.4,276.393,276.393,300.515,0.495746
15,485,377.708,276.801,276.801,352.42,0.412988
15,487,282.905,129.103,129.103,198.402,2.45135
15,504,1.77168,0.197462,0.197462,1.50204,1.0332
15,528,0.00184206,2.09278e-5,2.09278e-5,0.00152236,1.20868
15,552,1.63928e-6,2.21801e-9,2.21801e-9,1.54296e-6,0.35932
15,576,1.4224e-9,2.35073e-13,2.35073e-13,1.56383e-9,-0.520507
15,577,242.273,164.232,164.232,171.692,2.36603
15,578,284.314,276.393,276.393,300.515,-0.310282
15,581,359.576,276.801,276.801,352.42,0.116871
15,583,259.776,129.103,129.103,198.402,1.7804
15,600,1.77126,0.197462,0.197462,1.50204,1.0316
15,624,0.00146504,2.09278e-5,2.09278e-5,0.00152236,-0.21672
15,648,1.46341e-6,2.21801e-9,2.21801e-9,1.54296e-6,-0.296719
16,0,0,0,0,0,0
16,1,20.3737,18.248,18.248,15.3622,1.87756
16,2,29.5218,30.7103,30.7103,22.5348,1.7845
16,5,13.0475,30.7557,30.7557,12.8152,0.104321
16,7,3.56916,14.3448,14.3448,2.79368,1.59763
16,24,6.64632e-6,0.0219402,0.0219402,6.65285e-6,-0.00565137
16,48,7.31856e-14,2.32531e-6,2.32531e-6,7.66332e-14,-0.258929
16,72,6.80873e-22,2.46445e-10,2.46445e-10,8.82726e-22,-9.09064e-7
16,96,6.30225e-30,2.61193e-14,2.61193e-14,1.0168e-29,-1.74097e-14
16,97,35.3396,36.4959,36.4959,30.7244,0.864548
16,98,46.5302,61.4206,61.4206,45.0696,0.186516
16,101,29.4002,61.5113,61.5113,25.6304,0.846534
16,103,5.85399,28.6896,28.6896,5.58736,0.274659
16,120,1.47912e-5,0.0438804,0.0438804,1.33057e-5,0.642561
16,144,1.51753e-13,4.65062e-6,4.65062e-6,1.53266e-13,-0.0568249
16,168,1.31963e-21,4.92891e-10,4.92891e-10,1.76545e-21,-2.00779e-6
16,192,1.68819e-29,5.22385e-14,5.22385e-14,2.0336e-29,-1.55557e-14
16,193,106.682,91.2398,91.2398,76.8109,2.23826
16,194,142.553,153.551,153.551,112.674,1.52624
16,197,70.0675,153.778,153.778,64.076,0.538168
16,199,15.634,71.7241,71.7241,13.9684,0.68627
16,216,3.72938e-5,0.109701,0.109701,3.32643e-5,0.697198
16,240,3.29547e-13,1.16265e-5,1.16265e-5,3.83166e-13,-0.805407
16,264,3.19897e-21,1.23223e-9,1.23223e-9,4.41363e-21,-5.47034e-6
16,288,3.25105e-29,1.30596e-13,1.30596e-13,5.08399e-29,-8.25484e-14
16,289,280.448,273.719,273.719,230.433,1.24922
16,290,441.633,460.654,460.654,338.022,1.76417
16,293,260.278,461.335,461.335,192.228,2.03746
16,295,41.5106,215.172,215.172,41.9052,-0.0541966
16,312,9.67727e-5,0.329103,0.329103,9.97928e-5,-0.174183
16,336,1.04723e-12,3.48796e-5,3.48796e-5,1.1495e-12,-0.512039
16,360,1.00407e-20,3.69668e-9,3.69668e-9,1.32409e-20,-1.44123e-5
17,0,0,0,0,0,0
17,1,20.8344,18.248,18.248,18.4988,0.726664
17,2,33.8705,30.7103,30.7103,31.5052,0.432099
17,5,44.4259,30.7557,30.7557,33.1015,1.96902
17,7,14.6,14.3448,14.3448,16.3635,-0.620257
17,24,0.043939,0.0219402,0.0219402,0.0410316,0.407818
17,48,1.02022e-5,2.32531e-6,2.32531e-6,8.73899e-6,0.963648
17,72,1.69646e-9,2.46445e-10,2.46445e-10,1.86125e-9,-0.50957
17,96,3.9213e-13,2.61193e-14,2.61193e-14,3.96412e-13,-0.0621725
17,97,46.4708,36.4959,36.4959,36.9976,1.47368
17,98,67.8513,61.4206,61.4206,63.0105,0.442167
17,101,89.2091,61.5113,61.5113,66.203,2.00008
17,103,35.3208,28.6896,28.6896,32.727,0.456164
17,120,0.0897308,0.0438804,0.0438804,0.0820632,0.537761
17,144,1.71769e-5,4.65062e-6,4.65062e-6,1.7478e-5,-0.0991302
17,168,3.38693e-9,4.92891e-10,4.92891e-10,3.72249e-9,-0.518822
17,192,7.27619e-13,5.22385e-14,5.22385e-14,7.92824e-13,-0.47335
17,193,116.479,91.2398,91.2398,92.4941,1.49248
17,194,170.854,153.551,153.551,157.526,0.486964
17,197,160.442,153.778,153.778,165.507,-0.176142
17,199,86.18,71.7241,71.7241,81.8175,0.306884
17,216,0.227979,0.109701,0.109701,0.205158,0.640219
17,240,4.66605e-5,1.16265e-5,1.16265e-5,4.3695e-5,0.390614
17,264,8.32529e-9,1.23223e-9,1.23223e-9,9.30623e-9,-0.606665
17,288,2.08746e-12,1.30596e-13,1.30596e-13,1.98206e-12,0.306062
17,289,310.441,273.719,273.719,277.482,0.683634
17,290,489.579,460.654,460.654,472.579,0.207049
17,293,666.558,461.335,461.335,496.522,1.97099
17,295,322.9,215.172,215.172,245.452,1.81603
17,312,0.736369,0.329103,0.329103,0.615474,1.13052
17,336,0.000135899,3.48796e-5,3.48796e-5,0.000131085,0.211354
17,360,2.9359e-8,3.69668e-9,3.69668e-9,2.79187e-8,0.29691
17,384,5.50701e-12,3.91789e-13,3.91789e-13,5.94618e-12,-0.425085
17,385,282.565,273.719,273.719,277.482,0.105433
17,386,583.34,460.654,460.654,472.579,1.34895
17,389,601.796,461.335,461.335,496.522,1.22029
17,391,286.173,215.172,215.172,245.452,0.954836
17,408,0.728023,0.329103,0.329103,0.615474,1.05247
17,432,0.000131131,3.48796e-5,3.48796e-5,0.000131085,0.00204393
17,456,2.52172e-8,3.69668e-9,3.69668e-9,2.79187e-8,-0.556927
17,480,5.32927e-12,3.91789e-13,3.91789e-13,5.94618e-12,-0.597123
17,481,305.634,273.719,273.719,277.482,0.583917
17,482,567.515,460.654,460.654,472.579,1.15621
17,485,572.692,461.335,461.335,496.522,0.882932
17,487,337.729,215.172,215.172,245.452,2.16375
17,504,0.749406,0.329103,0.329103,0.615474,1.25244
17,528,0.000150101,3.48796e-5,3.48796e-5,0.000131085,0.83494
17,552,2.99325e-8,3.69668e-9,3.69668e-9,2.79187e-8,0.415157
17,576,5.73506e-12,3.91789e-13,3.91789e-13,5.94618e-12,-0.204344
17,577,305.866,273.719,273.719,277.482,0.588736
17,578,633.394,460.654,460.654,472.579,1.95854
17,581,556.502,461.335,461.335,496.522,0.695263
17,583,290.409,215.172,215.172,245.452,1.05416
17,600,0.631615,0.329103,0.329103,0.615474,0.15094
17,624,0.000156179,3.48796e-5,3.48796e-5,0.000131085,1.10182
17,648,2.32074e-8,3.69668e-9,3.69668e-9,2.79187e-8,-0.971251
18,0,0,0,0,0,0
18,1,21.4281,18.248,18.248,16.8106,1.58091
18,2,30.5444,30.7103,30.7103,26.4194,0.898652
18,5,21.7467,30.7557,30.7557,20.0348,0.491763
18,7,7.88618,14.3448,14.3448,6.54571,1.17864
18,24,0.000595213,0.0219402,0.0219402,0.000485745,1.29705
18,48,8.62762e-10,2.32531e-6,2.32531e-6,7.18552e-10,1.1551
18,72,1.12189e-15,2.46445e-10,2.46445e-10,1.06294e-15,0.265474
18,96,1.36633e-21,2.61193e-14,2.61193e-14,1.57238e-21,-9.27992e-7
18,97,38.3661,36.4959,36.4959,33.6212,0.812265
18,98,62.5836,61.4206,61.4206,52.8387,1.06146
18,101,45.9961,61.5113,61.5113,40.0697,0.851253
18,103,14.6649,28.6896,28.6896,13.0914,0.691781
18,120,0.000963114,0.0438804,0.0438804,0.000971491,-0.049625
18,144,1.49904e-9,4.65062e-6,4.65062e-6,1.4371e-9,0.248059
18,168,1.82479e-15,4.92891e-10,4.92891e-10,2.12588e-15,-0.815142
18,192,3.38028e-21,5.22385e-14,5.22385e-14,3.14476e-21,1.06068e-6
18,193,110.97,91.2398,91.2398,84.0529,1.84313
18,194,141.897,153.551,153.551,132.097,0.427013
18,197,138.342,153.778,153.778,100.174,2.19294
18,199,34.813,71.7241,71.7241,32.7285,0.366559
18,216,0.0029536,0.109701,0.109701,0.00242873,1.24381
18,240,3.60297e-9,1.16265e-5,1.16265e-5,3.59276e-9,0.0163552
18,264,4.97481e-15,1.23223e-9,1.23223e-9,5.31469e-15,-0.368067
18,288,7.38973e-21,1.30596e-13,1.30596e-13,7.86191e-21,-2.12652e-6
18,289,268.421,273.719,273.719,252.159,0.371177
18,290,425.748,460.654,460.654,396.29,0.427818
18,293,356.384,461.335,461.335,300.523,1.06983
18,295,135.553,215.172,215.172,98.1856,2.19039
18,312,0.00781865,0.329103,0.329103,0.00728618,0.420611
18,336,1.26668e-8,3.48796e-5,3.48796e-5,1.07783e-8,1.00846
18,360,1.65911e-14,3.69668e-9,3.69668e-9,1.59441e-14,0.233562
18,384,1.81953e-20,3.91789e-13,3.91789e-13,2.35857e-20,-2.42764e-5
18,385,282.641,273.719,273.719,252.159,0.695759
18,386,437.666,460.654,460.654,396.29,0.600906
18,389,374.834,461.335,461.335,300.523,1.42317
18,391,115.638,215.172,215.172,98.1856,1.02304
18,408,0.00762887,0.329103,0.329103,0.00728618,0.270697
18,432,9.22148e-9,3.48796e-5,3.48796e-5,1.07783e-8,-0.831317
18,456,1.23268e-14,3.69668e-9,3.69668e-9,1.59441e-14,-1.30577
18,480,1.92254e-20,3.91789e-13,3.91789e-13,2.35857e-20,-1.96372e-5
18,481,289.456,273.719,273.719,252.159,0.851308
18,482,412.377,460.654,460.654,396.29,0.233634
18,485,389.302,461.335,461.335,300.523,1.70027
18,487,123.136,215.172,215.172,98.1856,1.46256
18,504,0.00954162,0.329103,0.329103,0.00728618,1.78161
18,528,1.11348e-8,3.48796e-5,3.48796e-5,1.07783e-8,0.190349
18,552,1.33496e-14,3.69668e-9,3.69668e-9,1.59441e-14,-0.936569
18,576,2.38753e-20,3.91789e-13,3.91789e-13,2.35857e-20,1.30401e-6
18,577,365.072,273.719,273.719,252.159,2.57723
18,578,504.154,460.654,460.654,396.29,1.56655
18,581,343.399,461.335,461.335,300.523,0.821152
18,583,107.373,215.172,215.172,98.1856,0.538552
18,600,0.00869188,0.329103,0.329103,0.00728618,1.11039
18,624,1.19186e-8,3.48796e-5,3.48796e-5,1.07783e-8,0.60894
18,648,1.42774e-14,3.69668e-9,3.69668e-9,1.59441e-14,-0.601634
19,0,0,0,0,0,0
19,1,34.3483,36.4959,36.4959,30.4941,0.727435
19,2,57.0439,61.4206,61.4206,44.4886,1.62427
19,5,26.3788,61.5113,61.5113,24.7169,0.38698
19,7,6.54178,28.6896,28.6896,5.20565,1.47725
19,24,9.15346e-6,0.0438804,0.0438804,9.24835e-6,-0.0590526
19,48,6.36627e-14,4.65062e-6,4.65062e-6,7.04429e-14,-0.55397
19,72,3.61359e-22,4.92891e-10,4.92891e-10,5.36549e-22,-7.8899e-7
19,96,2.66206e-30,5.22385e-14,5.22385e-14,4.08679e-30,-6.41641e-15
19,97,101.572,91.2398,91.2398,76.2353,1.91282
19,98,103.642,153.551,153.551,111.222,-0.392214
19,101,68.1317,153.778,153.778,61.7923,0.590465
19,103,13.7049,71.7241,71.7241,13.0141,0.305506
19,120,2.62229e-5,0.109701,0.109701,2.31209e-5,0.772197
19,144,1.44358e-13,1.16265e-5,1.16265e-5,1.76107e-13,-1.0376
19,168,1.09667e-21,1.23223e-9,1.23223e-9,1.34137e-21,-1.10204e-6
19,192,7.39527e-30,1.30596e-13,1.30596e-13,1.0217e-29,-1.27078e-14
19,193,176.817,182.48,182.48,152.471,0.919045
19,194,255.278,307.103,307.103,222.443,0.84957
19,197,157.765,307.557,307.557,123.585,1.59183
19,199,34.0574,143.448,143.448,26.0283,1.77544
19,216,5.84944e-5,0.219402,0.219402,4.62417e-5,1.52503
19,240,3.09678e-13,2.32531e-5,2.32531e-5,3.52214e-13,-0.695074
19,264,2.3775e-21,2.46445e-9,2.46445e-9,2.68275e-21,-1.37469e-6
19,288,1.50019e-29,2.61193e-13,2.61193e-13,2.0434e-29,-2.4464e-14
19,289,425.128,364.959,364.959,304.941,2.2684
19,290,480.897,614.206,614.206,444.886,0.465867
19,293,327.041,615.113,615.113,247.169,1.85986
19,295,68.846,286.896,286.896,52.0565,1.85628
19,312,9.06517e-5,0.438804,0.438804,9.24835e-5,-0.113996
19,336,8.10375e-13,4.65062e-5,4.65062e-5,7.04429e-13,0.865627
19,360,4.37358e-21,4.92891e-9,4.92891e-9,5.36549e-21,-4.46716e-6
19,384,3.04361e-29,5.22385e-13,5.22385e-13,4.08679e-29,-4.69807e-14
19,385,313.324,364.959,364.959,304.941,0.158213
19,386,606.017,614.206,614.206,444.886,2.08454
19,389,317.895,615.113,615.113,247.169,1.6469
19,391,57.6949,286.896,286.896,52.0565,0.62339
19,408,9.15511e-5,0.438804,0.438804,9.24835e-5,-0.0580255
19,432,6.64779e-13,4.65062e-5,4.65062e-5,7.04429e-13,-0.323955
19,456,3.73036e-21,4.92891e-9,4.92891e-9,5.36549e-21,-7.36399e-6
19,480,2.43469e-29,5.22385e-13,5.22385e-13,4.08679e-29,-7.44041e-14
19,481,340.686,364.959,364.959,304.941,0.674638
19,482,521.535,614.206,614.206,444.886,0.991608
19,485,342.543,615.113,615.113,247.169,2.22084
19,487,58.7215,286.896,286.896,52.0565,0.736895
19,504,9.96778e-5,0.438804,0.438804,9.24835e-5,0.44772
19,528,6.68005e-13,4.65062e-5,4.65062e-5,7.04429e-13,-0.297599
19,552,3.79311e-21,4.92891e-9,4.92891e-9,5.36549e-21,-7.0814e-6
19,576,2.36052e-29,5.22385e-13,5.22385e-13,4.08679e-29,-7.77444e-14
19,577,356.956,364.959,364.959,304.941,0.981724
19,578,555.263,614.206,614.206,444.886,1.42795
19,581,268.796,615.113,615.113,247.169,0.503589
19,583,58.5752,286.896,286.896,52.0565,0.720721
19,600,7.49343e-5,0.438804,0.438804,9.24835e-5,-1.09213
19,624,7.27262e-13,4.65062e-5,4.65062e-5,7.04429e-13,0.186557
19,648,4.87475e-21,4.92891e-9,4.92891e-9,5.36549e-21,-2.21009e-6
20,0,0,0,0,0,0
20,1,53.2409,36.4959,36.4959,38.3206,2.24092
20,2,84.2302,61.4206,61.4206,67.3377,1.44384
20,5,110.179,61.5113,61.5113,80.2254,2.14894
20,7,58.194,28.6896,28.6896,45.9995,1.52578
20,24,0.394261,0.0438804,0.0438804,0.406916,-0.179002
20,48,0.000562324,4.65062e-6,4.65062e-6,0.000513809,0.543447
20,72,6.08321e-7,4.92891e-10,4.92891e-10,6.48781e-7,-0.358933
21,0,0,0,0,0,0
21,1,46.616,36.4959,36.4959,36.3218,1.6312
21,2,77.3017,61.4206,61.4206,60.8752,1.55306
21,5,79.6219,61.5113,61.5113,59.9565,1.88777
21,7,28.4646,28.6896,28.6896,27.3985,0.223965
21,24,0.0400934,0.0438804,0.0438804,0.0352199,0.796399
21,48,3.33075e-6,4.65062e-6,4.65062e-6,2.92055e-6,0.80837
21,72,2.25735e-10,4.92891e-10,4.92891e-10,2.42182e-10,-0.390868
21,96,2.1384e-14,5.22385e-14,5.22385e-14,2.00825e-14,0.373001
21,97,120.02,91.2398,91.2398,90.8044,1.85175
21,98,147.964,153.551,153.551,152.188,-0.159751
21,101,173.656,153.778,153.778,149.891,0.912521
21,103,79.9245,71.7241,71.7241,68.4961,0.960287
21,120,0.108445,0.109701,0.109701,0.0880498,1.33316
21,144,8.49065e-6,1.16265e-5,1.16265e-5,7.30138e-6,0.937462
21,168,6.29312e-10,1.23223e-9,1.23223e-9,6.05455e-10,0.226783
21,192,4.10188e-14,1.30596e-13,1.30596e-13,5.02063e-14,-1.05322
21,193,181.936,182.48,182.48,181.609,0.0103588
21,194,334.696,307.103,307.103,304.376,0.573319
21,197,403.052,307.557,307.557,299.783,1.98266
21,199,156.826,143.448,143.448,136.992,0.833278
21,216,0.225124,0.219402,0.219402,0.1761,1.60228
21,240,1.49583e-5,2.32531e-5,2.32531e-5,1.46028e-5,0.140125
21,264,8.16065e-10,2.46445e-9,2.46445e-9,1.21091e-9,-1.87671
21,288,9.55801e-14,2.61193e-13,2.61193e-13,1.00413e-13,-0.27699
21,289,444.601,364.959,364.959,363.218,1.28959
21,290,756.034,614.206,614.206,608.752,1.39249
21,293,719.486,615.113,615.113,599.565,1.15117
21,295,378.602,286.896,286.896,273.985,2.19765
21,312,0.468435,0.438804,0.438804,0.352199,1.89946
21,336,2.7696e-5,4.65062e-5,4.65062e-5,2.92055e-5,-0.29748
21,360,1.88159e-9,4.92891e-9,4.92891e-9,2.42182e-9,-1.28385
21,384,1.69707e-13,5.22385e-13,5.22385e-13,2.00825e-13,-0.891812
21,385,427.044,364.959,364.959,363.218,1.01138
21,386,762.557,614.206,614.206,608.752,1.45416
21,389,765.786,615.113,615.113,599.565,1.59563
21,391,370.811,286.896,286.896,273.985,2.03399
21,408,0.37041,0.438804,0.438804,0.352199,0.297594
21,432,3.38897e-5,4.65062e-5,4.65062e-5,2.92055e-5,0.923103
21,456,2.7755e-9,4.92891e-9,4.92891e-9,2.42182e-9,0.840519
21,480,1.87348e-13,5.22385e-13,5.22385e-13,2.00825e-13,-0.386246
21,481,482.449,364.959,364.959,363.218,1.88932
21,482,705.988,614.206,614.206,608.752,0.91933
21,485,757.23,615.113,615.113,599.565,1.51349
21,487,310.817,286.896,286.896,273.985,0.773715
21,504,0.408645,0.438804,0.438804,0.352199,0.922402
21,528,2.89005e-5,4.65062e-5,4.65062e-5,2.92055e-5,-0.0601049
21,552,2.79131e-9,4.92891e-9,4.92891e-9,2.42182e-9,0.878094
21,576,1.84657e-13,5.22385e-13,5.22385e-13,2.00825e-13,-0.463374
21,577,416.491,364.959,364.959,363.218,0.844158
21,578,809.607,614.206,614.206,608.752,1.89899
21,581,724.056,615.113,615.113,599.565,1.19504
21,583,319.339,286.896,286.896,273.985,0.952733
21,600,0.293059,0.438804,0.438804,0.352199,-0.966449
21,624,2.96949e-5,4.65062e-5,4.65062e-5,2.92055e-5,0.0964347
21,648,2.1126e-9,4.92891e-9,4.92891e-9,2.42182e-9,-0.734851
22,0,0,0,0,0,0
22,1,41.6739,36.4959,36.4959,38.6667,0.447615
22,2,89.0406,61.4206,61.4206,68.5021,1.72562
22,5,108.697,61.5113,61.5113,84.326,1.66339
22,7,61.0157,28.6896,28.6896,50.2055,1.23927
22,24,0.584649,0.0438804,0.0438804,0.611598,-0.253605
22,48,0.00128689,4.65062e-6,4.65062e-6,0.00121324,0.349379
22,72,2.43587e-6,4.92891e-10,4.92891e-10,2.40672e-6,0.0696951
23,0,0,0,0,0,0
23,1,44.8908,36.4959,36.4959,36.8725,1.25159
23,2,62.8326,61.4206,61.4206,62.6114,0.0203331
23,5,67.1828,61.5113,61.5113,65.0026,0.193042
23,7,29.6702,28.6896,28.6896,31.6741,-0.364132
23,24,0.0841726,0.0438804,0.0438804,0.0702712,1.13857
23,48,1.50321e-5,4.65062e-6,4.65062e-6,1.25909e-5,1.11591
23,72,2.55277e-9,4.92891e-10,4.92891e-10,2.25599e-9,0.757142
23,96,4.32029e-13,5.22385e-14,5.22385e-14,4.0422e-13,0.395959
23,97,117.475,91.2398,91.2398,92.1812,1.57925
23,98,171.66,153.551,153.551,156.528,0.556391
23,101,199.115,153.778,153.778,162.507,1.29656
23,103,87.2873,71.7241,71.7241,79.1852,0.588887
23,120,0.202285,0.109701,0.109701,0.175678,0.871677
23,144,3.38819e-5,1.16265e-5,1.16265e-5,3.14773e-5,0.439663
23,168,5.64126e-9,1.23223e-9,1.23223e-9,5.63998e-9,0.00130942
23,192,8.89078e-13,1.30596e-13,1.30596e-13,1.01055e-12,-0.691822
23,193,183.68,182.48,182.48,184.362,-0.0213161
23,194,347.181,307.103,307.103,313.057,0.627371
23,197,351.331,307.557,307.557,325.013,0.466045
23,199,199.506,143.448,143.448,158.37,1.49494
23,216,0.391515,0.219402,0.219402,0.351356,0.657834
23,240,7.57082e-5,2.32531e-5,2.32531e-5,6.29546e-5,1.16597
23,264,1.01637e-8,2.46445e-9,2.46445e-9,1.128e-8,-0.569551
23,288,1.75569e-12,2.61193e-13,2.61193e-13,2.0211e-12,-0.755803
23,289,369.106,364.959,364.959,368.725,0.0059528
23,290,702.942,614.206,614.206,626.114,0.706238
23,293,918.616,615.113,615.113,650.026,2.37816
23,295,387.06,286.896,286.896,316.741,1.27777
23,312,0.802893,0.438804,0.438804,0.702712,0.820517
23,336,0.000138557,4.65062e-5,4.65062e-5,0.000125909,0.57816
23,360,2.41399e-8,4.92891e-9,4.92891e-9,2.25599e-8,0.403079
23,384,3.95393e-12,5.22385e-13,5.22385e-13,4.0422e-12,-0.125676
23,385,364.017,364.959,364.959,368.725,-0.0734929
23,386,735.175,614.206,614.206,626.114,1.00253
23,389,688.808,615.113,615.113,650.026,0.343387
23,391,409.843,286.896,286.896,316.741,1.69175
23,408,0.681495,0.438804,0.438804,0.702712,-0.173779
23,432,0.000128503,4.65062e-5,4.65062e-5,0.000125909,0.118567
23,456,2.17875e-8,4.92891e-9,4.92891e-9,2.25599e-8,-0.197054
23,480,4.18038e-12,5.22385e-13,5.22385e-13,4.0422e-12,0.196752
23,481,411.813,364.959,364.959,368.725,0.67257
23,482,658.762,614.206,614.206,626.114,0.300117
23,485,703.867,615.113,615.113,650.026,0.476723
23,487,433.461,286.896,286.896,316.741,2.12091
23,504,0.846063,0.438804,0.438804,0.702712,1.1741
23,528,0.000133886,4.65062e-5,4.65062e-5,0.000125909,0.364612
23,552,1.77892e-8,4.92891e-9,4.92891e-9,2.25599e-8,-1.21711
23,576,3.64675e-12,5.22385e-13,5.22385e-13,4.0422e-12,-0.563053
23,577,449.271,364.959,364.959,368.725,1.25726
23,578,575.172,614.206,614.206,626.114,-0.468271
23,581,684.746,615.113,615.113,650.026,0.30742
23,583,384.91,286.896,286.896,316.741,1.2387
23,600,0.819658,0.438804,0.438804,0.702712,0.957832
23,624,0.00012663,4.65062e-5,4.65062e-5,0.000125909,0.0329624
23,648,2.2016e-8,4.92891e-9,4.92891e-9,2.25599e-8,-0.138771
24,0,0,0,0,0,0
24,1,35.4193,36.4959,36.4959,32.4021,0.535941
24,2,56.3331,61.4206,61.4206,49.4644,0.799218
24,5,40.6153,61.5113,61.5113,33.2694,1.27082
24,7,9.66968,28.6896,28.6896,9.22511,0.277363
24,24,0.000155699,0.0438804,0.0438804,0.000169767,-0.476944
24,48,3.69111e-11,4.65062e-6,4.65062e-6,3.50736e-11,0.301515
24,72,6.79295e-18,4.92891e-10,4.92891e-10,7.24617e-18,-0.0020411
25,0,0,0,0,0,0
25,1,22.8793,18.248,18.248,17.6557,1.7028
25,2,27.3627,30.7103,30.7103,28.8882,-0.303933
25,5,29.3138,30.7557,30.7557,25.8175,0.779431
25,7,11.0222,14.3448,14.3448,10.4496,0.315357
25,24,0.00500952,0.0219402,0.0219402,0.00478835,0.26584
25,48,8.2532e-8,2.32531e-6,2.32531e-6,9.25603e-8,-0.623563
25,72,1.95571e-12,2.46445e-10,2.46445e-10,1.78922e-12,0.535576
25,96,2.92009e-17,2.61193e-14,2.61193e-14,3.45861e-17,-0.0242529
25,97,48.3319,36.4959,36.4959,35.3114,2.12224
25,98,56.3493,61.4206,61.4206,57.7765,-0.142174
25,101,65.0306,61.5113,61.5113,51.6349,1.49315
25,103,25.4133,28.6896,28.6896,20.8992,1.24314
25,120,0.0100299,0.0438804,0.0438804,0.0095767,0.272387
25,144,1.87115e-7,4.65062e-6,4.65062e-6,1.85121e-7,0.0619963
25,168,3.77155e-12,4.92891e-10,4.92891e-10,3.57844e-12,0.310603
25,192,7.24159e-17,5.22385e-14,5.22385e-14,6.91723e-17,0.0146077
25,193,97.1522,91.2398,91.2398,88.2785,0.578536
25,194,175.693,153.551,153.551,144.441,1.24526
25,197,145.831,153.778,153.778,129.087,0.746557
25,199,65.9005,71.7241,71.7241,52.248,1.50391
25,216,0.0285079,0.109701,0.109701,0.0239417,1.09767
25,240,5.48557e-7,1.16265e-5,1.16265e-5,4.62801e-7,1.06647
25,264,1.12068e-11,1.23223e-9,1.23223e-9,8.94609e-12,1.45443
25,288,1.86769e-16,1.30596e-13,1.30596e-13,1.72931e-16,0.0623224
25,289,311.696,273.719,273.719,264.835,1.01838
25,290,483.371,460.654,460.654,433.324,0.664737
25,293,360.264,461.335,461.335,387.262,-0.401242
25,295,220.036,215.172,215.172,156.744,2.324
25,312,0.0727877,0.329103,0.329103,0.0718252,0.0771225
25,336,1.43328e-6,3.48796e-5,3.48796e-5,1.3884e-6,0.186045
25,360,2.72694e-11,3.69668e-9,3.69668e-9,2.68383e-11,0.0924569
25,384,5.44951e-16,3.91789e-13,3.91789e-13,5.18792e-16,0.117808
25,385,291.654,273.719,273.719,264.835,0.582838
25,386,514.83,460.654,460.654,433.324,1.08258
25,389,508.648,461.335,461.335,387.262,1.80404
25,391,166.622,215.172,215.172,156.744,0.362701
25,408,0.0751519,0.329103,0.329103,0.0718252,0.266569
25,432,1.62966e-6,3.48796e-5,3.48796e-5,1.3884e-6,1.00012
25,456,2.06888e-11,3.69668e-9,3.69668e-9,2.68383e-11,-1.31877
25,480,4.81006e-16,3.91789e-13,3.91789e-13,5.18792e-16,-0.170173
25,481,312.88,273.719,273.719,264.835,1.04412
25,482,510.693,460.654,460.654,433.324,1.02764
25,485,458.881,461.335,461.335,387.262,1.06441
25,487,165.757,215.172,215.172,156.744,0.330938
25,504,0.0876943,0.329103,0.329103,0.0718252,1.27162
25,528,1.62949e-6,3.48796e-5,3.48796e-5,1.3884e-6,0.999384
25,552,2.73768e-11,3.69668e-9,3.69668e-9,2.68383e-11,0.115477
25,576,5.76809e-16,3.91789e-13,3.91789e-13,5.18792e-16,0.261285
25,577,343.454,273.719,273.719,264.835,1.70857
25,578,489.792,460.654,460.654,433.324,0.750021
25,581,317.972,461.335,461.335,387.262,-1.02978
25,583,181.036,215.172,215.172,156.744,0.891986
25,600,0.0839558,0.329103,0.329103,0.0718252,0.972043
25,624,1.3576e-6,3.48796e-5,3.48796e-5,1.3884e-6,-0.127691
25,648,2.86956e-11,3.69668e-9,3.69668e-9,2.68383e-11,0.398301
26,0,0,0,0,0,0
26,1,22.3774,18.248,18.248,17.8931,1.44241
26,2,33.7472,30.7103,30.7103,29.6095,0.804278
26,5,25.9404,30.7557,30.7557,27.701,-0.365816
26,7,12.2886,14.3448,14.3448,11.8771,0.199412
26,24,0.010251,0.0219402,0.0219402,0.00888212,0.887035
26,48,3.4628e-7,2.32531e-6,2.32531e-6,3.42822e-7,0.0580521
26,72,1.2678e-11,2.46445e-10,2.46445e-10,1.32319e-11,-0.240928
27,0,0,0,0,0,0
27,1,23.1128,18.248,18.248,19.8596,0.942778
27,2,41.4668,30.7103,30.7103,36.0639,0.862253
27,5,53.3694,30.7557,30.7557,49.0167,0.511093
27,7,38.609,14.3448,14.3448,32.6333,1.05392
27,24,1.08987,0.0219402,0.0219402,1.02768,0.3483
27,48,0.00862274,2.32531e-6,2.32531e-6,0.00779229,0.613385
27,72,5.35626e-5,2.46445e-10,2.46445e-10,5.90843e-5,-0.537877
28,0,0,0,0,0,0
28,1,5.17585,3.64959,3.64959,3.59245,2.53678
28,2,6.8542,6.14206,6.14206,5.96434,0.858702
28,5,5.38695,6.15113,6.15113,5.65456,-0.272381
28,7,3.23289,2.86896,2.86896,2.46495,1.79308
28,24,0.00215171,0.00438804,0.00438804,0.00212224,0.0799123
28,48,1.15276e-7,4.65062e-7,4.65062e-7,9.99345e-8,0.883557
28,72,5.09687e-12,4.92891e-11,4.92891e-11,4.70583e-12,0.478257
28,96,2.12361e-16,5.22385e-15,5.22385e-15,2.21594e-16,-0.0415794
28,97,24.9793,18.248,18.248,17.9622,2.24842
28,98,33.7968,30.7103,30.7103,29.8217,0.76717
28,101,34.2401,30.7557,30.7557,28.2728,1.21476
28,103,15.0496,14.3448,14.3448,12.3248,1.27245
28,120,0.0111557,0.0219402,0.0219402,0.0106112,0.295307
28,144,5.52668e-7,2.32531e-6,2.32531e-6,4.99673e-7,0.610429
28,168,2.47742e-11,2.46445e-10,2.46445e-10,2.35292e-11,0.304556
28,192,1.06335e-15,2.61193e-14,2.61193e-14,1.10797e-15,-0.200933
28,193,37.9869,36.4959,36.4959,35.9245,0.330424
28,194,78.3847,61.4206,61.4206,59.6434,1.8085
28,197,66.3011,61.5113,61.5113,56.5456,0.992963
28,199,28.9283,28.6896,28.6896,24.6495,0.999046
28,216,0.0239747,0.0438804,0.0438804,0.0212224,0.746431
28,240,1.14585e-6,4.65062e-6,4.65062e-6,9.99345e-7,0.84377
28,264,4.96892e-11,4.92891e-10,4.92891e-10,4.70583e-11,0.321771
28,288,2.01765e-15,5.22385e-14,5.22385e-14,2.21594e-15,-0.515008
28,289,166.981,164.232,164.232,161.66,0.189455
28,290,297.163,276.393,276.393,268.395,0.616892
28,293,323.866,276.801,276.801,254.455,1.57
28,295,126.407,129.103,129.103,110.923,0.803431
28,312,0.0846339,0.197462,0.197462,0.0955008,-0.654907
28,336,5.06963e-6,2.09278e-5,2.09278e-5,4.49705e-6,0.732807
28,360,2.23888e-10,2.21801e-9,2.21801e-9,2.11763e-10,0.329566
28,384,9.82467e-15,2.35073e-13,2.35073e-13,9.97172e-15,-0.0848792
28,385,193.093,164.232,164.232,161.66,1.11909
28,386,364.534,276.393,276.393,268.395,2.06161
28,389,271.92,276.801,276.801,254.455,0.395037
28,391,144.326,129.103,129.103,110.923,1.73319
28,408,0.0993826,0.197462,0.197462,0.0955008,0.23394
28,432,5.02689e-6,2.09278e-5,2.09278e-5,4.49705e-6,0.678098
28,456,2.10466e-10,2.21801e-9,2.21801e-9,2.11763e-10,-0.0352504
28,480,9.38611e-15,2.35073e-13,2.35073e-13,9.97172e-15,-0.338004
28,481,207.904,164.232,164.232,161.66,1.6464
28,482,348.282,276.393,276.393,268.395,1.71309
28,485,295.764,276.801,276.801,254.455,0.934353
28,487,149.421,129.103,129.103,110.923,1.99754
28,504,0.109493,0.197462,0.197462,0.0955008,0.843269
28,528,4.9944e-6,2.09278e-5,2.09278e-5,4.49705e-6,0.636514
28,552,2.20223e-10,2.21801e-9,2.21801e-9,2.11763e-10,0.229937
28,576,8.9561e-15,2.35073e-13,2.35073e-13,9.97172e-15,-0.586196
28,577,183.654,164.232,164.232,161.66,0.783031
28,578,353.128,276.393,276.393,268.395,1.81701
28,581,283.425,276.801,276.801,254.455,0.655253
28,583,123.462,129.103,129.103,110.923,0.650609
28,600,0.107854,0.197462,0.197462,0.0955008,0.744499
28,624,4.40794e-6,2.09278e-5,2.09278e-5,4.49705e-6,-0.114052
28,648,2.13252e-10,2.21801e-9,2.21801e-9,2.11763e-10,0.0404755
29,0,0,0,0,0,0
29,1,4.76685,3.64959,3.64959,3.8282,1.4112
29,2,5.97509,6.14206,6.14206,6.72086,-0.638646
29,5,10.0329,6.15113,6.15113,7.97798,1.48244
29,7,4.47691,2.86896,2.86896,4.5551,-0.0987985
29,24,0.0428039,0.00438804,0.00438804,0.0388727,0.582052
29,48,4.3326e-5,4.65062e-7,4.65062e-7,4.66562e-5,-0.410815
29,72,4.89917e-8,4.92891e-11,4.92891e-11,5.59983e-8,-0.720135
29,96,6.18511e-11,5.22385e-15,5.22385e-15,6.72109e-11,-0.458976
29,97,22.9713,18.248,18.248,19.141,1.15172
29,98,33.8713,30.7103,30.7103,33.6043,0.0457286
29,101,48.3402,30.7557,30.7557,39.8899,1.21924
29,103,29.4922,14.3448,14.3448,22.7755,1.69732
29,120,0.226493,0.0219402,0.0219402,0.194363,0.951425
29,144,0.000215859,2.32531e-6,2.32531e-6,0.000233281,-0.429825
29,168,3.06907e-7,2.46445e-10,2.46445e-10,2.79991e-7,0.553279
29,192,2.87259e-10,2.61193e-14,2.61193e-14,3.36054e-10,-0.835705
29,193,46.9126,36.4959,36.4959,38.282,1.29756
29,194,62.6496,61.4206,61.4206,67.2086,-0.39042
29,197,88.2458,61.5113,61.5113,79.7798,0.610758
29,199,59.1806,28.6896,28.6896,45.551,1.72212
29,216,0.557467,0.0438804,0.0438804,0.388727,2.49837
29,240,0.000525832,4.65062e-6,4.65062e-6,0.000466562,0.731149
29,264,6.27546e-7,4.92891e-10,4.92891e-10,5.59983e-7,0.694418
29,288,6.24724e-10,5.22385e-14,5.22385e-14,6.72109e-10,-0.405767
29,289,185.445,164.232,164.232,172.269,0.440214
29,290,347.914,276.393,276.393,302.439,0.865406
29,293,363.58,276.801,276.801,359.009,0.0732806
29,295,203.684,129.103,129.103,204.98,-0.0363833
29,312,2.32372,0.197462,0.197462,1.74927,1.89007
29,336,0.00223914,2.09278e-5,2.09278e-5,0.00209953,0.382729
29,360,2.42912e-6,2.21801e-9,2.21801e-9,2.51992e-6,-0.207382
29,384,2.75293e-9,2.35073e-13,2.35073e-13,3.02449e-9,-0.516775
29,385,207.86,164.232,164.232,172.269,1.18907
29,386,376.335,276.393,276.393,302.439,1.40625
29,389,442.271,276.801,276.801,359.009,1.33482
29,391,207.956,129.103,129.103,204.98,0.0835606
29,408,1.92746,0.197462,0.197462,1.74927,0.586284
29,432,0.00256981,2.09278e-5,2.09278e-5,0.00209953,1.28919
29,456,2.18924e-6,2.21801e-9,2.21801e-9,2.51992e-6,-0.755264
29,480,2.82518e-9,2.35073e-13,2.35073e-13,3.02449e-9,-0.37927
29,481,208.082,164.232,164.232,172.269,1.1965
29,482,330.834,276.393,276.393,302.439,0.540373
29,485,464.062,276.801,276.801,359.009,1.68416
29,487,234.725,129.103,129.103,204.98,0.835188
29,504,1.8525,0.197462,0.197462,1.74927,0.339646
29,528,0.00228903,2.09278e-5,2.09278e-5,0.00209953,0.519486
29,552,2.4316e-6,2.21801e-9,2.21801e-9,2.51992e-6,-0.201734
29,576,2.97584e-9,2.35073e-13,2.35073e-13,3.02449e-9,-0.0925818
29,577,183.199,164.232,164.232,172.269,0.365172
29,578,318.933,276.393,276.393,302.439,0.313896
29,581,436.172,276.801,276.801,359.009,1.23704
29,583,209.497,129.103,129.103,204.98,0.12685
29,600,1.99188,0.197462,0.197462,1.74927,0.798246
29,624,0.00242732,2.09278e-5,2.09278e-5,0.00209953,0.898584
29,648,2.48684e-6,2.21801e-9,2.21801e-9,2.51992e-6,-0.0755561
30,0,0,0,0,0,0
30,1,4.81663,3.64959,3.64959,3.62812,1.88539
30,2,6.23935,6.14206,6.14206,6.07486,0.155839
30,5,7.27229,6.15113,6.15113,5.95996,1.2673
30,7,2.95312,2.86896,2.86896,2.71054,0.515082
30,24,0.00354693,0.00438804,0.00438804,0.00334551,0.346519
30,48,2.83924e-7,4.65062e-7,4.65062e-7,2.61946e-7,0.482901
30,72,1.82297e-11,4.92891e-11,4.92891e-11,2.05098e-11,-0.63986
30,96,1.59231e-15,5.22385e-15,5.22385e-15,1.60588e-15,-0.0486385
30,97,23.411,18.248,18.248,18.1406,1.67214
30,98,33.5066,30.7103,30.7103,30.3743,0.593528
30,101,33.6759,30.7557,30.7557,29.7998,0.74862
30,103,14.7117,14.3448,14.3448,13.5527,0.492207
30,120,0.0168185,0.0219402,0.0219402,0.0167275,0.0312935
30,144,1.30615e-6,2.32531e-6,2.32531e-6,1.30973e-6,-0.0157603
30,168,1.06035e-10,2.46445e-10,2.46445e-10,1.02549e-10,0.195631
30,192,7.29274e-15,2.61193e-14,2.61193e-14,8.02939e-15,-0.52803
30,193,50.7535,36.4959,36.4959,36.2812,2.29581
30,194,79.0311,61.4206,61.4206,60.7486,1.73213
30,197,61.5355,61.5113,61.5113,59.5996,0.186953
30,199,28.2901,28.6896,28.6896,27.1054,0.251559
30,216,0.0400265,0.0438804,0.0438804,0.0334551,1.13052
30,240,2.72673e-6,4.65062e-6,4.65062e-6,2.61946e-6,0.235696
30,264,2.2351e-10,4.92891e-10,4.92891e-10,2.05098e-10,0.51665
30,288,1.79906e-14,5.22385e-14,5.22385e-14,1.60588e-14,0.692365
30,289,186.656,164.232,164.232,163.265,0.824578
30,290,334.808,276.393,276.393,273.369,1.29354
30,293,269.294,276.801,276.801,268.198,0.0235101
30,295,149.711,129.103,129.103,121.974,1.30879
30,312,0.165515,0.197462,0.197462,0.150548,0.572197
30,336,1.30903e-5,2.09278e-5,2.09278e-5,1.17876e-5,0.636053
30,360,1.01793e-9,2.21801e-9,2.21801e-9,9.22943e-10,0.592339
30,384,6.77985e-14,2.35073e-13,2.35073e-13,7.22645e-14,-0.355693
30,385,218.322,164.232,164.232,163.265,1.94088
30,386,328.103,276.393,276.393,273.369,1.15237
30,389,326.663,276.801,276.801,268.198,1.25464
30,391,136.643,129.103,129.103,121.974,0.692147
30,408,0.152129,0.197462,0.197462,0.150548,0.0604314
30,432,1.27341e-5,2.09278e-5,2.09278e-5,1.17876e-5,0.462162
30,456,7.86563e-10,2.21801e-9,2.21801e-9,9.22943e-10,-0.850468
30,480,7.70408e-14,2.35073e-13,2.35073e-13,7.22645e-14,0.380403
30,481,220.735,164.232,164.232,163.265,2.02594
30,482,320.286,276.393,276.393,273.369,0.9878
30,485,291.55,276.801,276.801,268.198,0.501127
30,487,143.927,129.103,129.103,121.974,1.03588
30,504,0.167599,0.197462,0.197462,0.150548,0.65186
30,528,1.03043e-5,2.09278e-5,2.09278e-5,1.17876e-5,-0.724258
30,552,7.80201e-10,2.21801e-9,2.21801e-9,9.22943e-10,-0.890141
30,576,6.92303e-14,2.35073e-13,2.35073e-13,7.22645e-14,-0.241661
30,577,193.164,164.232,164.232,163.265,1.05401
30,578,371.483,276.393,276.393,273.369,2.06569
30,581,287.431,276.801,276.801,268.198,0.412736
30,583,121.061,129.103,129.103,121.974,-0.0430975
30,600,0.155705,0.197462,0.197462,0.150548,0.197176
30,624,1.01831e-5,2.09278e-5,2.09278e-5,1.17876e-5,-0.783408
30,648,1.00385e-9,2.21801e-9,2.21801e-9,9.22943e-10,0.50456