id,time,y1,popPred_medianCOV,popPred,indivPred_SAEM,indWRes_SAEM
1,0,0,0,0,0,0
1,1,4.25533,3.64738,3.64738,3.72752,0.855065
1,2,6.51376,6.089,6.089,6.34126,0.164272
1,5,8.20581,5.90266,5.90266,6.63273,1.4322
1,7,4.30711,2.6451,2.6451,3.26118,1.93675
1,24,0.00728929,0.00287935,0.00287935,0.00781049,-0.402971
1,48,1.75017e-6,1.8881e-7,1.8881e-7,1.55909e-6,0.740092
1,72,3.26335e-10,1.23811e-11,1.23811e-11,3.11217e-10,0.293329
1,96,6.71621e-14,8.11876e-16,8.11876e-16,6.21236e-14,0.489773
1,97,23.6767,18.2369,18.2369,18.6376,1.63272
1,98,36.0589,30.445,30.445,31.7063,0.829
1,101,46.7423,29.5133,29.5133,33.1637,2.47253
1,103,17.9457,13.2255,13.2255,16.3059,0.607296
1,120,0.0472048,0.0143967,0.0143967,0.0390525,1.26061
1,144,9.19577e-6,9.44052e-7,9.44052e-7,7.79545e-6,1.08476
1,168,1.51832e-9,6.19053e-11,6.19053e-11,1.55609e-9,-0.146581
1,192,2.67905e-13,4.05938e-15,4.05938e-15,3.10618e-13,-0.830382
1,193,48.9386,36.4738,36.4738,37.2752,1.88951
1,194,75.7621,60.89,60.89,63.4126,1.17604
1,197,78.7964,59.0266,59.0266,66.3273,1.13525
1,199,46.2915,26.451,26.451,32.6118,2.53307
1,216,0.0743863,0.0287935,0.0287935,0.0781049,-0.287508
1,240,1.64918e-5,1.8881e-6,1.8881e-6,1.55909e-5,0.348956
1,264,3.01811e-9,1.23811e-10,1.23811e-10,3.11217e-9,-0.182523
1,288,4.98923e-13,8.11876e-15,8.11876e-15,6.21236e-13,-1.18895
1,289,99.43,72.9476,72.9476,74.5504,2.0153
1,290,139.422,121.78,121.78,126.825,0.599783
1,293,133.442,118.053,118.053,132.655,0.0358589
1,295,80.9291,52.902,52.902,65.2236,1.45409
1,312,0.17261,0.057587,0.057587,0.15621,0.63401
1,336,3.31207e-5,3.77621e-6,3.77621e-6,3.11818e-5,0.375503
1,360,6.55609e-9,2.47621e-10,2.47621e-10,6.22435e-9,0.321852
1,384,1.02713e-12,1.62375e-14,1.62375e-14,1.24247e-12,-1.04664
1,385,85.3319,72.9476,72.9476,74.5504,0.873325
1,386,144.634,121.78,121.78,126.825,0.84797
1,389,159.877,118.053,118.053,132.655,1.23921
1,391,66.884,52.902,52.902,65.2236,0.153723
1,408,0.186491,0.057587,0.057587,0.15621,1.17062
1,432,2.98514e-5,3.77621e-6,3.77621e-6,3.11818e-5,-0.257645
1,456,6.2582e-9,2.47621e-10,2.47621e-10,6.22435e-9,0.0328389
1,480,1.27975e-12,1.62375e-14,1.62375e-14,1.24247e-12,0.181178
1,481,92.2403,72.9476,72.9476,74.5504,1.43292
1,482,134.799,121.78,121.78,126.825,0.379676
1,485,147.775,118.053,118.053,132.655,0.68832
1,487,87.9143,52.902,52.902,65.2236,2.10082
1,504,0.180172,0.057587,0.057587,0.15621,0.926327
1,528,2.99978e-5,3.77621e-6,3.77621e-6,3.11818e-5,-0.229291
1,552,6.12189e-9,2.47621e-10,2.47621e-10,6.22435e-9,-0.0994007
1,576,1.19359e-12,1.62375e-14,1.62375e-14,1.24247e-12,-0.237598
1,577,89.7714,72.9476,72.9476,74.5504,1.23293
1,578,147.347,121.78,121.78,126.825,0.977159
1,581,165.053,118.053,118.053,132.655,1.47487
1,583,74.1553,52.902,52.902,65.2236,0.826937
1,600,0.160116,0.057587,0.057587,0.15621,0.15102
1,624,2.88131e-5,3.77621e-6,3.77621e-6,3.11818e-5,-0.458722
1,648,7.32581e-9,2.47621e-10,2.47621e-10,6.22435e-9,1.06862
2,0,0,0,0,0,0
2,1,4.24369,3.64738,3.64738,4.05787,0.276524
2,2,9.16039,6.089,6.089,7.45659,1.37982
2,5,13.2569,5.90266,5.90266,10.6265,1.49475
2,7,9.72362,2.6451,2.6451,7.4546,1.83807
2,24,0.437761,0.00287935,0.00287935,0.36619,1.18025
2,48,0.00477856,1.8881e-7,1.8881e-7,0.00520122,-0.49071
2,72,7.60226e-5,1.23811e-11,1.23811e-11,7.3876e-5,0.175466
2,96,8.37594e-7,8.11876e-16,8.11876e-16,1.04931e-6,-1.21839
2,97,25.8543,18.2369,18.2369,20.2894,1.6563
2,98,44.1953,30.445,30.445,37.283,1.11959
2,101,64.6626,29.5133,29.5133,53.1326,1.31043
2,103,40.6026,13.2255,13.2255,37.273,0.539444
2,120,1.69165,0.0143967,0.0143967,1.83095,-0.459423
2,144,0.0305757,9.44052e-7,9.44052e-7,0.0260061,1.06108
2,168,0.000333083,6.19053e-11,6.19053e-11,0.00036938,-0.593397
2,192,4.97078e-6,4.05938e-15,4.05938e-15,5.24653e-6,-0.317379
2,193,41.623,36.4738,36.4738,40.5787,0.155403
2,194,84.6827,60.89,60.89,74.5659,0.819312
2,197,101.717,59.0266,59.0266,106.265,-0.25849
2,199,73.5202,26.451,26.451,74.546,-0.083094
2,216,4.42554,0.0287935,0.0287935,3.6619,1.25929
2,240,0.0580614,1.8881e-6,1.8881e-6,0.0520122,0.702326
2,264,0.00078494,1.23811e-10,1.23811e-10,0.00073876,0.377482
2,288,1.06949e-5,8.11876e-15,8.11876e-15,1.04931e-5,0.11616
2,289,110.617,72.9476,72.9476,81.1575,2.19198
2,290,188.692,121.78,121.78,149.132,1.60189
2,293,252.881,118.053,118.053,212.53,1.14649
2,295,156.733,52.902,52.902,149.092,0.309495
2,312,7.58316,0.057587,0.057587,7.3238,0.21385
2,336,0.108911,3.77621e-6,3.77621e-6,0.104024,0.283661
2,360,0.00166059,2.47621e-10,2.47621e-10,0.00147752,0.748204
2,384,1.65294e-5,1.62375e-14,1.62375e-14,2.09861e-5,-1.2824
2,385,101.761,72.9476,72.9476,81.1575,1.5331
2,386,171.394,121.78,121.78,149.132,0.901452
2,389,250.799,118.053,118.053,212.53,1.08734
2,391,186.922,52.902,52.902,149.092,1.53224
2,408,6.77796,0.057587,0.057587,7.3238,-0.450069
2,432,0.112386,3.77621e-6,3.77621e-6,0.104024,0.485421
2,456,0.00168241,2.47621e-10,2.47621e-10,0.00147752,0.837384
2,480,2.12117e-5,1.62375e-14,1.62375e-14,2.09861e-5,0.0649237
2,481,94.5837,72.9476,72.9476,81.1575,0.999016
2,482,189.203,121.78,121.78,149.132,1.62257
2,485,242.813,118.053,118.053,212.53,0.860423
2,487,152.375,52.902,52.902,149.092,0.132957
2,504,8.51039,0.057587,0.057587,7.3238,0.978383
2,528,0.111451,3.77621e-6,3.77621e-6,0.104024,0.431152
2,552,0.00149175,2.47621e-10,2.47621e-10,0.00147752,0.0581763
2,576,2.06404e-5,1.62375e-14,1.62375e-14,2.09861e-5,-0.0994713
2,577,84.7315,72.9476,72.9476,81.1575,0.265931
2,578,168.127,121.78,121.78,149.132,0.769155
2,581,273.514,118.053,118.053,212.53,1.73276
2,583,171.039,52.902,52.902,149.092,0.888948
2,600,9.26139,0.057587,0.057587,7.3238,1.59761
2,624,0.115335,3.77621e-6,3.77621e-6,0.104024,0.656578
2,648,0.00139999,2.47621e-10,2.47621e-10,0.00147752,-0.316871
3,0,0,0,0,0,0
3,1,3.64739,3.64738,3.64738,3.03927,1.20828
3,2,5.23926,6.089,6.089,4.39583,1.15866
3,5,2.47514,5.90266,5.90266,2.35294,0.313621
3,7,0.547092,2.6451,2.6451,0.468762,1.00907
3,24,5.31699e-7,0.00287935,0.00287935,5.19218e-7,0.145159
3,48,1.88896e-15,1.8881e-7,1.8881e-7,2.02974e-15,-0.418819
3,72,6.66275e-24,1.23811e-11,1.23811e-11,7.9347e-24,-5.72833e-9
3,96,2.08837e-32,8.11876e-16,8.11876e-16,3.10185e-32,-4.56432e-17
3,97,19.4846,18.2369,18.2369,15.1963,1.7041
3,98,25.8268,30.445,30.445,21.9791,1.05714
3,101,13.9839,29.5133,29.5133,11.7647,1.13909
3,103,2.32865,13.2255,13.2255,2.34381,-0.039046
3,120,3.02533e-6,0.0143967,0.0143967,2.59609e-6,0.99846
3,144,9.56914e-15,9.44052e-7,9.44052e-7,1.01487e-14,-0.344845
3,168,3.78017e-23,6.19053e-11,6.19053e-11,3.96735e-23,-8.42983e-9
3,192,9.69925e-32,4.05938e-15,4.05938e-15,1.55093e-31,-2.6166e-16
3,193,36.3071,36.4738,36.4738,30.3927,1.17514
3,194,50.9797,60.89,60.89,43.9583,0.964567
3,197,24.9326,59.0266,59.0266,23.5294,0.360116
3,199,5.37795,26.451,26.451,4.68762,0.889316
3,216,5.50927e-6,0.0287935,0.0287935,5.19218e-6,0.368794
3,240,1.54117e-14,1.8881e-6,1.8881e-6,2.02974e-14,-1.45356
3,264,6.66427e-23,1.23811e-10,1.23811e-10,7.9347e-23,-5.72152e-8
3,288,2.54225e-31,8.11876e-15,8.11876e-15,3.10185e-31,-2.5202e-16
3,289,70.1613,72.9476,72.9476,60.7853,0.931457
3,290,94.0138,121.78,121.78,87.9165,0.418805
3,293,55.7437,118.053,118.053,47.0588,1.11447
3,295,10.6995,52.902,52.902,9.37523,0.852968
3,312,9.80645e-6,0.057587,0.057587,1.03844e-5,-0.336061
3,336,3.99349e-14,3.77621e-6,3.77621e-6,4.05948e-14,-0.0981621
3,360,1.32994e-22,2.47621e-10,2.47621e-10,1.58694e-22,-1.15744e-7
3,384,4.39986e-31,1.62375e-14,1.62375e-14,6.2037e-31,-8.12376e-16
3,385,74.8921,72.9476,72.9476,60.7853,1.40144
3,386,100.748,121.78,121.78,87.9165,0.881368
3,389,54.6489,118.053,118.053,47.0588,0.973982
3,391,10.1791,52.902,52.902,9.37523,0.517775
3,408,1.27902e-5,0.057587,0.057587,1.03844e-5,1.39908
3,432,3.84201e-14,3.77621e-6,3.77621e-6,4.05948e-14,-0.323492
3,456,1.37575e-22,2.47621e-10,2.47621e-10,1.58694e-22,-9.51131e-8
3,480,5.24833e-31,1.62375e-14,1.62375e-14,6.2037e-31,-4.30263e-16
3,481,83.7093,72.9476,72.9476,60.7853,2.27739
3,482,108.584,121.78,121.78,87.9165,1.4196
3,485,56.2706,118.053,118.053,47.0588,1.18209
3,487,12.9716,52.902,52.902,9.37523,2.31649
3,504,1.09557e-5,0.057587,0.057587,1.03844e-5,0.332259
3,528,3.51116e-14,3.77621e-6,3.77621e-6,4.05948e-14,-0.815649
3,552,1.29261e-22,2.47621e-10,2.47621e-10,1.58694e-22,-1.32553e-7
3,576,5.28318e-31,1.62375e-14,1.62375e-14,6.2037e-31,-4.14568e-16
3,577,68.5241,72.9476,72.9476,60.7853,0.768816
3,578,100.413,121.78,121.78,87.9165,0.858319
3,581,53.1798,118.053,118.053,47.0588,0.785456
3,583,11.0217,52.902,52.902,9.37523,1.06055
3,600,1.16917e-5,0.057587,0.057587,1.03844e-5,0.760244
3,624,4.21875e-14,3.77621e-6,3.77621e-6,4.05948e-14,0.236932
3,648,1.30931e-22,2.47621e-10,2.47621e-10,1.58694e-22,-1.25034e-7
4,0,0,0,0,0,0
4,1,4.74035,3.64738,3.64738,3.74996,1.59488
4,2,8.01196,6.089,6.089,6.41313,1.50548
4,5,9.14098,5.90266,5.90266,6.85171,2.01764
4,7,3.86054,2.6451,2.6451,3.45579,0.707264
4,24,0.0109604,0.00287935,0.00287935,0.010278,0.400895
4,48,3.09944e-6,1.8881e-7,1.8881e-7,2.78542e-6,0.680788
4,72,8.08287e-10,1.23811e-11,1.23811e-11,7.54871e-10,0.427306
4,96,2.19256e-13,8.11876e-16,8.11876e-16,2.04576e-13,0.433341
4,97,21.1596,18.2369,18.2369,18.7498,0.776133
4,98,39.0978,30.445,30.445,32.0657,1.32432
4,101,44.8431,29.5133,29.5133,34.2586,1.86574
4,103,18.9639,13.2255,13.2255,17.279,0.588878
4,120,0.057823,0.0143967,0.0143967,0.0513901,0.755918
4,144,1.28361e-5,9.44052e-7,9.44052e-7,1.39271e-5,-0.473042
4,168,3.46679e-9,6.19053e-11,6.19053e-11,3.77436e-9,-0.492089
4,192,1.12061e-12,4.05938e-15,4.05938e-15,1.02288e-12,0.576989
4,193,43.9235,36.4738,36.4738,37.4996,1.03448
4,194,74.982,60.89,60.89,64.1313,1.02172
4,197,78.1015,59.0266,59.0266,68.5171,0.844719
4,199,41.833,26.451,26.451,34.5579,1.27127
4,216,0.122308,0.0287935,0.0287935,0.10278,1.14735
4,240,3.13056e-5,1.8881e-6,1.8881e-6,2.78542e-5,0.748245
4,264,8.92761e-9,1.23811e-10,1.23811e-10,7.54871e-9,1.10307
4,288,1.98532e-12,8.11876e-15,8.11876e-15,2.04576e-12,-0.178422
4,289,102.837,91.1846,91.1846,93.7489,0.585409
4,290,212.936,152.225,152.225,160.328,1.98145
4,293,185.118,147.567,147.567,171.293,0.487406
4,295,104.364,66.1275,66.1275,86.3948,1.25603
4,312,0.276301,0.0719837,0.0719837,0.256951,0.454756
4,336,7.79403e-5,4.72026e-6,4.72026e-6,6.96356e-5,0.720176
4,360,1.69686e-8,3.09527e-10,3.09527e-10,1.88718e-8,-0.608998
4,384,4.81134e-12,2.02969e-14,2.02969e-14,5.1144e-12,-0.357829
4,385,84.119,91.1846,91.1846,93.7489,-0.620302
4,386,172.516,152.225,152.225,160.328,0.459031
4,389,200.057,147.567,147.567,171.293,1.01404
4,391,99.7871,66.1275,66.1275,86.3948,0.936087
4,408,0.234506,0.0719837,0.0719837,0.256951,-0.527492
4,432,7.66748e-5,4.72026e-6,4.72026e-6,6.96356e-5,0.610433
4,456,1.68801e-8,3.09527e-10,3.09527e-10,1.88718e-8,-0.637303
4,480,4.2319e-12,2.02969e-14,2.02969e-14,5.1144e-12,-1.042
4,481,94.9775,91.1846,91.1846,93.7489,0.0791417
4,482,173.188,152.225,152.225,160.328,0.484349
4,485,191.285,147.567,147.567,171.293,0.704802
4,487,92.3615,66.1275,66.1275,86.3948,0.417054
4,504,0.282652,0.0719837,0.0719837,0.256951,0.604027
4,528,6.78695e-5,4.72026e-6,4.72026e-6,6.96356e-5,-0.153153
4,552,1.89315e-8,3.09527e-10,3.09527e-10,1.88718e-8,0.019111
4,576,5.65291e-12,2.02969e-14,2.02969e-14,5.1144e-12,0.635833
4,577,104.231,91.1846,91.1846,93.7489,0.675202
4,578,205.664,152.225,152.225,160.328,1.70756
4,581,187.732,147.567,147.567,171.293,0.579553
4,583,98.1701,66.1275,66.1275,86.3948,0.82306
4,600,0.306173,0.0719837,0.0719837,0.256951,1.1568
4,624,6.72491e-5,4.72026e-6,4.72026e-6,6.96356e-5,-0.206954
4,648,1.78215e-8,3.09527e-10,3.09527e-10,1.88718e-8,-0.336086
5,0,0,0,0,0,0
5,1,4.46395,3.64738,3.64738,3.94624,0.79223
5,2,7.62682,6.089,6.089,7.0659,0.47938
5,5,10.3012,5.90266,5.90266,9.07683,0.814559
5,7,6.4654,2.6451,2.6451,5.67262,0.843955
5,24,0.121546,0.00287935,0.00287935,0.104353,0.994962
5,48,0.000371017,1.8881e-7,1.8881e-7,0.000370422,0.00969435
5,72,1.01743e-6,1.23811e-11,1.23811e-11,1.31489e-6,-1.36612
5,96,5.07412e-9,8.11876e-16,8.11876e-16,4.66749e-9,0.526095
5,97,21.2949,18.2369,18.2369,19.7312,0.47856
5,98,45.5944,30.445,30.445,35.3295,1.75454
5,101,51.0138,29.5133,29.5133,45.3841,0.749078
5,103,32.4959,13.2255,13.2255,28.3631,0.879911
5,120,0.526612,0.0143967,0.0143967,0.521764,0.0561084
5,144,0.00145594,9.44052e-7,9.44052e-7,0.00185211,-1.29171
5,168,6.97775e-6,6.19053e-11,6.19053e-11,6.57446e-6,0.370421
5,192,2.74292e-8,4.05938e-15,4.05938e-15,2.33375e-8,1.05877
5,193,42.0245,36.4738,36.4738,39.4624,0.392075
5,194,75.6395,60.89,60.89,70.659,0.425643
5,197,115.217,59.0266,59.0266,90.7683,1.62656
5,199,61.2461,26.451,26.451,56.7262,0.481165
5,216,0.986851,0.0287935,0.0287935,1.04353,-0.327977
5,240,0.00392453,1.8881e-6,1.8881e-6,0.00370422,0.359159
5,264,1.39161e-5,1.23811e-10,1.23811e-10,1.31489e-5,0.35232
5,288,3.76686e-8,8.11876e-15,8.11876e-15,4.66749e-8,-1.16523
5,289,106.406,91.1846,91.1846,98.656,0.474383
5,290,197.279,152.225,152.225,176.648,0.705301
5,293,271.805,147.567,147.567,226.921,1.19446
5,295,181.377,66.1275,66.1275,141.815,1.6846
5,312,3.02357,0.0719837,0.0719837,2.60882,0.960048
5,336,0.00832393,4.72026e-6,4.72026e-6,0.00926056,-0.61077
5,360,3.34515e-5,3.09527e-10,3.09527e-10,3.28723e-5,0.106392
5,384,1.19767e-7,2.02969e-14,2.02969e-14,1.16687e-7,0.159381
5,385,122.233,91.1846,91.1846,98.656,1.44313
5,386,197.683,152.225,152.225,176.648,0.719105
5,389,271.655,147.567,147.567,226.921,1.19044
5,391,182.244,66.1275,66.1275,141.815,1.72152
5,408,2.65812,0.0719837,0.0719837,2.60882,0.114121
5,432,0.0107934,4.72026e-6,4.72026e-6,0.00926056,0.999532
5,456,3.05649e-5,3.09527e-10,3.09527e-10,3.28723e-5,-0.423878
5,480,8.25498e-8,2.02969e-14,2.02969e-14,1.16687e-7,-1.76667
5,481,100.605,91.1846,91.1846,98.656,0.119273
5,482,199.789,152.225,152.225,176.648,0.791091
5,485,255.611,147.567,147.567,226.921,0.763501
5,487,169.51,66.1275,66.1275,141.815,1.17928
5,504,3.40024,0.0719837,0.0719837,2.60882,1.83194
5,528,0.00916931,4.72026e-6,4.72026e-6,0.00926056,-0.0594993
5,552,3.22604e-5,3.09527e-10,3.09527e-10,3.28723e-5,-0.112414
5,576,1.1733e-7,2.02969e-14,2.02969e-14,1.16687e-7,0.033252
5,577,108.539,91.1846,91.1846,98.656,0.604928
5,578,215.222,152.225,152.225,176.648,1.31867
5,581,292.556,147.567,147.567,226.921,1.74667
5,583,157.48,66.1275,66.1275,141.815,0.667032
5,600,3.07729,0.0719837,0.0719837,2.60882,1.08438
5,624,0.0112124,4.72026e-6,4.72026e-6,0.00926056,1.27279
5,648,3.49494e-5,3.09527e-10,3.09527e-10,3.28723e-5,0.381563
6,0,0,0,0,0,0
6,1,5.11719,3.64738,3.64738,4.04792,1.59514
6,2,9.9308,6.089,6.089,7.42118,2.04212
6,5,12.5259,5.90266,5.90266,10.4789,1.17962
6,7,7.3557,2.6451,2.6451,7.27701,0.0652941
6,24,0.360582,0.00287935,0.00287935,0.327987,0.600121
6,48,0.00461567,1.8881e-7,1.8881e-7,0.00412557,0.717372
6,72,4.74829e-5,1.23811e-11,1.23811e-11,5.18934e-5,-0.513244
7,0,0,0,0,0,0
7,1,3.69329,3.64738,3.64738,3.29901,0.721726
7,2,5.46729,6.089,6.089,5.07241,0.470103
7,5,3.95191,5.90266,5.90266,3.51463,0.751327
7,7,1.15697,2.6451,2.6451,1.01561,0.840539
7,24,2.43918e-5,0.00287935,0.00287935,2.65415e-5,-0.489099
7,48,7.54678e-12,1.8881e-7,1.8881e-7,8.99684e-12,-0.97329
7,72,2.16246e-18,1.23811e-11,1.23811e-11,3.04968e-18,-0.00399565
7,96,7.05598e-25,8.11876e-16,8.11876e-16,1.03376e-24,-1.47789e-9
7,97,21.7873,18.2369,18.2369,16.495,1.93745
7,98,28.6084,30.445,30.445,25.362,0.772965
7,101,20.9667,29.5133,29.5133,17.5731,1.16615
7,103,5.27779,13.2255,13.2255,5.07804,0.237532
7,120,0.00015989,0.0143967,0.0143967,0.000132708,1.23691
7,144,3.5739e-11,9.44052e-7,9.44052e-7,4.49842e-11,-1.24109
7,168,1.46979e-17,6.19053e-11,6.19053e-11,1.52484e-17,-0.00247918
7,192,4.35199e-24,4.05938e-15,4.05938e-15,5.16878e-24,-3.67851e-9
7,193,38.6811,36.4738,36.4738,32.9901,1.04172
7,194,58.6168,60.89,60.89,50.7241,0.939631
7,197,32.5948,59.0266,59.0266,35.1463,-0.438391
7,199,11.1838,26.451,26.451,10.1561,0.611074
7,216,0.000319078,0.0287935,0.0287935,0.000265415,1.22095
7,240,7.44219e-11,1.8881e-6,1.8881e-6,8.99684e-11,-1.04349
7,264,2.98574e-17,1.23811e-10,1.23811e-10,3.04968e-17,-0.0028795
7,288,8.34466e-24,8.11876e-15,8.11876e-15,1.03376e-23,-8.97523e-9
7,289,140.377,109.421,109.421,98.9703,2.52646
7,290,154.402,182.67,182.67,152.172,0.0884694
7,293,111.257,177.08,177.08,105.439,0.333205
7,295,34.1332,79.353,79.353,30.4683,0.726382
7,312,0.000786945,0.0863804,0.0863804,0.000796246,-0.0705395
7,336,3.00363e-10,5.66431e-6,5.66431e-6,2.69905e-10,0.68146
7,360,7.66456e-17,3.71432e-10,3.71432e-10,9.14903e-17,-0.0668548
7,384,2.40499e-23,2.43563e-14,2.43563e-14,3.10127e-23,-3.13578e-8
7,385,112.607,109.421,109.421,98.9703,0.832029
7,386,153.948,182.67,182.67,152.172,0.0704742
7,389,121.837,177.08,177.08,105.439,0.93918
7,391,34.6857,79.353,79.353,30.4683,0.835885
7,408,0.0010842,0.0863804,0.0863804,0.000796246,2.18387
7,432,2.63893e-10,5.66431e-6,5.66431e-6,2.69905e-10,-0.134515
7,456,8.33016e-17,3.71432e-10,3.71432e-10,9.14903e-17,-0.0368788
7,480,2.54332e-23,2.43563e-14,2.43563e-14,3.10127e-23,-2.51278e-8
7,481,110.619,109.421,109.421,98.9703,0.710729
7,482,164.978,182.67,182.67,152.172,0.508165
7,485,124.205,177.08,177.08,105.439,1.07478
7,487,37.248,79.353,79.353,30.4683,1.34373
7,504,0.000845369,0.0863804,0.0863804,0.000796246,0.372555
7,528,2.6889e-10,5.66431e-6,5.66431e-6,2.69905e-10,-0.022705
7,552,7.37851e-17,3.71432e-10,3.71432e-10,9.14903e-17,-0.0797373
7,576,2.22523e-23,2.43563e-14,2.43563e-14,3.10127e-23,-3.94533e-8
7,577,113.662,109.421,109.421,98.9703,0.896436
7,578,173.151,182.67,182.67,152.172,0.832526
7,581,131.952,177.08,177.08,105.439,1.51845
7,583,31.716,79.353,79.353,30.4683,0.247297
7,600,0.000854769,0.0863804,0.0863804,0.000796246,0.443842
7,624,2.33703e-10,5.66431e-6,5.66431e-6,2.69905e-10,-0.809967
7,648,6.82733e-17,3.71432e-10,3.71432e-10,9.14903e-17,-0.10456
8,0,0,0,0,0,0
8,1,3.80684,3.64738,3.64738,3.79358,0.0211079
8,2,7.38265,6.089,6.089,6.55449,0.763001
8,5,7.12627,5.90266,5.90266,7.29693,-0.141233
8,7,4.28962,2.6451,2.6451,3.86498,0.663474
8,24,0.0201153,0.00287935,0.00287935,0.0174263,0.931823
8,48,8.17986e-6,1.8881e-7,1.8881e-7,8.4974e-6,-0.22566
8,72,4.51784e-9,1.23811e-11,1.23811e-11,4.1435e-9,0.545562
8,96,2.05591e-12,8.11876e-16,8.11876e-16,2.02045e-12,0.105983
8,97,17.5049,18.2369,18.2369,18.9679,-0.465758
8,98,40.3004,30.445,30.445,32.7724,1.38712
8,101,49.8565,29.5133,29.5133,36.4847,2.21323
8,103,22.3189,13.2255,13.2255,19.3249,0.935594
8,120,0.0937118,0.0143967,0.0143967,0.0871314,0.456059
8,144,3.86381e-5,9.44052e-7,9.44052e-7,4.2487e-5,-0.547054
8,168,1.99578e-8,6.19053e-11,6.19053e-11,2.07175e-8,-0.221435
8,192,1.03183e-11,4.05938e-15,4.05938e-15,1.01023e-11,0.129158
8,193,41.1327,36.4738,36.4738,37.9358,0.508901
8,194,77.3324,60.89,60.89,65.5449,1.086
8,197,90.8387,59.0266,59.0266,72.9693,1.47882
8,199,44.1321,26.451,26.451,38.6498,0.856572
8,216,0.20543,0.0287935,0.0287935,0.174263,1.08005
8,240,7.80039e-5,1.8881e-6,1.8881e-6,8.4974e-5,-0.495333
8,264,4.21373e-8,1.23811e-10,1.23811e-10,4.1435e-8,0.102351
8,288,2.12295e-11,8.11876e-15,8.11876e-15,2.02045e-11,0.306346
8,289,146.478,109.421,109.421,113.807,1.73356
8,290,232.783,182.67,182.67,196.635,1.11012
8,293,219.285,177.08,177.08,218.908,0.0103906
8,295,151.428,79.353,79.353,115.949,1.84775
8,312,0.58461,0.0863804,0.0863804,0.522789,0.714101
8,336,0.000251748,5.66431e-6,5.66431e-6,0.000254922,-0.075182
8,360,1.37016e-7,3.71432e-10,3.71432e-10,1.24305e-7,0.617507
8,384,5.36706e-11,2.43563e-14,2.43563e-14,6.06136e-11,-0.69171
8,385,140.107,109.421,109.421,113.807,1.3955
8,386,207.365,182.67,182.67,196.635,0.329548
8,389,254,177.08,177.08,218.908,0.968047
8,391,122.816,79.353,79.353,115.949,0.357642
8,408,0.498869,0.0863804,0.0863804,0.522789,-0.27629
8,432,0.000233838,5.66431e-6,5.66431e-6,0.000254922,-0.499448
8,456,1.23688e-7,3.71432e-10,3.71432e-10,1.24305e-7,-0.0299901
8,480,5.86946e-11,2.43563e-14,2.43563e-14,6.06136e-11,-0.19118
8,481,143.474,109.421,109.421,113.807,1.57413
8,482,184.387,182.67,182.67,196.635,-0.376126
8,485,318.226,177.08,177.08,218.908,2.73976
8,487,114.529,79.353,79.353,115.949,-0.0739872
8,504,0.605491,0.0863804,0.0863804,0.522789,0.9553
8,528,0.000287065,5.66431e-6,5.66431e-6,0.000254922,0.761422
8,552,1.26149e-7,3.71432e-10,3.71432e-10,1.24305e-7,0.0895893
8,576,5.98197e-11,2.43563e-14,2.43563e-14,6.06136e-11,-0.0790922
8,577,159.686,109.421,109.421,113.807,2.4344
8,578,245.122,182.67,182.67,196.635,1.48907
8,581,223.942,177.08,177.08,218.908,0.138864
8,583,126.878,79.353,79.353,115.949,0.569162
8,600,0.52933,0.0863804,0.0863804,0.522789,0.0755554
8,624,0.000308786,5.66431e-6,5.66431e-6,0.000254922,1.27597
8,648,1.26253e-7,3.71432e-10,3.71432e-10,1.24305e-7,0.0946175
9,0,0,0,0,0,0
9,1,3.82286,3.64738,3.64738,3.43943,0.673191
9,2,6.11229,6.089,6.089,5.46679,0.713038
9,5,5.55033,5.90266,5.90266,4.34195,1.68059
9,7,1.5161,2.6451,2.6451,1.50859,0.0300636
9,24,0.000216749,0.00287935,0.00287935,0.000188838,0.892534
9,48,6.21371e-10,1.8881e-7,1.8881e-7,5.84394e-10,0.38209
9,72,1.5844e-15,1.23811e-11,1.23811e-11,1.80852e-15,-0.748338
9,96,4.99654e-21,8.11876e-16,8.11876e-16,5.59678e-21,-2.70324e-6
9,97,21.4341,18.2369,18.2369,17.1972,1.48778
9,98,29.6512,30.445,30.445,27.3339,0.51194
9,101,27.9574,29.5133,29.5133,21.7098,1.73782
9,103,10.2291,13.2255,13.2255,7.54293,2.1505
9,120,0.0010158,0.0143967,0.0143967,0.000944191,0.45796
9,144,3.51787e-9,9.44052e-7,9.44052e-7,2.92197e-9,1.23152
9,168,8.2291e-15,6.19053e-11,6.19053e-11,9.04258e-15,-0.543251
9,192,2.86085e-20,4.05938e-15,4.05938e-15,2.79839e-20,2.81306e-6
9,193,43.3136,36.4738,36.4738,34.3943,1.56598
9,194,69.9379,60.89,60.89,54.6679,1.68676
9,197,46.0308,59.0266,59.0266,43.4195,0.363172
9,199,18.0683,26.451,26.451,15.0859,1.19383
9,216,0.0017915,0.0287935,0.0287935,0.00188838,-0.309799
9,240,5.23995e-9,1.8881e-6,1.8881e-6,5.84394e-9,-0.624128
9,264,1.65439e-14,1.23811e-10,1.23811e-10,1.80852e-14,-0.51464
9,288,5.49719e-20,8.11876e-15,8.11876e-15,5.59678e-20,-4.48528e-6
9,289,124.14,109.421,109.421,103.183,1.22648
9,290,191.271,182.67,182.67,164.004,1.00402
9,293,157.709,177.08,177.08,130.259,1.27258
9,295,46.4953,79.353,79.353,45.2576,0.16515
9,312,0.0056715,0.0863804,0.0863804,0.00566514,0.00677722
9,336,1.91088e-8,5.66431e-6,5.66431e-6,1.75318e-8,0.543181
9,360,5.49693e-14,3.71432e-10,3.71432e-10,5.42555e-14,0.0794486
9,384,1.42734e-19,2.43563e-14,2.43563e-14,1.67903e-19,-0.000113355
9,385,119.887,109.421,109.421,103.183,0.977615
9,386,160.513,182.67,182.67,164.004,-0.128525
9,389,142.427,177.08,177.08,130.259,0.564108
9,391,50.7159,79.353,79.353,45.2576,0.728314
9,408,0.00563454,0.0863804,0.0863804,0.00566514,-0.0326187
9,432,2.03828e-8,5.66431e-6,5.66431e-6,1.75318e-8,0.982016
9,456,5.77448e-14,3.71432e-10,3.71432e-10,5.42555e-14,0.388369
9,480,1.73337e-19,2.43563e-14,2.43563e-14,1.67903e-19,2.44702e-5
9,481,126.755,109.421,109.421,103.183,1.37953
9,482,206.018,182.67,182.67,164.004,1.547
9,485,131.35,177.08,177.08,130.259,0.0505851
9,487,60.5753,79.353,79.353,45.2576,2.04385
9,504,0.00657942,0.0863804,0.0863804,0.00566514,0.974569
9,528,1.89752e-8,5.66431e-6,5.66431e-6,1.75318e-8,0.497149
9,552,4.58447e-14,3.71432e-10,3.71432e-10,5.42555e-14,-0.936134
9,576,1.56261e-19,2.43563e-14,2.43563e-14,1.67903e-19,-5.24313e-5
9,577,103.025,109.421,109.421,103.183,-0.00925188
9,578,195.951,182.67,182.67,164.004,1.17632
9,581,155.174,177.08,177.08,130.259,1.15506
9,583,53.7557,79.353,79.353,45.2576,1.13392
9,600,0.00621712,0.0863804,0.0863804,0.00566514,0.588377
9,624,1.67018e-8,5.66431e-6,5.66431e-6,1.75318e-8,-0.285896
9,648,5.2081e-14,3.71432e-10,3.71432e-10,5.42555e-14,-0.242017
10,0,0,0,0,0,0
10,1,5.27609,3.64738,3.64738,3.70034,2.57153
10,2,6.45217,6.089,6.089,6.25491,0.19044
10,5,7.8941,5.90266,5.90266,6.37617,1.4376
10,7,3.70592,2.6451,2.6451,3.03887,1.32554
10,24,0.00657398,0.00287935,0.00287935,0.00558482,1.06955
10,48,6.80709e-7,1.8881e-7,1.8881e-7,7.6708e-7,-0.679939
10,72,8.57248e-11,1.23811e-11,1.23811e-11,1.05359e-10,-1.12535
10,96,1.63001e-14,8.11876e-16,8.11876e-16,1.44711e-14,0.763206
10,97,23.4834,18.2369,18.2369,18.5017,1.62596
10,98,39.2943,30.445,30.445,31.2746,1.54853
10,101,37.6738,29.5133,29.5133,31.8808,1.09729
10,103,15.5632,13.2255,13.2255,15.1944,0.146605
10,120,0.0379332,0.0143967,0.0143967,0.0279241,2.16453
10,144,4.66669e-6,9.44052e-7,9.44052e-7,3.8354e-6,1.30885
10,168,5.2642e-10,6.19053e-11,6.19053e-11,5.26795e-10,-0.00429456
10,192,7.47467e-14,4.05938e-15,4.05938e-15,7.23557e-14,0.19955
10,193,42.9289,36.4738,36.4738,37.0034,0.967008
10,194,63.5208,60.89,60.89,62.5491,0.0938081
10,197,75.3759,59.0266,59.0266,63.7617,1.09996
10,199,33.8624,26.451,26.451,30.3887,0.690268
10,216,0.0546372,0.0287935,0.0287935,0.0558482,-0.130945
10,240,8.00982e-6,1.8881e-6,1.8881e-6,7.6708e-6,0.266892
10,264,1.15981e-9,1.23811e-10,1.23811e-10,1.05359e-9,0.608823
10,288,1.59768e-13,8.11876e-15,8.11876e-15,1.44711e-13,0.628317
10,289,222.963,164.132,164.132,166.515,2.04709
10,290,350.075,274.005,274.005,281.471,1.47184
10,293,297.548,265.62,265.62,286.928,0.223529
10,295,184.216,119.03,119.03,136.749,2.09609
10,312,0.267465,0.129571,0.129571,0.251317,0.388008
10,336,3.32939e-5,8.49647e-6,8.49647e-6,3.45186e-5,-0.214248
10,360,4.49998e-9,5.57148e-10,5.57148e-10,4.74115e-9,-0.307176
10,384,5.87025e-13,3.65344e-14,3.65344e-14,6.51201e-13,-0.595119
10,385,208.838,164.132,164.132,166.515,1.53483
10,386,295.987,274.005,274.005,281.471,0.31144
10,389,302.902,265.62,265.62,286.928,0.336211
10,391,173.518,119.03,119.03,136.749,1.62369
10,408,0.298952,0.129571,0.129571,0.251317,1.14458
10,432,3.57247e-5,8.49647e-6,8.49647e-6,3.45186e-5,0.211
10,456,4.17135e-9,5.57148e-10,5.57148e-10,4.74115e-9,-0.725751
10,480,5.45678e-13,3.65344e-14,3.65344e-14,6.51201e-13,-0.978539
10,481,177.095,164.132,164.132,166.515,0.38366
10,482,375.819,274.005,274.005,281.471,2.02416
10,485,376.246,265.62,265.62,286.928,1.87981
10,487,184.181,119.03,119.03,136.749,2.09456
10,504,0.303695,0.129571,0.129571,0.251317,1.25856
10,528,3.45899e-5,8.49647e-6,8.49647e-6,3.45186e-5,0.0124755
10,552,5.09778e-9,5.57148e-10,5.57148e-10,4.74115e-9,0.454226
10,576,6.05612e-13,3.65344e-14,3.65344e-14,6.51201e-13,-0.422757
10,577,191.978,164.132,164.132,166.515,0.923422
10,578,365.101,274.005,274.005,281.471,1.79421
10,581,293.761,265.62,265.62,286.928,0.143816
10,583,157.903,119.03,119.03,136.749,0.934142
10,600,0.301678,0.129571,0.129571,0.251317,1.21009
10,624,3.51606e-5,8.49647e-6,8.49647e-6,3.45186e-5,0.112317
10,648,4.7795e-9,5.57148e-10,5.57148e-10,4.74115e-9,0.0488403
11,0,0,0,0,0,0
11,1,4.4717,3.64738,3.64738,3.60848,1.44459
11,2,6.32174,6.089,6.089,5.96906,0.356799
11,5,6.17145,5.90266,5.90266,5.5759,0.644986
11,7,2.71979,2.6451,2.6451,2.3862,0.844226
11,24,0.00182182,0.00287935,0.00287935,0.00175605,0.226156
11,48,7.00303e-8,1.8881e-7,1.8881e-7,6.62584e-8,0.343773
11,72,2.58445e-12,1.23811e-11,1.23811e-11,2.50002e-12,0.203938
11,96,7.93294e-17,8.11876e-16,8.11876e-16,9.43294e-17,-0.0675539
11,97,22.6873,18.2369,18.2369,18.0424,1.55465
11,98,27.7636,30.445,30.445,29.8453,-0.421208
11,101,34.144,29.5133,29.5133,27.8795,1.3569
11,103,12.8507,13.2255,13.2255,11.931,0.465508
11,120,0.00923123,0.0143967,0.0143967,0.00878027,0.310155
11,144,3.52685e-7,9.44052e-7,9.44052e-7,3.31292e-7,0.389948
11,168,1.28993e-11,6.19053e-11,6.19053e-11,1.25001e-11,0.192852
11,192,4.03005e-16,4.05938e-15,4.05938e-15,4.71647e-16,-0.309136
11,193,41.1197,36.4738,36.4738,36.0848,0.842593
11,194,78.1591,60.89,60.89,59.6906,1.86841
11,197,61.8246,59.0266,59.0266,55.759,0.656911
11,199,27.7161,26.451,26.451,23.862,0.975347
11,216,0.0208521,0.0287935,0.0287935,0.0175605,1.13191
11,240,6.90848e-7,1.8881e-6,1.8881e-6,6.62584e-7,0.257599
11,264,2.45583e-11,1.23811e-10,1.23811e-10,2.50002e-11,-0.106753
11,288,8.8497e-16,8.11876e-15,8.11876e-15,9.43294e-16,-0.262666
11,289,165.53,164.132,164.132,162.381,0.117086
11,290,314.116,274.005,274.005,268.608,1.02311
11,293,291.262,265.62,265.62,250.915,0.971028
11,295,144.136,119.03,119.03,107.379,2.06714
11,312,0.0961767,0.129571,0.129571,0.0790224,1.3109
11,336,3.16042e-6,8.49647e-6,8.49647e-6,2.98163e-6,0.362121
11,360,9.23269e-11,5.57148e-10,5.57148e-10,1.12501e-10,-1.08289
12,0,0,0,0,0,0
12,1,4.39566,3.64738,3.64738,3.44692,1.66211
12,2,5.63013,6.089,6.089,5.48839,0.155951
12,5,4.29484,5.90266,5.90266,4.39074,-0.131895
12,7,1.41367,2.6451,2.6451,1.54014,-0.495869
12,24,0.000207876,0.00287935,0.00287935,0.000209051,-0.0339395
12,48,7.30267e-10,1.8881e-7,1.8881e-7,7.25309e-10,0.0412756
12,72,2.32141e-15,1.23811e-11,1.23811e-11,2.51648e-15,-0.468117
12,96,9.18812e-21,8.11876e-16,8.11876e-16,8.73103e-21,2.05854e-6
12,97,20.5216,18.2369,18.2369,17.2346,1.15171
12,98,34.8178,30.445,30.445,27.4419,1.6231
12,101,23.5644,29.5133,29.5133,21.9537,0.443047
12,103,8.97242,13.2255,13.2255,7.7007,0.997258
12,120,0.00116579,0.0143967,0.0143967,0.00104525,0.696364
12,144,3.59478e-9,9.44052e-7,9.44052e-7,3.62655e-9,-0.052901
12,168,1.09375e-14,6.19053e-11,6.19053e-11,1.25824e-14,-0.789451
12,192,4.52809e-20,4.05938e-15,4.05938e-15,4.36551e-20,7.32178e-6
12,193,37.5262,36.4738,36.4738,34.4692,0.535559
12,194,71.1011,60.89,60.89,54.8839,1.78434
12,197,52.6952,59.0266,59.0266,43.9074,1.20862
12,199,18.2371,26.451,26.451,15.4014,1.11186
12,216,0.00245773,0.0287935,0.0287935,0.00209051,1.06077
12,240,8.47209e-9,1.8881e-6,1.8881e-6,7.25309e-9,1.01491
12,264,2.19583e-14,1.23811e-10,1.23811e-10,2.51648e-14,-0.76947
12,288,8.34891e-20,8.11876e-15,8.11876e-15,8.73103e-20,-1.72093e-5
12,289,150.258,164.132,164.132,155.111,-0.188964
12,290,328.492,274.005,274.005,246.977,1.99309
12,293,217.514,265.62,265.62,197.583,0.609132
12,295,70.5533,119.03,119.03,69.3063,0.108653
12,312,0.0115494,0.129571,0.129571,0.00940729,1.37505
12,336,2.79144e-8,8.49647e-6,8.49647e-6,3.26389e-8,-0.874113
12,360,1.16329e-13,5.57148e-10,5.57148e-10,1.13242e-13,0.164648
12,384,3.6356e-19,3.65344e-14,3.65344e-14,3.92896e-19,-0.000132118
12,385,187.464,164.132,164.132,155.111,1.25955
12,386,238.153,274.005,274.005,246.977,-0.21577
12,389,224.479,265.62,265.62,197.583,0.822023
12,391,88.2985,119.03,119.03,69.3063,1.65481
12,408,0.0107514,0.129571,0.129571,0.00940729,0.862786
12,432,3.00789e-8,8.49647e-6,8.49647e-6,3.26389e-8,-0.473644
12,456,1.22391e-13,5.57148e-10,5.57148e-10,1.13242e-13,0.487905
12,480,4.29882e-19,3.65344e-14,3.65344e-14,3.92896e-19,0.000166571
12,481,143.742,164.132,164.132,155.111,-0.442612
12,482,274.904,274.005,274.005,246.977,0.682824
12,485,207.743,265.62,265.62,197.583,0.310506
12,487,71.2008,119.03,119.03,69.3063,0.165069
12,504,0.00942605,0.129571,0.129571,0.00940729,0.0120413
12,528,4.00257e-8,8.49647e-6,8.49647e-6,3.26389e-8,1.36668
12,552,1.26056e-13,5.57148e-10,5.57148e-10,1.13242e-13,0.683343
12,576,3.5786e-19,3.65344e-14,3.65344e-14,3.92896e-19,-0.000157791
12,577,168.478,164.132,164.132,155.111,0.520394
12,578,258.655,274.005,274.005,246.977,0.285517
12,581,228.069,265.62,265.62,197.583,0.931746
12,583,78.0456,119.03,119.03,69.3063,0.761466
12,600,0.00900443,0.129571,0.129571,0.00940729,-0.258606
12,624,3.38391e-8,8.49647e-6,8.49647e-6,3.26389e-8,0.22205
12,648,1.05435e-13,5.57148e-10,5.57148e-10,1.13242e-13,-0.416304
13,0,0,0,0,0,0
13,1,19.6183,18.2369,18.2369,16.4947,1.14354
13,2,30.9875,30.445,30.445,25.3611,1.3397
13,5,20.5829,29.5133,29.5133,17.5712,1.03502
13,7,6.07214,13.2255,13.2255,5.07701,1.18363
13,24,0.000128564,0.0143967,0.0143967,0.000132573,-0.182601
13,48,4.11951e-11,9.44052e-7,9.44052e-7,4.48868e-11,-0.496659
13,72,1.26821e-17,6.19053e-11,6.19053e-11,1.51979e-17,-0.0113304
13,96,3.88844e-24,4.05938e-15,4.05938e-15,5.14575e-24,-5.66243e-9
13,97,42.5088,36.4738,36.4738,32.9894,1.74255
13,98,57.1451,60.89,60.89,50.7222,0.764684
13,101,42.9986,59.0266,59.0266,35.1425,1.34996
13,103,11.86,26.451,26.451,10.154,1.01456
13,120,0.000295627,0.0287935,0.0287935,0.000265145,0.694219
13,144,9.0979e-11,1.8881e-6,1.8881e-6,8.97737e-11,0.081079
13,168,3.53462e-17,1.23811e-10,1.23811e-10,3.03958e-17,0.0222945
13,192,9.55233e-24,8.11876e-15,8.11876e-15,1.02915e-23,-3.32894e-9
13,193,84.0152,91.1846,91.1846,82.4734,0.11289
13,194,160.764,152.225,152.225,126.805,1.6172
13,197,104.369,147.567,147.567,87.8562,1.13501
13,199,27.6393,66.1275,66.1275,25.3851,0.536258
13,216,0.000774761,0.0719837,0.0719837,0.000662863,1.01939
13,240,2.34922e-10,4.72026e-6,4.72026e-6,2.24434e-10,0.282201
13,264,6.47296e-17,3.09527e-10,3.09527e-10,7.59896e-17,-0.0507104
13,288,1.88967e-23,2.02969e-14,2.02969e-14,2.57288e-23,-3.07688e-8
13,289,323.098,273.554,273.554,247.42,1.84705
13,290,451.999,456.675,456.675,380.416,1.13632
13,293,266.641,442.7,442.7,263.569,0.0703931
13,295,91.0015,198.383,198.383,76.1552,1.17724
13,312,0.00198354,0.215951,0.215951,0.00198859,-0.015333
13,336,6.00043e-10,1.41608e-5,1.41608e-5,6.73303e-10,-0.657054
13,360,2.17857e-16,9.2858e-10,9.2858e-10,2.27969e-16,-0.0455413
13,384,5.64795e-23,6.08907e-14,6.08907e-14,7.71863e-23,-9.32552e-8
13,385,240.129,273.554,273.554,247.42,-0.17796
13,386,480.013,456.675,456.675,380.416,1.58101
13,389,300.638,442.7,442.7,263.569,0.849318
13,391,79.2737,198.383,198.383,76.1552,0.247289
13,408,0.00197371,0.215951,0.215951,0.00198859,-0.0451871
13,432,6.84777e-10,1.41608e-5,1.41608e-5,6.73303e-10,0.102913
13,456,1.92825e-16,9.2858e-10,9.2858e-10,2.27969e-16,-0.158271
13,480,6.65575e-23,6.08907e-14,6.08907e-14,7.71863e-23,-4.7868e-8
13,481,294.355,273.554,273.554,247.42,1.14551
13,482,456.231,456.675,456.675,380.416,1.20349
13,485,332.517,442.7,442.7,263.569,1.5797
13,487,77.9718,198.383,198.383,76.1552,0.14405
13,504,0.00210303,0.215951,0.215951,0.00198859,0.347506
13,528,7.64199e-10,1.41608e-5,1.41608e-5,6.73303e-10,0.815231
13,552,1.6787e-16,9.2858e-10,9.2858e-10,2.27969e-16,-0.270659
13,576,6.65202e-23,6.08907e-14,6.08907e-14,7.71863e-23,-4.8036e-8
13,577,266.308,273.554,273.554,247.42,0.46099
13,578,436.053,456.675,456.675,380.416,0.883179
13,581,271.685,442.7,442.7,263.569,0.185944
13,583,93.9394,198.383,198.383,76.1552,1.41021
13,600,0.00180922,0.215951,0.215951,0.00198859,-0.544688
13,624,6.66476e-10,1.41608e-5,1.41608e-5,6.73303e-10,-0.0612222
13,648,2.35713e-16,9.2858e-10,9.2858e-10,2.27969e-16,0.0348773
14,0,0,0,0,0,0
14,1,21.0549,18.2369,18.2369,17.0099,1.43602
14,2,30.0963,30.445,30.445,26.7981,0.743223
14,5,21.7285,29.5133,29.5133,20.5268,0.353521
14,7,7.44956,13.2255,13.2255,6.79699,0.579771
14,24,0.00061958,0.0143967,0.0143967,0.000565297,0.579869
14,48,1.10063e-9,9.44052e-7,9.44052e-7,9.82248e-10,0.727782
14,72,1.34584e-15,6.19053e-11,6.19053e-11,1.70673e-15,-1.27692
14,96,2.34812e-21,4.05938e-15,4.05938e-15,2.96558e-21,-2.7808e-6
14,97,39.7182,36.4738,36.4738,34.0199,1.01149
14,98,62.1032,60.89,60.89,53.5962,0.958492
14,101,45.3298,59.0266,59.0266,41.0536,0.629001
14,103,14.0753,26.451,26.451,13.594,0.213793
14,120,0.00127856,0.0287935,0.0287935,0.00113059,0.790309
14,144,1.95222e-9,1.8881e-6,1.8881e-6,1.9645e-9,-0.0377487
14,168,3.46629e-15,1.23811e-10,1.23811e-10,3.41346e-15,0.0934529
14,192,4.49128e-21,8.11876e-15,8.11876e-15,5.93115e-21,-6.48462e-6
14,193,90.8432,91.1846,91.1846,85.0497,0.411351
14,194,145.643,152.225,152.225,133.99,0.525167
14,197,125.383,147.567,147.567,102.634,1.33852
14,199,35.5163,66.1275,66.1275,33.9849,0.272101
14,216,0.00231905,0.0719837,0.0719837,0.00282649,-1.08414
14,240,4.41731e-9,4.72026e-6,4.72026e-6,4.91124e-9,-0.60732
14,264,8.71072e-15,3.09527e-10,3.09527e-10,8.53366e-15,0.1253
14,288,1.32293e-20,2.02969e-14,2.02969e-14,1.48279e-20,-7.19955e-6
14,289,303.854,273.554,273.554,255.149,1.15272
14,290,411.589,456.675,456.675,401.971,0.144479
14,293,280.704,442.7,442.7,307.902,-0.533415
14,295,99.1421,198.383,198.383,101.955,-0.1666
14,312,0.00841101,0.215951,0.215951,0.00847946,-0.048747
14,336,1.61914e-8,1.41608e-5,1.41608e-5,1.47337e-8,0.59744
14,360,2.80516e-14,9.2858e-10,9.2858e-10,2.5601e-14,0.578045
14,384,4.12568e-20,6.08907e-14,6.08907e-14,4.44837e-20,-1.45325e-5
14,385,276.51,273.554,273.554,255.149,0.505553
14,386,438.085,456.675,456.675,401.971,0.542532
14,389,368.481,442.7,442.7,307.902,1.18811
14,391,122.013,198.383,198.383,101.955,1.18806
14,408,0.00875734,0.215951,0.215951,0.00847946,0.197896
14,432,1.64431e-8,1.41608e-5,1.41608e-5,1.47337e-8,0.70062
14,456,2.47066e-14,9.2858e-10,9.2858e-10,2.5601e-14,-0.21097
14,480,3.68514e-20,6.08907e-14,6.08907e-14,4.44837e-20,-3.43726e-5
14,481,263.99,273.554,273.554,255.149,0.209251
14,482,472.35,456.675,456.675,401.971,1.05729
14,485,424.694,442.7,442.7,307.902,2.29058
14,487,103.562,198.383,198.383,101.955,0.095211
14,504,0.00872034,0.215951,0.215951,0.00847946,0.171544
14,528,1.56228e-8,1.41608e-5,1.41608e-5,1.47337e-8,0.364384
14,552,2.63229e-14,9.2858e-10,9.2858e-10,2.5601e-14,0.170298
14,576,4.30104e-20,6.08907e-14,6.08907e-14,4.44837e-20,-6.63475e-6
14,577,323.943,273.554,273.554,255.149,1.62817
14,578,449.671,456.675,456.675,401.971,0.71658
14,581,399.319,442.7,442.7,307.902,1.79291
14,583,110.298,198.383,198.383,101.955,0.494136
14,600,0.00881874,0.215951,0.215951,0.00847946,0.241621
14,624,1.50581e-8,1.41608e-5,1.41608e-5,1.47337e-8,0.13295
14,648,2.40488e-14,9.2858e-10,9.2858e-10,2.5601e-14,-0.366117
15,0,0,0,0,0,0
15,1,21.3749,18.2369,18.2369,16.4703,1.79822
15,2,28.2883,30.445,30.445,25.2945,0.714726
15,5,20.2003,29.5133,29.5133,17.4418,0.955065
15,7,5.76038,13.2255,13.2255,5.00652,0.909287
15,24,0.00014572,0.0143967,0.0143967,0.000123613,1.07995
15,48,3.7062e-11,9.44052e-7,9.44052e-7,3.86724e-11,-0.25148
15,72,1.40539e-17,6.19053e-11,6.19053e-11,1.20987e-17,0.00880574
15,96,2.91275e-24,4.05938e-15,4.05938e-15,3.78506e-24,-3.92854e-9
15,97,43.5984,36.4738,36.4738,32.9407,1.9538
15,98,59.5679,60.89,60.89,50.5891,1.07179
15,101,39.3164,59.0266,59.0266,34.8836,0.767361
15,103,11.9828,26.451,26.451,10.013,1.18795
15,120,0.000296323,0.0287935,0.0287935,0.000247227,1.19922
15,144,8.28762e-11,1.8881e-6,1.8881e-6,7.73449e-11,0.431857
15,168,2.1818e-17,1.23811e-10,1.23811e-10,2.41973e-17,-0.0107156
15,192,6.44259e-24,8.11876e-15,8.11876e-15,7.57013e-24,-5.07799e-9
15,193,103.239,91.1846,91.1846,82.3517,1.53163
15,194,130.684,152.225,152.225,126.473,0.201093
15,197,98.5112,147.567,147.567,87.2091,0.78261
15,199,32.8954,66.1275,66.1275,25.0326,1.89678
15,216,0.000620218,0.0719837,0.0719837,0.000618067,0.0210108
15,240,1.73348e-10,4.72026e-6,4.72026e-6,1.93362e-10,-0.625039
15,264,5.8291e-17,3.09527e-10,3.09527e-10,6.04933e-17,-0.00991841
15,288,1.53308e-23,2.02969e-14,2.02969e-14,1.89253e-23,-1.61883e-8
15,289,341.846,273.554,273.554,247.055,2.31697
15,290,428.443,456.675,456.675,379.418,0.780274
15,293,305.709,442.7,442.7,261.627,1.01747
15,295,89.6036,198.383,198.383,75.0978,1.16643
15,312,0.00213763,0.215951,0.215951,0.0018542,0.923076
15,336,5.68897e-10,1.41608e-5,1.41608e-5,5.80087e-10,-0.116484
15,360,1.54467e-16,9.2858e-10,9.2858e-10,1.8148e-16,-0.121655
15,384,4.96503e-23,6.08907e-14,6.08907e-14,5.6776e-23,-3.20913e-8
15,385,298.897,273.554,273.554,247.055,1.26718
15,386,355.411,456.675,456.675,379.418,-0.38209
15,389,325.381,442.7,442.7,261.627,1.47153
15,391,77.5767,198.383,198.383,75.0978,0.199332
15,408,0.00189075,0.215951,0.215951,0.0018542,0.119041
15,432,5.59525e-10,1.41608e-5,1.41608e-5,5.80087e-10,-0.214048
15,456,1.5275e-16,9.2858e-10,9.2858e-10,1.8148e-16,-0.129387
15,480,4.42423e-23,6.08907e-14,6.08907e-14,5.6776e-23,-5.64465e-8
15,481,190.889,273.554,273.554,247.055,-1.37287
15,482,525.697,456.675,456.675,379.418,2.32814
15,485,257.611,442.7,442.7,261.627,-0.0926897
15,487,90.4874,198.383,198.383,75.0978,1.2375
15,504,0.00196149,0.215951,0.215951,0.0018542,0.349414
15,528,5.655e-10,1.41608e-5,1.41608e-5,5.80087e-10,-0.151852
15,552,1.65669e-16,9.2858e-10,9.2858e-10,1.8148e-16,-0.0712069
16,0,0,0,0,0,0
16,1,4.44391,3.64738,3.64738,3.63013,1.35374
16,2,8.98496,6.089,6.089,6.0356,2.95089
16,5,6.45853,5.90266,5.90266,5.75559,0.737518
16,7,3.06457,2.6451,2.6451,2.52725,1.2839
16,24,0.00251135,0.00287935,0.00287935,0.0023142,0.514465
16,48,1.22634e-7,1.8881e-7,1.8881e-7,1.1888e-7,0.190704
16,72,5.83513e-12,1.23811e-11,1.23811e-11,6.10684e-12,-0.26868
16,96,2.70889e-16,8.11876e-16,8.11876e-16,3.13707e-16,-0.192837
16,97,18.3878,18.2369,18.2369,18.1506,0.0789067
16,98,32.1847,30.445,30.445,30.178,0.40154
16,101,30.7238,29.5133,29.5133,28.7779,0.408307
16,103,12.9978,13.2255,13.2255,12.6363,0.172777
16,120,0.0138143,0.0143967,0.0143967,0.011571,1.17078
16,144,6.05151e-7,9.44052e-7,9.44052e-7,5.944e-7,0.109232
16,168,3.50925e-11,6.19053e-11,6.19053e-11,3.05342e-11,0.901497
16,192,1.44676e-15,4.05938e-15,4.05938e-15,1.56854e-15,-0.468847
16,193,47.6168,36.4738,36.4738,36.3013,1.88234
16,194,75.3857,60.89,60.89,60.356,1.50375
16,197,61.6664,59.0266,59.0266,57.5559,0.431276
16,199,31.7857,26.451,26.451,25.2725,1.55628
16,216,0.0215623,0.0287935,0.0287935,0.023142,-0.41221
16,240,1.32653e-6,1.8881e-6,1.8881e-6,1.1888e-6,0.699645
16,264,6.6924e-11,1.23811e-10,1.23811e-10,6.10684e-11,0.579034
16,288,3.00111e-15,8.11876e-15,8.11876e-15,3.13707e-15,-0.261729
16,289,168.718,164.132,164.132,163.356,0.198231
16,290,345.759,274.005,274.005,271.602,1.64879
16,293,280.77,265.62,265.62,259.001,0.507539
16,295,89.8036,119.03,119.03,113.726,-1.27027
16,312,0.127625,0.129571,0.129571,0.104139,1.36189
16,336,6.18902e-6,8.49647e-6,8.49647e-6,5.3496e-6,0.947562
16,360,2.6135e-10,5.57148e-10,5.57148e-10,2.74808e-10,-0.29573
16,384,1.34599e-14,3.65344e-14,3.65344e-14,1.41168e-14,-0.281017
16,385,156.074,164.132,164.132,163.356,-0.269168
16,386,324.084,274.005,274.005,271.602,1.16686
16,389,277.072,265.62,265.62,259.001,0.421315
16,391,120.782,119.03,119.03,113.726,0.374663
16,408,0.102325,0.129571,0.129571,0.104139,-0.105165
16,432,4.95155e-6,8.49647e-6,8.49647e-6,5.3496e-6,-0.449325
16,456,2.59208e-10,5.57148e-10,5.57148e-10,2.74808e-10,-0.342794
16,480,1.32838e-14,3.65344e-14,3.65344e-14,1.41168e-14,-0.356329
16,481,173.753,164.132,164.132,163.356,0.384371
16,482,281.594,274.005,274.005,271.602,0.222167
16,485,260.559,265.62,265.62,259.001,0.0363214
16,487,129.389,119.03,119.03,113.726,0.831678
16,504,0.11945,0.129571,0.129571,0.104139,0.887848
16,528,5.40234e-6,8.49647e-6,8.49647e-6,5.3496e-6,0.0595381
16,552,3.13636e-10,5.57148e-10,5.57148e-10,2.74808e-10,0.853216
16,576,1.33269e-14,3.65344e-14,3.65344e-14,1.41168e-14,-0.337891
16,577,174.311,164.132,164.132,163.356,0.404983
16,578,259.352,274.005,274.005,271.602,-0.272377
16,581,266.12,265.62,265.62,259.001,0.165963
16,583,123.063,119.03,119.03,113.726,0.49575
16,600,0.121419,0.129571,0.129571,0.104139,1.00204
16,624,5.20044e-6,8.49647e-6,8.49647e-6,5.3496e-6,-0.168375
16,648,2.69085e-10,5.57148e-10,5.57148e-10,2.74808e-10,-0.125748
17,0,0,0,0,0,0
17,1,5.4416,3.64738,3.64738,4.08004,2.01521
17,2,8.62838,6.089,6.089,7.53587,0.875462
17,5,12.9461,5.90266,5.90266,10.9622,1.09285
17,7,11.0296,2.6451,2.6451,7.86455,2.43027
17,24,0.582316,0.00287935,0.00287935,0.467484,1.48335
17,48,0.00870939,1.8881e-7,1.8881e-7,0.00869107,0.0127279
17,72,0.000144919,1.23811e-11,1.23811e-11,0.000161577,-0.622597
17,96,3.24181e-6,8.11876e-16,8.11876e-16,3.00391e-6,0.478252
17,97,23.7721,18.2369,18.2369,20.4002,0.998139
17,98,41.5908,30.445,30.445,37.6793,0.626877
17,101,39.5387,29.5133,29.5133,54.8111,-1.68262
17,103,48.8891,13.2255,13.2255,39.3228,1.46909
17,120,2.01304,0.0143967,0.0143967,2.33742,-0.838033
17,144,0.0406089,9.44052e-7,9.44052e-7,0.0434553,-0.395557
17,168,0.000799282,6.19053e-11,6.19053e-11,0.000807886,-0.0643111
17,192,1.6686e-5,4.05938e-15,4.05938e-15,1.50195e-5,0.670032
17,193,43.9867,36.4738,36.4738,40.8004,0.471595
17,194,103.082,60.89,60.89,75.3587,2.22155
17,197,122.62,59.0266,59.0266,109.622,0.716025
17,199,77.7219,26.451,26.451,78.6455,-0.0709214
17,216,4.89664,0.0287935,0.0287935,4.67484,0.28652
17,240,0.0853819,1.8881e-6,1.8881e-6,0.0869107,-0.106226
17,264,0.00156588,1.23811e-10,1.23811e-10,0.00161577,-0.18648
17,288,2.58125e-5,8.11876e-15,8.11876e-15,3.00391e-5,-0.849665
17,289,214.511,164.132,164.132,183.602,1.01663
17,290,380.713,274.005,274.005,339.114,0.74077
17,293,624.446,265.62,265.62,493.3,1.60543
17,295,417.799,119.03,119.03,353.905,1.09023
17,312,22.1996,0.129571,0.129571,21.0368,0.33379
17,336,0.389819,8.49647e-6,8.49647e-6,0.391098,-0.0197535
17,360,0.00608285,5.57148e-10,5.57148e-10,0.00727097,-0.986769
17,384,0.000133229,3.65344e-14,3.65344e-14,0.000135176,-0.0869866
17,385,241.574,164.132,164.132,183.602,1.90671
17,386,449.028,274.005,274.005,339.114,1.95728
17,389,636.65,265.62,265.62,493.3,1.75482
17,391,447.54,119.03,119.03,353.905,1.59771
17,408,25.4398,0.129571,0.129571,21.0368,1.26391
17,432,0.428959,8.49647e-6,8.49647e-6,0.391098,0.584596
17,456,0.00730168,5.57148e-10,5.57148e-10,0.00727097,0.0255003
17,480,0.000122785,3.65344e-14,3.65344e-14,0.000135176,-0.553551
17,481,208.203,164.132,164.132,183.602,0.809146
17,482,388.148,274.005,274.005,339.114,0.873159
17,485,643.591,265.62,265.62,493.3,1.83979
17,487,396.688,119.03,119.03,353.905,0.730014
17,504,24.112,0.129571,0.129571,21.0368,0.882752
17,528,0.440482,8.49647e-6,8.49647e-6,0.391098,0.762505
17,552,0.00668423,5.57148e-10,5.57148e-10,0.00727097,-0.487305
17,576,0.000131794,3.65344e-14,3.65344e-14,0.000135176,-0.151093
17,577,215.523,164.132,164.132,183.602,1.04991
17,578,375.191,274.005,274.005,339.114,0.642438
17,581,603.81,265.62,265.62,493.3,1.35281
17,583,438.271,119.03,119.03,353.905,1.43955
17,600,24.2153,0.129571,0.129571,21.0368,0.912411
17,624,0.444226,8.49647e-6,8.49647e-6,0.391098,0.820322
17,648,0.00739081,5.57148e-10,5.57148e-10,0.00727097,0.0995299
18,0,0,0,0,0,0
18,1,3.87749,3.64738,3.64738,4.03363,-0.233764
18,2,9.25633,6.089,6.089,7.37055,1.54503
18,5,11.171,5.90266,5.90266,10.2704,0.529543
18,7,9.00185,2.6451,2.6451,7.02887,1.69505
18,24,0.266186,0.00287935,0.00287935,0.27984,-0.294655
18,48,0.00277503,1.8881e-7,1.8881e-7,0.00295444,-0.366709
18,72,3.25437e-5,1.23811e-11,1.23811e-11,3.11918e-5,0.261739
18,96,2.9101e-7,8.11876e-16,8.11876e-16,3.2931e-7,-0.702331
18,97,20.2641,18.2369,18.2369,20.1682,0.028721
18,98,34.292,30.445,30.445,36.8527,-0.4196
18,101,46.5143,29.5133,29.5133,51.3521,-0.568898
18,103,39.8258,13.2255,13.2255,35.1443,0.804398
18,120,1.82596,0.0143967,0.0143967,1.3992,1.8418
18,144,0.0148247,9.44052e-7,9.44052e-7,0.0147722,0.0214564
18,168,0.000147633,6.19053e-11,6.19053e-11,0.000155959,-0.322363
18,192,1.58303e-6,4.05938e-15,4.05938e-15,1.64655e-6,-0.23295
18,193,43.6558,36.4738,36.4738,40.3363,0.496958
18,194,75.412,60.89,60.89,73.7055,0.139817
18,197,121.85,59.0266,59.0266,102.704,1.12571
18,199,65.5996,26.451,26.451,70.2887,-0.402851
18,216,2.62498,0.0287935,0.0287935,2.7984,-0.374231
18,240,0.0284631,1.8881e-6,1.8881e-6,0.0295444,-0.221007
18,264,0.000329398,1.23811e-10,1.23811e-10,0.000311918,0.338407
18,288,3.02016e-6,8.11876e-15,8.11876e-15,3.2931e-6,-0.500502
18,289,201.559,164.132,164.132,181.514,0.666886
18,290,475.341,274.005,274.005,331.675,2.6157
18,293,581.1,265.62,265.62,462.169,1.55397
18,295,380.249,119.03,119.03,316.299,1.22091
18,312,12.762,0.129571,0.129571,12.5928,0.0811309
18,336,0.137111,8.49647e-6,8.49647e-6,0.13295,0.189021
18,360,0.00152453,5.57148e-10,5.57148e-10,0.00140363,0.520122
18,384,1.54964e-5,3.65344e-14,3.65344e-14,1.4819e-5,0.276061
18,385,248.113,164.132,164.132,181.514,2.21569
18,386,365.248,274.005,274.005,331.675,0.611266
18,389,537.913,265.62,265.62,462.169,0.98968
18,391,443.469,119.03,119.03,316.299,2.42791
18,408,15.7404,0.129571,0.129571,12.5928,1.50939
18,432,0.115039,8.49647e-6,8.49647e-6,0.13295,-0.813537
18,456,0.00181282,5.57148e-10,5.57148e-10,0.00140363,1.76044
18,480,1.46633e-5,3.65344e-14,3.65344e-14,1.4819e-5,-0.0634426
18,481,166.564,164.132,164.132,181.514,-0.497347
18,482,397.768,274.005,274.005,331.675,1.20335
18,485,574.51,265.62,265.62,462.169,1.46785
18,487,371.282,119.03,119.03,316.299,1.04973
18,504,15.6826,0.129571,0.129571,12.5928,1.48165
18,528,0.149164,8.49647e-6,8.49647e-6,0.13295,0.736479
18,552,0.00146112,5.57148e-10,5.57148e-10,0.00140363,0.247327
18,576,1.33969e-5,3.65344e-14,3.65344e-14,1.4819e-5,-0.579487
18,577,231.198,164.132,164.132,181.514,1.65293
18,578,436.1,274.005,274.005,331.675,1.90125
18,581,533.539,265.62,265.62,462.169,0.932531
18,583,318.339,119.03,119.03,316.299,0.0389462
18,600,12.7437,0.129571,0.129571,12.5928,0.0723626
18,624,0.139875,8.49647e-6,8.49647e-6,0.13295,0.314527
18,648,0.00143016,5.57148e-10,5.57148e-10,0.00140363,0.114143
19,0,0,0,0,0,0
19,1,3.96282,3.64738,3.64738,3.76533,0.316735
19,2,7.59433,6.089,6.089,6.4627,1.05739
19,5,8.70265,5.90266,5.90266,7.00562,1.46281
19,7,3.67351,2.6451,2.6451,3.59522,0.131507
19,24,0.0148045,0.00287935,0.00287935,0.0123905,1.17651
19,48,3.96479e-6,1.8881e-7,1.8881e-7,4.13452e-6,-0.247905
19,72,1.77924e-9,1.23811e-11,1.23811e-11,1.37963e-9,1.74913
19,96,4.75557e-13,8.11876e-16,8.11876e-16,4.60362e-13,0.199324
19,97,21.5871,18.2369,18.2369,18.8266,0.885419
19,98,44.0602,30.445,30.445,32.3135,2.19521
19,101,44.7179,29.5133,29.5133,35.0281,1.67049
19,103,20.0903,13.2255,13.2255,17.9761,0.71022
19,120,0.0727605,0.0143967,0.0143967,0.0619525,1.0535
19,144,1.87948e-5,9.44052e-7,9.44052e-7,2.06726e-5,-0.548543
19,168,6.1533e-9,6.19053e-11,6.19053e-11,6.89815e-9,-0.652051
19,192,2.38278e-12,4.05938e-15,4.05938e-15,2.30181e-12,0.212432
19,193,42.996,36.4738,36.4738,37.6533,0.856854
19,194,67.533,60.89,60.89,64.627,0.271535
19,197,85.2979,59.0266,59.0266,70.0562,1.3138
19,199,38.2525,26.451,26.451,35.9522,0.386388
19,216,0.160206,0.0287935,0.0287935,0.123905,1.76919
19,240,4.22859e-5,1.8881e-6,1.8881e-6,4.13452e-5,0.137386
19,264,1.5175e-8,1.23811e-10,1.23811e-10,1.37963e-8,0.603479
19,288,4.28302e-12,8.11876e-15,8.11876e-15,4.60362e-12,-0.420546
19,289,204.504,164.132,164.132,169.44,1.24967
19,290,368.849,274.005,274.005,290.822,1.62019
19,293,363.352,265.62,265.62,315.253,0.921348
19,295,179.766,119.03,119.03,161.785,0.671183
19,312,0.536132,0.129571,0.129571,0.557572,-0.232204
19,336,0.000206404,8.49647e-6,8.49647e-6,0.000186054,0.660527
19,360,7.08988e-8,5.57148e-10,5.57148e-10,6.20833e-8,0.857466
20,0,0,0,0,0,0
20,1,4.55455,3.64738,3.64738,3.68505,1.42485
20,2,5.11585,6.089,6.089,6.20671,-1.06134
20,5,7.0529,5.90266,5.90266,6.23598,0.791076
20,7,4.34347,2.6451,2.6451,2.92004,2.94371
20,24,0.00545961,0.00287935,0.00287935,0.00461846,1.09982
20,48,5.60147e-7,1.8881e-7,1.8881e-7,5.13213e-7,0.552244
20,72,5.60063e-11,1.23811e-11,1.23811e-11,5.70293e-11,-0.108329
20,96,6.29289e-15,8.11876e-16,8.11876e-16,6.33722e-15,-0.0422481
20,97,21.1756,18.2369,18.2369,18.4253,0.901389
20,98,32.5336,30.445,30.445,31.0335,0.291901
20,101,40.9341,29.5133,29.5133,31.1799,1.88914
20,103,16.527,13.2255,13.2255,14.6002,0.796948
20,120,0.025933,0.0143967,0.0143967,0.0230923,0.742852
20,144,2.91305e-6,9.44052e-7,9.44052e-7,2.56607e-6,0.816564
20,168,3.10147e-10,6.19053e-11,6.19053e-11,2.85147e-10,0.52945
20,192,3.46278e-14,4.05938e-15,4.05938e-15,3.16861e-14,0.560619
20,193,47.8546,36.4738,36.4738,36.8505,1.80325
20,194,73.5632,60.89,60.89,62.0671,1.1185
20,197,70.4607,59.0266,59.0266,62.3598,0.784464
20,199,29.9794,26.451,26.451,29.2004,0.161117
20,216,0.0498242,0.0287935,0.0287935,0.0461846,0.475886
20,240,5.91092e-6,1.8881e-6,1.8881e-6,5.13213e-6,0.916369
20,264,5.62581e-10,1.23811e-10,1.23811e-10,5.70293e-10,-0.0816636
20,288,4.93139e-14,8.11876e-15,8.11876e-15,6.33722e-14,-1.33962
20,289,219.554,164.132,164.132,165.827,1.9565
20,290,354.479,274.005,274.005,279.302,1.62539
20,293,277.006,265.62,265.62,280.619,-0.0777621
20,295,151.742,119.03,119.03,131.402,0.934748
20,312,0.221207,0.129571,0.129571,0.207831,0.388651
20,336,2.02755e-5,8.49647e-6,8.49647e-6,2.30946e-5,-0.737141
20,360,2.43487e-9,5.57148e-10,5.57148e-10,2.56632e-9,-0.309304
20,384,2.77971e-13,3.65344e-14,3.65344e-14,2.85175e-13,-0.152546
20,385,162.783,164.132,164.132,165.827,-0.110859
20,386,325.981,274.005,274.005,279.302,1.00925
20,389,325.823,265.62,265.62,280.619,0.972759
20,391,158.245,119.03,119.03,131.402,1.23362
20,408,0.226333,0.129571,0.129571,0.207831,0.537593
20,432,2.59873e-5,8.49647e-6,8.49647e-6,2.30946e-5,0.756376
20,456,2.66821e-9,5.57148e-10,5.57148e-10,2.56632e-9,0.239751
20,480,2.81559e-13,3.65344e-14,3.65344e-14,2.85175e-13,-0.0765661
20,481,192.617,164.132,164.132,165.827,0.975568
20,482,345.94,274.005,274.005,279.302,1.44078
20,485,331.489,265.62,265.62,280.619,1.09469
20,487,153.068,119.03,119.03,131.402,0.995727
20,504,0.238986,0.129571,0.129571,0.207831,0.905249
20,528,2.20616e-5,8.49647e-6,8.49647e-6,2.30946e-5,-0.270095
20,552,2.65414e-9,5.57148e-10,5.57148e-10,2.56632e-9,0.206657
20,576,2.7611e-13,3.65344e-14,3.65344e-14,2.85175e-13,-0.191961
20,577,209.698,164.132,164.132,165.827,1.59759
20,578,292.779,274.005,274.005,279.302,0.291376
20,581,321.825,265.62,265.62,280.619,0.886728
20,583,148.594,119.03,119.03,131.402,0.790091
20,600,0.239893,0.129571,0.129571,0.207831,0.931605
20,624,2.0673e-5,8.49647e-6,8.49647e-6,2.30946e-5,-0.633194
20,648,1.8642e-9,5.57148e-10,5.57148e-10,2.56632e-9,-1.65215
21,0,0,0,0,0,0
21,1,4.37532,3.64738,3.64738,3.63064,1.23861
21,2,7.33597,6.089,6.089,6.0372,1.29911
21,5,5.80293,5.90266,5.90266,5.75994,0.0450641
21,7,3.21627,2.6451,2.6451,2.53071,1.63586
21,24,0.00253813,0.00287935,0.00287935,0.00232943,0.541032
21,48,1.28767e-7,1.8881e-7,1.8881e-7,1.20543e-7,0.412001
21,72,6.26406e-12,1.23811e-11,1.23811e-11,6.23784e-12,0.0253792
21,96,3.05605e-16,8.11876e-16,8.11876e-16,3.22795e-16,-0.0774186
21,97,18.9898,18.2369,18.2369,18.1532,0.278293
21,98,27.9114,30.445,30.445,30.186,-0.455031
21,101,31.3982,29.5133,29.5133,28.7997,0.544858
21,103,11.4021,13.2255,13.2255,12.6536,-0.597234
21,120,0.0121525,0.0143967,0.0143967,0.0116471,0.261993
21,144,6.71817e-7,9.44052e-7,9.44052e-7,6.02715e-7,0.692349
21,168,2.44457e-11,6.19053e-11,6.19053e-11,3.11892e-11,-1.30565
21,192,1.56557e-15,4.05938e-15,4.05938e-15,1.61398e-15,-0.181094
21,193,52.6984,36.4738,36.4738,36.3064,2.72643
21,194,75.4628,60.89,60.89,60.372,1.50947
21,197,79.3278,59.0266,59.0266,57.5994,2.27801
21,199,25.9677,26.451,26.451,25.3071,0.157634
21,216,0.0241364,0.0287935,0.0287935,0.0232943,0.21831
21,240,1.31755e-6,1.8881e-6,1.8881e-6,1.20543e-6,0.561657
21,264,5.46184e-11,1.23811e-10,1.23811e-10,6.23784e-11,-0.751237
21,288,3.0403e-15,8.11876e-15,8.11876e-15,3.22795e-15,-0.351059
21,289,212.913,164.132,164.132,163.379,1.83085
21,290,314.906,274.005,274.005,271.674,0.960956
21,293,255.385,265.62,265.62,259.197,-0.0888125
21,295,140.475,119.03,119.03,113.882,1.41014
21,312,0.11622,0.129571,0.129571,0.104824,0.656455
21,336,5.55504e-6,8.49647e-6,8.49647e-6,5.42444e-6,0.145394
21,360,2.53619e-10,5.57148e-10,5.57148e-10,2.80703e-10,-0.582661
21,384,1.51724e-14,3.65344e-14,3.65344e-14,1.45258e-14,0.268798
21,385,187.643,164.132,164.132,163.379,0.896857
21,386,269.999,274.005,274.005,271.674,-0.0372204
21,389,329.679,265.62,265.62,259.197,1.64206
21,391,140.939,119.03,119.03,113.882,1.43474
21,408,0.103658,0.129571,0.129571,0.104824,-0.0671677
21,432,6.43629e-6,8.49647e-6,8.49647e-6,5.42444e-6,1.12645
21,456,2.85158e-10,5.57148e-10,5.57148e-10,2.80703e-10,0.0958452
21,480,1.24257e-14,3.65344e-14,3.65344e-14,1.45258e-14,-0.873051
21,481,214.516,164.132,164.132,163.379,1.89012
21,482,284.389,274.005,274.005,271.674,0.282629
21,485,309.062,265.62,265.62,259.197,1.16173
21,487,137.162,119.03,119.03,113.882,1.23443
21,504,0.117026,0.129571,0.129571,0.104824,0.702916
21,528,7.0195e-6,8.49647e-6,8.49647e-6,5.42444e-6,1.7757
21,552,2.70512e-10,5.57148e-10,5.57148e-10,2.80703e-10,-0.219246
21,576,1.48631e-14,3.65344e-14,3.65344e-14,1.45258e-14,0.14023
21,577,184.445,164.132,164.132,163.379,0.778627
21,578,334.099,274.005,274.005,271.674,1.38757
21,581,392.994,265.62,265.62,259.197,3.11718
21,583,121.32,119.03,119.03,113.882,0.394394
21,600,0.0974286,0.129571,0.129571,0.104824,-0.426055
21,624,6.15154e-6,8.49647e-6,8.49647e-6,5.42444e-6,0.809443
21,648,2.97006e-10,5.57148e-10,5.57148e-10,2.80703e-10,0.350717
22,0,0,0,0,0,0
22,1,3.21498,3.64738,3.64738,3.74314,-0.852065
22,2,8.19953,6.089,6.089,6.39124,1.70856
22,5,6.31035,5.90266,5.90266,6.78448,-0.422008
22,7,4.1685,2.6451,2.6451,3.39557,1.3746
22,24,0.00938072,0.00287935,0.00287935,0.00945756,-0.0490581
22,48,2.25926e-6,1.8881e-7,1.8881e-7,2.33632e-6,-0.199163
22,72,5.16982e-10,1.23811e-11,1.23811e-11,5.77145e-10,-0.629489
22,96,1.166e-13,8.11876e-16,8.11876e-16,1.42573e-13,-1.10011
22,97,19.8516,18.2369,18.2369,18.7157,0.366491
22,98,33.7715,30.445,30.445,31.9562,0.343045
22,101,25.0838,29.5133,29.5133,33.9224,-1.5734
22,103,20.1709,13.2255,13.2255,16.9778,1.13573
22,120,0.0466851,0.0143967,0.0143967,0.0472878,-0.0769672
22,144,1.11003e-5,9.44052e-7,9.44052e-7,1.16816e-5,-0.300489
22,168,3.36788e-9,6.19053e-11,6.19053e-11,2.88572e-9,1.00897
22,192,7.28533e-13,4.05938e-15,4.05938e-15,7.12865e-13,0.132724
22,193,41.7474,36.4738,36.4738,37.4314,0.696297
22,194,77.5811,60.89,60.89,63.9124,1.29149
22,197,79.9808,59.0266,59.0266,67.8448,1.08021
22,199,40.1306,26.451,26.451,33.9557,1.09816
22,216,0.0960526,0.0287935,0.0287935,0.0945756,0.0943131
22,240,2.45463e-5,1.8881e-6,1.8881e-6,2.33632e-5,0.3058
22,264,6.37577e-9,1.23811e-10,1.23811e-10,5.77145e-9,0.632317
22,288,1.21805e-12,8.11876e-15,8.11876e-15,1.42573e-12,-0.87963
22,289,181.845,164.132,164.132,168.441,0.480521
22,290,302.058,274.005,274.005,287.606,0.303443
22,293,265.594,265.62,265.62,305.301,-0.785405
22,295,155.951,119.03,119.03,152.801,0.124492
22,312,0.563567,0.129571,0.129571,0.42559,1.95777
22,336,0.000112152,8.49647e-6,8.49647e-6,0.000105134,0.403085
22,360,3.1736e-8,5.57148e-10,5.57148e-10,2.59715e-8,1.34032
23,0,0,0,0,0,0
23,1,4.3061,3.64738,3.64738,3.6832,1.02126
23,2,6.82606,6.089,6.089,6.20089,0.608828
23,5,6.30763,5.90266,5.90266,6.21919,0.0858689
23,7,4.1627,2.6451,2.6451,2.90593,2.61166
23,24,0.00428421,0.00287935,0.00287935,0.00451307,-0.306224
23,48,4.75464e-7,1.8881e-7,1.8881e-7,4.88751e-7,-0.164166
23,72,5.08106e-11,1.23811e-11,1.23811e-11,5.29301e-11,-0.241814
23,96,5.31417e-15,8.11876e-16,8.11876e-16,5.73217e-15,-0.440358
23,97,23.0192,18.2369,18.2369,18.416,1.50941
23,98,33.4283,30.445,30.445,31.0044,0.472103
23,101,38.2904,29.5133,29.5133,31.096,1.39713
23,103,18.3516,13.2255,13.2255,14.5297,1.58847
23,120,0.0243767,0.0143967,0.0143967,0.0225653,0.484733
23,144,1.95928e-6,9.44052e-7,9.44052e-7,2.44375e-6,-1.19719
23,168,2.72375e-10,6.19053e-11,6.19053e-11,2.64651e-10,0.176241
23,192,2.85286e-14,4.05938e-15,4.05938e-15,2.86608e-14,-0.0278521
23,193,46.2454,36.4738,36.4738,36.832,1.54335
23,194,59.0506,60.89,60.89,62.0089,-0.288095
23,197,70.6096,59.0266,59.0266,62.1919,0.817344
23,199,40.6961,26.451,26.451,29.0593,2.41822
23,216,0.0599407,0.0287935,0.0287935,0.0451307,1.98167
23,240,4.73326e-6,1.8881e-6,1.8881e-6,4.88751e-6,-0.190581
23,264,5.94731e-10,1.23811e-10,1.23811e-10,5.29301e-10,0.746479
23,288,4.82403e-14,8.11876e-15,8.11876e-15,5.73217e-14,-0.956708
23,289,212.663,164.132,164.132,165.744,1.70945
23,290,371.554,274.005,274.005,279.04,2.00211
23,293,311.024,265.62,265.62,279.864,0.672361
23,295,129.541,119.03,119.03,130.767,-0.0566123
23,312,0.248599,0.129571,0.129571,0.203088,1.35326
23,336,2.38997e-5,8.49647e-6,8.49647e-6,2.19938e-5,0.52331
23,360,2.56429e-9,5.57148e-10,5.57148e-10,2.38186e-9,0.462532
24,0,0,0,0,0,0
24,1,3.84767,3.64738,3.64738,3.75061,0.156288
24,2,7.93704,6.089,6.089,6.41523,1.4325
24,5,8.0867,5.90266,5.90266,6.85815,1.08176
24,7,3.86699,2.6451,2.6451,3.46158,0.707238
24,24,0.0115489,0.00287935,0.00287935,0.0103598,0.693126
24,48,3.0979e-6,1.8881e-7,1.8881e-7,2.83244e-6,0.565945
24,72,8.42896e-10,1.23811e-11,1.23811e-11,7.74414e-10,0.534011
24,96,2.08516e-13,8.11876e-16,8.11876e-16,2.11731e-13,-0.0917036
24,97,22.1837,18.2369,18.2369,18.753,1.10471
24,98,33.8185,30.445,30.445,32.0761,0.328017
24,101,42.2373,29.5133,29.5133,34.2908,1.39942
24,103,15.0727,13.2255,13.2255,17.3079,-0.77987
24,120,0.0502214,0.0143967,0.0143967,0.0517988,-0.1839
24,144,1.40632e-5,9.44052e-7,9.44052e-7,1.41622e-5,-0.0422303
24,168,3.48011e-9,6.19053e-11,6.19053e-11,3.87207e-9,-0.611285
24,192,9.78253e-13,4.05938e-15,4.05938e-15,1.05866e-12,-0.458634
24,193,47.999,36.4738,36.4738,37.5061,1.68943
24,194,76.1045,60.89,60.89,64.1523,1.12508
24,197,83.3327,59.0266,59.0266,68.5815,1.29887
24,199,40.4582,26.451,26.451,34.6158,1.0192
24,216,0.102797,0.0287935,0.0287935,0.103598,-0.0466764
24,240,3.07218e-5,1.8881e-6,1.8881e-6,2.83244e-5,0.511106
24,264,8.61257e-9,1.23811e-10,1.23811e-10,7.74414e-9,0.677187
24,288,2.1584e-12,8.11876e-15,8.11876e-15,2.11731e-12,0.117176
24,289,206.577,164.132,164.132,168.777,1.35244
24,290,321.93,274.005,274.005,288.685,0.695416
24,293,358.939,265.62,265.62,308.617,0.984658
24,295,176.522,119.03,119.03,155.771,0.80445
24,312,0.523558,0.129571,0.129571,0.466189,0.743122
24,336,0.000145065,8.49647e-6,8.49647e-6,0.00012746,0.834087
24,360,3.52796e-8,5.57148e-10,5.57148e-10,3.48486e-8,0.0746857
25,0,0,0,0,0,0
25,1,4.14591,3.64738,3.64738,3.48097,1.15352
25,2,6.37135,6.089,6.089,5.5874,0.84728
25,5,4.89463,5.90266,5.90266,4.61915,0.36015
25,7,1.85377,2.6451,2.6451,1.69142,0.579619
25,24,0.00031138,0.00287935,0.00287935,0.000330844,-0.355264
25,48,2.48868e-9,1.8881e-7,1.8881e-7,1.9227e-9,1.77762
25,72,1.06159e-14,1.23811e-11,1.23811e-11,1.11737e-14,-0.301503
25,96,5.01451e-20,8.11876e-16,8.11876e-16,6.49362e-20,-6.66131e-5
25,97,16.2605,18.2369,18.2369,17.4049,-0.397032
25,98,33.8465,30.445,30.445,27.937,1.27737
25,101,22.2489,29.5133,29.5133,23.0957,-0.221424
25,103,9.44001,13.2255,13.2255,8.45712,0.701819
25,120,0.0018299,0.0143967,0.0143967,0.00165422,0.641323
25,144,8.75142e-9,9.44052e-7,9.44052e-7,9.61349e-9,-0.541513
25,168,4.91163e-14,6.19053e-11,6.19053e-11,5.58687e-14,-0.729859
25,192,2.68253e-19,4.05938e-15,4.05938e-15,3.24681e-19,-0.000254128
25,193,39.0173,36.4738,36.4738,34.8097,0.72992
25,194,65.4235,60.89,60.89,55.874,1.03209
25,197,56.1385,59.0266,59.0266,46.1915,1.30039
25,199,19.2844,26.451,26.451,16.9142,0.846178
25,216,0.00336371,0.0287935,0.0287935,0.00330844,0.100884
25,240,1.99567e-8,1.8881e-6,1.8881e-6,1.9227e-8,0.229181
25,264,1.04316e-13,1.23811e-10,1.23811e-10,1.11737e-13,-0.40107
25,288,6.08591e-19,8.11876e-15,8.11876e-15,6.49362e-19,-0.000183616
25,289,120.236,109.421,109.421,104.429,0.914036
25,290,190.209,182.67,182.67,167.622,0.813704
25,293,172.761,177.08,177.08,138.574,1.48977
25,295,68.8248,79.353,79.353,50.7427,2.15189
25,312,0.0109671,0.0863804,0.0863804,0.00992532,0.633849
25,336,5.88308e-8,5.66431e-6,5.66431e-6,5.76809e-8,0.120381
25,360,2.8775e-13,3.71432e-10,3.71432e-10,3.35212e-13,-0.855026
25,384,1.65872e-18,2.43563e-14,2.43563e-14,1.94809e-18,-0.00130317
25,385,129.88,109.421,109.421,104.429,1.47174
25,386,167.789,182.67,182.67,167.622,0.00601817
25,389,198.325,177.08,177.08,138.574,2.60379
25,391,58.6162,79.353,79.353,50.7427,0.937002
25,408,0.0125375,0.0863804,0.0863804,0.00992532,1.58929
25,432,5.3496e-8,5.66431e-6,5.66431e-6,5.76809e-8,-0.438129
25,456,3.22847e-13,3.71432e-10,3.71432e-10,3.35212e-13,-0.222769
25,480,1.73984e-18,2.43563e-14,2.43563e-14,1.94809e-18,-0.000937866
25,481,103.267,109.421,109.421,104.429,-0.067183
25,482,170.534,182.67,182.67,167.622,0.104892
25,485,158.698,177.08,177.08,138.574,0.876937
25,487,65.7778,79.353,79.353,50.7427,1.78927
25,504,0.00943635,0.0863804,0.0863804,0.00992532,-0.297497
25,528,5.48465e-8,5.66431e-6,5.66431e-6,5.76809e-8,-0.296738
25,552,3.50752e-13,3.71432e-10,3.71432e-10,3.35212e-13,0.279931
25,576,1.86039e-18,2.43563e-14,2.43563e-14,1.94809e-18,-0.000394949
25,577,122.677,109.421,109.421,104.429,1.0552
25,578,208.621,182.67,182.67,167.622,1.47702
25,581,170.255,177.08,177.08,138.574,1.38055
25,583,65.6105,79.353,79.353,50.7427,1.76937
25,600,0.00946259,0.0863804,0.0863804,0.00992532,-0.28153
25,624,5.9178e-8,5.66431e-6,5.66431e-6,5.76809e-8,0.156735
25,648,3.55797e-13,3.71432e-10,3.71432e-10,3.35212e-13,0.370821
26,0,0,0,0,0,0
26,1,4.24198,3.64738,3.64738,3.50418,1.27146
26,2,5.78328,6.089,6.089,5.65556,0.136372
26,5,5.11803,5.90266,5.90266,4.78102,0.425659
26,7,2.02178,2.6451,2.6451,1.80213,0.736051
26,24,0.000472626,0.00287935,0.00287935,0.00045085,0.291671
26,48,3.97e-9,1.8881e-7,1.8881e-7,3.70854e-9,0.425738
26,72,2.91544e-14,1.23811e-11,1.23811e-11,3.05053e-14,-0.267414
26,96,2.65327e-19,8.11876e-16,8.11876e-16,2.50927e-19,6.48524e-5
26,97,24.1624,18.2369,18.2369,17.5209,2.28907
26,98,28.4252,30.445,30.445,28.2778,0.0314822
26,101,29.2226,29.5133,29.5133,23.9051,1.34327
26,103,10.5051,13.2255,13.2255,9.01063,1.00158
26,120,0.00215269,0.0143967,0.0143967,0.00225425,-0.272045
26,144,1.64144e-8,9.44052e-7,9.44052e-7,1.85427e-8,-0.693121
26,168,1.48973e-13,6.19053e-11,6.19053e-11,1.52526e-13,-0.140681
26,192,1.13621e-18,4.05938e-15,4.05938e-15,1.25463e-18,-0.00053335
26,193,41.8253,36.4738,36.4738,35.0418,1.169
26,194,55.444,60.89,60.89,56.5556,-0.118694
26,197,50.6292,59.0266,59.0266,47.8102,0.356053
26,199,21.8583,26.451,26.451,18.0213,1.28574
26,216,0.00481927,0.0287935,0.0287935,0.0045085,0.41625
26,240,3.51756e-8,1.8881e-6,1.8881e-6,3.70854e-8,-0.310991
26,264,3.06292e-13,1.23811e-10,1.23811e-10,3.05053e-13,0.0245312
26,288,2.42244e-18,8.11876e-15,8.11876e-15,2.50927e-18,-0.000391015
26,289,124.483,109.421,109.421,105.125,1.11197
26,290,208.386,182.67,182.67,169.667,1.3781
26,293,154.072,177.08,177.08,143.431,0.448022
26,295,61.7547,79.353,79.353,54.0638,0.859047
26,312,0.0148214,0.0863804,0.0863804,0.0135255,0.578593
26,336,1.20716e-7,5.66431e-6,5.66431e-6,1.11256e-7,0.513441
26,360,1.02893e-12,3.71432e-10,3.71432e-10,9.15159e-13,0.750735
27,0,0,0,0,0,0
27,1,3.18599,3.64738,3.64738,2.87867,0.644666
27,2,4.53238,6.089,6.089,4.01063,0.785588
27,5,2.13366,5.90266,5.90266,1.82092,1.03717
27,7,0.327914,2.6451,2.6451,0.281555,0.994286
27,24,3.98586e-8,0.00287935,0.00287935,3.61738e-8,0.615132
27,48,4.58957e-18,1.8881e-7,1.8881e-7,6.7559e-18,-0.00975629
27,72,6.18151e-28,1.23811e-11,1.23811e-11,1.26175e-27,-2.8985e-12
27,96,1.33107e-37,8.11876e-16,8.11876e-16,2.35647e-37,-4.61799e-22
27,97,19.0253,18.2369,18.2369,14.3934,1.94332
27,98,24.702,30.445,30.445,20.0531,1.39995
27,101,12.4109,29.5133,29.5133,9.10458,2.19293
27,103,1.52267,13.2255,13.2255,1.40778,0.492853
27,120,1.57104e-7,0.0143967,0.0143967,1.80869e-7,-0.793458
27,144,2.42783e-17,9.44052e-7,9.44052e-7,3.37795e-17,-0.0427895
27,168,3.99487e-27,6.19053e-11,6.19053e-11,6.30874e-27,-1.04207e-11
27,192,4.90693e-37,4.05938e-15,4.05938e-15,1.17824e-36,-3.09642e-21
27,193,34.8055,36.4738,36.4738,28.7867,1.26259
27,194,55.5259,60.89,60.89,40.1063,2.32171
27,197,21.3295,59.0266,59.0266,18.2092,1.03482
27,199,3.20184,26.451,26.451,2.81555,0.828494
27,216,3.40116e-7,0.0287935,0.0287935,3.61738e-7,-0.360951
27,240,4.85509e-17,1.8881e-6,1.8881e-6,6.7559e-17,-0.0856049
27,264,6.39628e-27,1.23811e-10,1.23811e-10,1.26175e-26,-2.80178e-11
27,288,1.06919e-36,8.11876e-15,8.11876e-15,2.35647e-36,-5.7974e-21
27,289,100.1,109.421,109.421,86.3602,0.960757
27,290,128.621,182.67,182.67,120.319,0.41669
27,293,63.0785,177.08,177.08,54.6275,0.934211
27,295,10.8802,79.353,79.353,8.44666,1.73983
27,312,9.36934e-7,0.0863804,0.0863804,1.08521e-6,-0.82511
27,336,1.52721e-16,5.66431e-6,5.66431e-6,2.02677e-16,-0.22498
27,360,2.63619e-26,3.71432e-10,3.71432e-10,3.78524e-26,-5.17487e-11
27,384,3.1823e-36,2.43563e-14,2.43563e-14,7.06941e-36,-1.7506e-20
27,385,85.7321,109.421,109.421,86.3602,-0.0439184
27,386,140.432,182.67,182.67,120.319,1.00947
27,389,50.5931,177.08,177.08,54.6275,-0.445971
27,391,10.5108,79.353,79.353,8.44666,1.47571
27,408,9.48704e-7,0.0863804,0.0863804,1.08521e-6,-0.759613
27,432,1.59032e-16,5.66431e-6,5.66431e-6,2.02677e-16,-0.196559
27,456,1.95073e-26,3.71432e-10,3.71432e-10,3.78524e-26,-8.26193e-11
27,480,3.3448e-36,2.43563e-14,2.43563e-14,7.06941e-36,-1.67742e-20
27,481,100.555,109.421,109.421,86.3602,0.992548
27,482,134.09,182.67,182.67,120.319,0.691157
27,485,58.4271,177.08,177.08,54.6275,0.420026
27,487,10.322,79.353,79.353,8.44666,1.34069
27,504,1.14669e-6,0.0863804,0.0863804,1.08521e-6,0.342082
27,528,1.6178e-16,5.66431e-6,5.66431e-6,2.02677e-16,-0.184183
27,552,2.19889e-26,3.71432e-10,3.71432e-10,3.78524e-26,-7.1443e-11
27,576,3.22932e-36,2.43563e-14,2.43563e-14,7.06941e-36,-1.72943e-20
27,577,110.848,109.421,109.421,86.3602,1.71229
27,578,150.037,182.67,182.67,120.319,1.49153
27,581,60.7301,177.08,177.08,54.6275,0.674607
27,583,7.61689,79.353,79.353,8.44666,-0.593225
27,600,1.17387e-6,0.0863804,0.0863804,1.08521e-6,0.49332
27,624,1.40558e-16,5.66431e-6,5.66431e-6,2.02677e-16,-0.279761
27,648,2.15499e-26,3.71432e-10,3.71432e-10,3.78524e-26,-7.34202e-11
28,0,0,0,0,0,0
28,1,3.89815,3.64738,3.64738,3.21317,1.28732
28,2,5.42221,6.089,6.089,4.84133,0.724549
28,5,3.44207,5.90266,5.90266,3.08304,0.703224
28,7,0.82728,2.6451,2.6451,0.791599,0.272192
28,24,8.75992e-6,0.00287935,0.00287935,7.57657e-6,0.943161
28,48,4.94602e-13,1.8881e-7,1.8881e-7,6.21985e-13,-1.23674
28,72,4.53195e-20,1.23811e-11,1.23811e-11,5.10608e-20,-2.58566e-5
28,96,3.40837e-27,8.11876e-16,8.11876e-16,4.19174e-27,-3.528e-12
28,97,20.2845,18.2369,18.2369,16.0659,1.58568
28,98,29.8479,30.445,30.445,24.2067,1.40731
28,101,15.9054,29.5133,29.5133,15.4152,0.192025
28,103,5.30714,13.2255,13.2255,3.95799,2.05841
28,120,4.03021e-5,0.0143967,0.0143967,3.78829e-5,0.385647
28,144,2.69309e-12,9.44052e-7,9.44052e-7,3.10993e-12,-0.809395
28,168,2.14437e-19,6.19053e-11,6.19053e-11,2.55304e-19,-0.00018405
28,192,1.50205e-26,4.05938e-15,4.05938e-15,2.09587e-26,-2.67434e-11
28,193,30.015,36.4738,36.4738,32.1317,-0.397819
28,194,52.1187,60.89,60.89,48.4133,0.462185
28,197,29.1336,59.0266,59.0266,30.8304,-0.332358
28,199,9.22371,26.451,26.451,7.91599,0.997598
28,216,8.82795e-5,0.0287935,0.0287935,7.57657e-5,0.997382
28,240,5.07919e-12,1.8881e-6,1.8881e-6,6.21985e-12,-1.10745
28,264,4.37963e-19,1.23811e-10,1.23811e-10,5.10608e-19,-0.000327162
28,288,2.83066e-26,8.11876e-15,8.11876e-15,4.19174e-26,-6.12979e-11
28,289,113.037,109.421,109.421,96.3951,1.04255
28,290,177.602,182.67,182.67,145.24,1.34556
28,293,98.3319,177.08,177.08,92.4913,0.381336
28,295,32.5495,79.353,79.353,23.748,2.2381
28,312,0.000199162,0.0863804,0.0863804,0.000227297,-0.747484
28,336,1.81632e-11,5.66431e-6,5.66431e-6,1.86596e-11,-0.160635
28,360,1.3592e-18,3.71432e-10,3.71432e-10,1.53182e-18,-0.00077743
28,384,9.20688e-26,2.43563e-14,2.43563e-14,1.25752e-25,-1.51697e-10
28,385,109.253,109.421,109.421,96.3951,0.805515
28,386,206.377,182.67,182.67,145.24,2.54195
28,389,109.658,177.08,177.08,92.4913,1.12081
28,391,27.3531,79.353,79.353,23.748,0.916718
28,408,0.000258305,0.0863804,0.0863804,0.000227297,0.823802
28,432,1.71214e-11,5.66431e-6,5.66431e-6,1.86596e-11,-0.497801
28,456,1.35912e-18,3.71432e-10,3.71432e-10,1.53182e-18,-0.000777776
28,480,1.0127e-25,2.43563e-14,2.43563e-14,1.25752e-25,-1.10257e-10
28,481,114.616,109.421,109.421,96.3951,1.14149
28,482,180.784,182.67,182.67,145.24,1.47783
28,485,101.94,177.08,177.08,92.4913,0.616874
28,487,27.9382,79.353,79.353,23.748,1.06551
28,504,0.000295169,0.0863804,0.0863804,0.000227297,1.80319
28,528,1.72713e-11,5.66431e-6,5.66431e-6,1.86596e-11,-0.449273
28,552,1.33472e-18,3.71432e-10,3.71432e-10,1.53182e-18,-0.00088766
28,576,9.46642e-26,2.43563e-14,2.43563e-14,1.25752e-25,-1.40008e-10
28,577,131.21,109.421,109.421,96.3951,2.18101
28,578,168.047,182.67,182.67,145.24,0.948263
28,581,124.063,177.08,177.08,92.4913,2.06131
28,583,32.0234,79.353,79.353,23.748,2.10432
28,600,0.000227887,0.0863804,0.0863804,0.000227297,0.0156755
28,624,1.98103e-11,5.66431e-6,5.66431e-6,1.86596e-11,0.372425
28,648,1.42508e-18,3.71432e-10,3.71432e-10,1.53182e-18,-0.000480722
29,0,0,0,0,0,0
29,1,3.87648,3.64738,3.64738,3.74928,0.204859
29,2,5.34327,6.089,6.089,6.41098,-1.00571
29,5,7.72442,5.90266,5.90266,6.84506,0.775774
29,7,4.14306,2.6451,2.6451,3.44981,1.21349
29,24,0.0103141,0.00287935,0.00287935,0.0101942,0.0710159
29,48,3.17599e-6,1.8881e-7,1.8881e-7,2.73764e-6,0.966924
29,72,8.20764e-10,1.23811e-11,1.23811e-11,7.3519e-10,0.702892
29,96,1.78275e-13,8.11876e-16,8.11876e-16,1.97434e-13,-0.586
29,97,21.5141,18.2369,18.2369,18.7464,0.891533
29,98,42.4687,30.445,30.445,32.0549,1.96184
29,101,33.8084,29.5133,29.5133,34.2253,-0.0735639
29,103,18.4489,13.2255,13.2255,17.2491,0.420031
29,120,0.0585324,0.0143967,0.0143967,0.0509711,0.895823
29,144,1.48714e-5,9.44052e-7,9.44052e-7,1.36882e-5,0.521974
29,168,3.80113e-9,6.19053e-11,6.19053e-11,3.67595e-9,0.205642
29,192,9.0248e-13,4.05938e-15,4.05938e-15,9.87172e-13,-0.518076
29,193,51.465,36.4738,36.4738,37.4928,2.25041
29,194,83.4781,60.89,60.89,64.1098,1.82438
29,197,69.6527,59.0266,59.0266,68.4506,0.10605
29,199,41.8804,26.451,26.451,34.4981,1.29223
29,216,0.1179,0.0287935,0.0287935,0.101942,0.945286
29,240,2.8825e-5,1.8881e-6,1.8881e-6,2.73764e-5,0.319524
29,264,7.32914e-9,1.23811e-10,1.23811e-10,7.3519e-9,-0.0186984
29,288,2.20291e-12,8.11876e-15,8.11876e-15,1.97434e-12,0.699088
29,289,122.092,109.421,109.421,112.479,0.516108
29,290,214.066,182.67,182.67,192.329,0.68248
29,293,249.92,177.08,177.08,205.352,1.31059
29,295,117.924,79.353,79.353,103.494,0.841937
29,312,0.366644,0.0863804,0.0863804,0.305826,1.20089
29,336,8.76251e-5,5.66431e-6,5.66431e-6,8.21293e-5,0.404091
29,360,1.6963e-8,3.71432e-10,3.71432e-10,2.20557e-8,-1.39437
29,384,6.02835e-12,2.43563e-14,2.43563e-14,5.92303e-12,0.107375
29,385,132.374,109.421,109.421,112.479,1.06814
29,386,200.561,182.67,182.67,192.329,0.258447
29,389,235.865,177.08,177.08,205.352,0.897299
29,391,132.461,79.353,79.353,103.494,1.69015
29,408,0.354849,0.0863804,0.0863804,0.305826,0.967976
29,432,8.60274e-5,5.66431e-6,5.66431e-6,8.21293e-5,0.28662
29,456,2.28554e-8,3.71432e-10,3.71432e-10,2.20557e-8,0.218948
29,480,5.25198e-12,2.43563e-14,2.43563e-14,5.92303e-12,-0.684158
29,481,133.453,109.421,109.421,112.479,1.12608
29,482,198.825,182.67,182.67,192.329,0.203944
29,485,246.283,177.08,177.08,205.352,1.20366
29,487,109.789,79.353,79.353,103.494,0.367277
29,504,0.343447,0.0863804,0.0863804,0.305826,0.742844
29,528,7.2583e-5,5.66431e-6,5.66431e-6,8.21293e-5,-0.701913
29,552,2.35077e-8,3.71432e-10,3.71432e-10,2.20557e-8,0.397562
29,576,4.74387e-12,2.43563e-14,2.43563e-14,5.92303e-12,-1.2022
29,577,135.827,109.421,109.421,112.479,1.25353
29,578,213.975,182.67,182.67,192.329,0.679623
29,581,238.731,177.08,177.08,205.352,0.981582
29,583,122.715,79.353,79.353,103.494,1.12149
29,600,0.327699,0.0863804,0.0863804,0.305826,0.431884
29,624,9.05033e-5,5.66431e-6,5.66431e-6,8.21293e-5,0.615716
29,648,2.14224e-8,3.71432e-10,3.71432e-10,2.20557e-8,-0.173391
30,0,0,0,0,0,0
30,1,3.32265,3.64738,3.64738,3.36941,-0.0838013
30,2,5.55667,6.089,6.089,5.26756,0.331435
30,5,4.43368,5.90266,5.90266,3.90925,0.810096
30,7,1.3074,2.6451,2.6451,1.24065,0.324909
30,24,6.96176e-5,0.00287935,0.00287935,7.19249e-5,-0.193724
30,48,7.66389e-11,1.8881e-7,1.8881e-7,7.50855e-11,0.124927
30,72,7.15161e-17,1.23811e-11,1.23811e-11,7.8385e-17,-0.0309348
30,96,6.15719e-23,8.11876e-16,8.11876e-16,8.18295e-23,-9.12322e-8
30,97,19.0762,18.2369,18.2369,16.847,0.79903
30,98,35.4139,30.445,30.445,26.3378,2.08097
30,101,19.066,29.5133,29.5133,19.5463,-0.148366
30,103,7.93959,13.2255,13.2255,6.20326,1.69028
30,120,0.000355936,0.0143967,0.0143967,0.000359625,-0.0619377
30,144,3.70054e-10,9.44052e-7,9.44052e-7,3.75428e-10,-0.0864401
30,168,3.56862e-16,6.19053e-11,6.19053e-11,3.91925e-16,-0.157911
30,192,2.6596e-22,4.05938e-15,4.05938e-15,4.09148e-22,-6.44861e-7
30,193,30.3715,36.4738,36.4738,33.6941,-0.595479
30,194,58.0512,60.89,60.89,52.6756,0.616253
30,197,41.5372,59.0266,59.0266,39.0925,0.377642
30,199,13.3689,26.451,26.451,12.4065,0.468419
30,216,0.000756439,0.0287935,0.0287935,0.000719249,0.312239
30,240,7.85645e-10,1.8881e-6,1.8881e-6,7.50855e-10,0.279792
30,264,7.79419e-16,1.23811e-10,1.23811e-10,7.8385e-16,-0.0199579
30,288,6.18018e-22,8.11876e-15,8.11876e-15,8.18295e-22,-9.0197e-7
30,289,126.852,109.421,109.421,101.082,1.5395
30,290,193.648,182.67,182.67,158.027,1.36121
30,293,107.192,177.08,177.08,117.278,-0.519313
30,295,45.1512,79.353,79.353,37.2196,1.28688
30,312,0.00241637,0.0863804,0.0863804,0.00215775,0.723791
30,336,2.16211e-9,5.66431e-6,5.66431e-6,2.25257e-9,-0.24249
30,360,2.23715e-15,3.71432e-10,3.71432e-10,2.35155e-15,-0.293768
30,384,1.95013e-21,2.43563e-14,2.43563e-14,2.45489e-21,-2.2732e-6
30,385,112.633,109.421,109.421,101.082,0.690049
30,386,149.739,182.67,182.67,158.027,-0.316723
30,389,141.347,177.08,177.08,117.278,1.23934
30,391,37.0824,79.353,79.353,37.2196,-0.0222608
30,408,0.0023465,0.0863804,0.0863804,0.00215775,0.52825
30,432,2.42734e-9,5.66431e-6,5.66431e-6,2.25257e-9,0.468542
30,456,2.49379e-15,3.71432e-10,3.71432e-10,2.35155e-15,0.365257
30,480,1.97084e-21,2.43563e-14,2.43563e-14,2.45489e-21,-2.17993e-6
30,481,129.327,109.421,109.421,101.082,1.68734
30,482,174.788,182.67,182.67,158.027,0.64048
30,485,134.258,177.08,177.08,117.278,0.874352
30,487,41.4163,79.353,79.353,37.2196,0.680914
30,504,0.00240639,0.0863804,0.0863804,0.00215775,0.695864
30,528,2.18867e-9,5.66431e-6,5.66431e-6,2.25257e-9,-0.171288
30,552,2.26207e-15,3.71432e-10,3.71432e-10,2.35155e-15,-0.229797
30,576,1.70081e-21,2.43563e-14,2.43563e-14,2.45489e-21,-3.39608e-6
30,577,114.543,109.421,109.421,101.082,0.804157
30,578,186.872,182.67,182.67,158.027,1.10226
30,581,122.571,177.08,177.08,117.278,0.272553
30,583,47.6858,79.353,79.353,37.2196,1.69811
30,600,0.00187011,0.0863804,0.0863804,0.00215775,-0.804998
30,624,2.2351e-9,5.66431e-6,5.66431e-6,2.25257e-9,-0.0468338
30,648,2.18799e-15,3.71432e-10,3.71432e-10,2.35155e-15,-0.420032