id,time,y2,popPred_medianCOV,popPred,indivPred_SAEM,indWRes_SAEM
1,0,0,0,0,0,0
1,1,73.0041,105.385,105.385,73.9509,-0.0868926
1,2,112.994,202.663,202.663,102.945,0.662463
1,5,102.682,249.384,249.384,113.936,-0.670341
1,7,76.1669,200.267,200.267,93.2742,-1.2447
1,24,6.57786,11.1176,11.1176,5.75555,0.969613
1,48,0.0750946,0.149827,0.149827,0.082116,-0.580285
1,72,0.00109412,0.00201017,0.00201017,0.00115718,-0.369834
1,96,1.59389e-5,2.69922e-5,2.69922e-5,1.59363e-5,0.00110172
1,97,10.732,16.811,16.811,9.28047,1.06148
1,98,25.0808,53.7723,53.7723,30.1057,-1.13272
1,101,111.123,172.022,172.022,100.952,0.683739
1,103,120.386,170.914,170.914,104.335,1.04402
1,120,9.54423,12.2492,12.2492,8.83362,0.545932
1,144,0.113221,0.166421,0.166421,0.126929,-0.732936
1,168,0.0018955,0.00223511,0.00223511,0.00177443,0.463039
1,192,2.50382e-5,3.00735e-5,3.00735e-5,2.46671e-5,0.102096
1,193,10.1033,20.9598,20.9598,13.3144,-1.63673
1,194,45.7685,67.0702,67.0702,43.2068,0.402363
1,197,140.019,217.855,217.855,147.297,-0.335288
1,199,157.221,218.746,218.746,153.939,0.144691
1,216,11.9532,16.1182,16.1182,13.4665,-0.762652
1,240,0.246556,0.220897,0.220897,0.193357,1.86717
1,264,0.00266231,0.00299514,0.00299514,0.00268524,-0.0579567
1,288,3.40329e-5,4.04302e-5,4.04302e-5,3.73907e-5,-0.609445
1,289,22.7746,29.7865,29.7865,21.7478,0.320422
1,290,59.4851,95.1523,95.1523,70.4468,-1.05599
1,293,217.632,308.658,308.658,240.827,-0.653632
1,295,302.226,311.95,311.95,253.036,1.31928
1,312,27.431,23.2041,23.2041,22.4814,1.49415
1,336,0.250594,0.313988,0.313988,0.326425,-1.57656
1,360,0.00505933,0.00418123,0.00418123,0.00459003,0.693871
1,384,5.22705e-5,5.60411e-5,5.60411e-5,6.44541e-5,-1.28284
1,385,18.6883,23.4632,23.4632,19.6683,-0.338155
1,386,60.7144,75.0461,75.0461,63.7518,-0.323335
1,389,197.594,246.65,246.65,218.054,-0.636798
1,391,188.997,251.018,251.018,230.791,-1.22897
1,408,26.8679,19.1595,19.1595,20.8287,1.96772
1,432,0.282682,0.265323,0.265323,0.304428,-0.484775
1,456,0.00422857,0.00362997,0.00362997,0.00427518,-0.0739768
1,480,8.51476e-5,4.96312e-5,4.96312e-5,5.97764e-5,2.88044
1,481,22.6125,20.7887,20.7887,18.8526,1.35349
1,482,62.4453,66.5171,66.5171,61.1175,0.147431
1,485,253.813,220.311,220.311,209.557,1.43325
1,487,220.072,225.013,225.013,222.039,-0.0600956
1,504,21.5084,17.321,17.321,20.0858,0.480668
1,528,0.286222,0.240056,0.240056,0.28883,-0.0612991
1,552,0.00390367,0.00328492,0.00328492,0.00399966,-0.162875
1,576,5.18246e-5,4.48695e-5,4.48695e-5,5.5599e-5,-0.4607
1,577,18.9299,19.2042,19.2042,18.4009,0.195092
1,578,56.7295,61.4582,61.4582,59.6572,-0.33306
1,581,194.898,203.313,203.313,204.725,-0.325756
1,583,212.907,207.767,207.767,217.014,-0.128452
1,600,18.946,16.0154,16.0154,19.5172,-0.198587
1,624,0.311634,0.218507,0.218507,0.280817,0.744768
1,648,0.00347505,0.00292644,0.00292644,0.00389657,-0.734152
2,0,0,0,0,0,0
2,1,49.6538,105.385,105.385,46.6652,0.43462
2,2,59.3104,202.663,202.663,63.0019,-0.397651
2,5,65.6594,249.384,249.384,69.8248,-0.404844
2,7,62.2031,200.267,200.267,58.2108,0.465441
2,24,5.07366,11.1176,11.1176,4.23464,1.34461
2,48,0.0752345,0.149827,0.149827,0.0781303,-0.251532
2,72,0.00143249,0.00201017,0.00201017,0.00143319,-0.00330861
2,96,2.63092e-5,2.69922e-5,2.69922e-5,2.62824e-5,0.00691082
2,97,5.6401,16.811,16.811,6.27448,-0.686148
2,98,19.4957,53.7723,53.7723,21.0097,-0.489052
2,101,80.8085,172.022,172.022,76.9729,0.338176
2,103,99.1523,170.914,170.914,85.9153,1.0456
2,120,9.36344,12.2492,12.2492,11.8927,-1.4433
2,144,0.227389,0.166421,0.166421,0.255286,-0.741613
2,168,0.00466668,0.00223511,0.00223511,0.0048101,-0.202347
2,192,9.11543e-5,3.00735e-5,3.00735e-5,8.87762e-5,0.181795
2,193,8.66832,20.9598,20.9598,8.9011,-0.177475
2,194,33.9987,67.0702,67.0702,29.8198,0.951051
2,197,115.306,217.855,217.855,111.418,0.236871
2,199,116.631,218.746,218.746,126.935,-0.550857
2,216,18.3396,16.1182,16.1182,19.4196,-0.377448
2,240,0.47515,0.220897,0.220897,0.42593,0.784253
2,264,0.00855822,0.00299514,0.00299514,0.00810168,0.382423
2,288,0.000150621,4.04302e-5,4.04302e-5,0.00014951,0.0504687
2,289,14.5436,29.7865,29.7865,15.0345,-0.221559
2,290,50.8352,95.1523,95.1523,50.2432,0.0799719
2,293,177.038,308.658,308.658,187.252,-0.370196
2,295,251.413,311.95,311.95,214.853,1.15479
2,312,31.3079,23.2041,23.2041,34.236,-0.580426
2,336,0.770837,0.313988,0.313988,0.76783,0.0265855
2,360,0.0141676,0.00418123,0.00418123,0.0145746,-0.189508
2,384,0.000328753,5.60411e-5,5.60411e-5,0.000269291,1.49851
2,385,12.6949,23.4632,23.4632,14.0448,-0.65228
2,386,51.1617,75.0461,75.0461,46.9524,0.608411
2,389,180.394,246.65,246.65,176.055,0.167246
2,391,198.297,251.018,251.018,202.697,-0.147309
2,408,36.5844,19.1595,19.1595,33.0278,0.73081
2,432,0.795469,0.265323,0.265323,0.74693,0.441016
2,456,0.014589,0.00362997,0.00362997,0.0141889,0.191329
2,480,0.000243465,4.96312e-5,4.96312e-5,0.00026219,-0.484676
2,481,15.1558,20.7887,20.7887,13.6802,0.73206
2,482,46.7404,66.5171,66.5171,45.7373,0.148853
2,485,173.435,220.311,220.311,171.791,0.0649333
2,487,226.409,225.013,225.013,197.924,0.976683
2,504,23.9218,17.321,17.321,32.4655,-1.78595
2,528,0.790634,0.240056,0.240056,0.735719,0.506557
2,552,0.0140357,0.00328492,0.00328492,0.0139895,0.0223963
2,576,0.00029153,4.48695e-5,4.48695e-5,0.000258824,0.857579
2,577,13.1058,19.2042,19.2042,13.4864,-0.191517
2,578,44.7843,61.4582,61.4582,45.091,-0.046165
2,581,166.714,203.313,203.313,169.509,-0.111887
2,583,208.255,207.767,207.767,195.366,0.447729
2,600,28.9689,16.0154,16.0154,31.9304,-0.62945
2,624,0.718036,0.218507,0.218507,0.726665,-0.080581
2,648,0.013424,0.00292644,0.00292644,0.0138423,-0.205097
3,0,0,0,0,0,0
3,1,71.5111,105.385,105.385,79.8191,-0.706375
3,2,151.373,202.663,202.663,167.495,-0.653239
3,5,205.029,249.384,249.384,209.253,-0.137001
3,7,154.549,200.267,200.267,159.627,-0.215878
3,24,8.35523,11.1176,11.1176,9.07365,-0.537332
3,48,0.150936,0.149827,0.149827,0.154166,-0.142175
3,72,0.00273513,0.00201017,0.00201017,0.00261627,0.308328
3,96,4.12833e-5,2.69922e-5,2.69922e-5,4.42141e-5,-0.449859
3,97,16.34,16.811,16.811,19.9687,-1.23324
3,98,63.0208,53.7723,53.7723,58.1072,0.57387
3,101,132.893,172.022,172.022,147.866,-0.687236
3,103,125.23,170.914,170.914,125.355,-0.00676192
3,120,6.44624,12.2492,12.2492,7.4141,-0.885937
3,144,0.114899,0.166421,0.166421,0.125063,-0.551532
3,168,0.0018408,0.00223511,0.00223511,0.00211035,-0.866823
3,192,3.73956e-5,3.00735e-5,3.00735e-5,3.59933e-5,0.264394
3,193,25.5768,20.9598,20.9598,24.6865,0.24475
3,194,63.7315,67.0702,67.0702,71.916,-0.772346
3,197,189.154,217.855,217.855,185.164,0.146227
3,199,145.259,218.746,218.746,157.862,-0.541773
3,216,8.22231,16.1182,16.1182,9.35452,-0.821393
3,240,0.174613,0.220897,0.220897,0.157158,0.753748
3,264,0.00246664,0.00299514,0.00299514,0.00265193,-0.474172
3,288,5.1173e-5,4.04302e-5,4.04302e-5,4.47971e-5,0.965904
3,289,33.5351,29.7865,29.7865,34.0269,-0.098089
3,290,110.835,95.1523,95.1523,99.0487,0.807559
3,293,268.052,308.658,308.658,256.47,0.306479
3,295,229.792,311.95,311.95,219.277,0.325436
3,312,11.7394,23.2041,23.2041,13.0083,-0.661986
3,336,0.226687,0.313988,0.313988,0.21925,0.230215
3,360,0.00319217,0.00418123,0.00418123,0.0036959,-0.924961
3,384,8.203e-5,5.60411e-5,5.60411e-5,6.21904e-5,2.165
3,385,23.4875,23.4632,23.4632,25.6509,-0.572371
3,386,94.8485,75.0461,75.0461,74.8147,1.81728
3,389,246.272,246.65,246.65,198.332,1.6404
3,391,155.111,251.018,251.018,170.175,-0.600724
3,408,9.40934,19.1595,19.1595,10.2069,-0.530265
3,432,0.171982,0.265323,0.265323,0.174759,-0.107821
3,456,0.00326531,0.00362997,0.00362997,0.00298792,0.630027
3,480,4.6042e-5,4.96312e-5,4.96312e-5,5.10137e-5,-0.661409
3,481,24.8055,20.7887,20.7887,22.0808,0.837437
3,482,67.0799,66.5171,66.5171,64.442,0.2778
3,485,156.313,220.311,220.311,170.625,-0.569249
3,487,167.346,225.013,225.013,147.109,0.93356
3,504,9.83268,17.321,17.321,8.79133,0.803874
3,528,0.133092,0.240056,0.240056,0.149424,-0.741743
3,552,0.00280227,0.00328492,0.00328492,0.00253742,0.708362
3,576,4.99896e-5,4.48695e-5,4.48695e-5,4.35908e-5,0.996204
3,577,21.9147,19.2042,19.2042,19.9594,0.664852
3,578,58.9499,61.4582,61.4582,58.2685,0.0793718
3,581,167.033,203.313,203.313,155.787,0.489904
3,583,140.385,207.767,207.767,134.438,0.300246
3,600,8.72771,16.0154,16.0154,8.06955,0.553513
3,624,0.122745,0.218507,0.218507,0.137979,-0.749298
3,648,0.00268304,0.00292644,0.00292644,0.00235599,0.942078
4,0,0,0,0,0,0
4,1,149.035,105.385,105.385,121.546,1.53486
4,2,415.494,202.663,202.663,346.06,1.36167
4,5,637.737,249.384,249.384,662.768,-0.256308
4,7,549.838,200.267,200.267,577.516,-0.325255
4,24,45.7526,11.1176,11.1176,44.9955,0.114197
4,48,0.888182,0.149827,0.149827,0.90181,-0.102556
4,72,0.0163052,0.00201017,0.00201017,0.0179024,-0.605482
4,96,0.000398693,2.69922e-5,2.69922e-5,0.000355418,0.826318
4,97,52.0433,16.811,16.811,43.9466,1.25034
4,98,117.591,53.7723,53.7723,143.556,-1.2275
4,101,481.467,172.022,172.022,485.469,-0.0559438
4,103,496.477,170.914,170.914,507.252,-0.144162
4,120,51.5353,12.2492,12.2492,51.7385,-0.0266497
4,144,1.03686,0.166421,0.166421,1.05542,-0.119344
4,168,0.0201661,0.00223511,0.00223511,0.0209388,-0.250465
4,192,0.000448178,3.00735e-5,3.00735e-5,0.000415397,0.535547
4,193,52.7113,20.9598,20.9598,49.0644,0.504444
4,194,157.339,67.0702,67.0702,160.367,-0.12816
4,197,583.467,217.855,217.855,551.33,0.395588
4,199,491.152,218.746,218.746,584.411,-1.08297
4,216,66.682,16.1182,16.1182,62.0405,0.507727
4,240,1.3114,0.220897,0.220897,1.26426,0.253026
4,264,0.029187,0.00299514,0.00299514,0.0251096,1.10201
4,288,0.000491142,4.04302e-5,4.04302e-5,0.000498632,-0.101939
4,289,67.2566,36.6743,36.6743,80.4108,-1.11019
4,290,228.128,116.97,116.97,261.881,-0.874689
4,293,964.446,378.806,378.806,895.136,0.525472
4,295,1018.29,381.042,381.042,949.856,0.488953
4,312,98.6475,28.2421,28.2421,101.206,-0.171541
4,336,2.13083,0.384373,0.384373,2.04985,0.26811
4,360,0.0396805,0.00518206,0.00518206,0.0403544,-0.113324
4,384,0.000827421,6.96589e-5,6.96589e-5,0.000794638,0.279978
4,385,54.2586,27.8295,27.8295,56.2551,-0.240848
4,386,195.1,88.9079,88.9079,183.496,0.429162
4,389,736.403,292.023,292.023,637.401,1.0541
4,391,689.766,297.761,297.761,685.714,0.0400962
4,408,82.6206,22.6463,22.6463,75.9909,0.592073
4,432,1.63135,0.30873,0.30873,1.54964,0.357824
4,456,0.025274,0.00416273,0.00416273,0.0305564,-1.17322
4,480,0.000572313,5.60164e-5,5.60164e-5,0.000604756,-0.364079
4,481,44.1843,24.5186,24.5186,47.267,-0.442613
4,482,157.97,78.3645,78.3645,154.242,0.164046
4,485,652.194,260.997,260.997,538.61,1.43116
4,487,588.921,265.769,265.769,581.75,0.0836614
4,504,62.0577,20.4262,20.4262,65.2276,-0.329805
4,528,1.30929,0.280401,0.280401,1.32589,-0.0850113
4,552,0.0293219,0.00380355,0.00380355,0.0262102,0.805714
4,576,0.000555732,5.14761e-5,5.14761e-5,0.000517115,0.506801
4,577,32.3946,22.6302,22.6302,42.1063,-1.5653
4,578,152.852,72.3432,72.3432,137.428,0.761668
4,581,465.655,238.491,238.491,482.205,-0.232918
4,583,495.837,244.171,244.171,521.376,-0.33243
4,600,54.5026,18.8989,18.8989,58.8966,-0.506317
4,624,1.24548,0.260187,0.260187,1.20778,0.211861
4,648,0.0249922,0.00352516,0.00352516,0.0239711,0.289071
5,0,0,0,0,0,0
5,1,40.1591,105.385,105.385,42.3477,-0.350731
5,2,57.6942,202.663,202.663,56.9417,0.0896877
5,5,69.4923,249.384,249.384,67.5621,0.193888
5,7,59.3266,200.267,200.267,59.1193,0.0238003
5,24,4.80116,11.1176,11.1176,5.35899,-0.706416
5,48,0.0826438,0.149827,0.149827,0.0953515,-0.904451
5,72,0.00150943,0.00201017,0.00201017,0.00146064,0.226678
5,96,2.90777e-5,2.69922e-5,2.69922e-5,2.13541e-5,2.45462
5,97,6.11921,16.811,16.811,6.08149,0.0420973
5,98,23.9251,53.7723,53.7723,20.4226,1.16392
5,101,93.6372,172.022,172.022,76.2569,1.54676
5,103,82.8066,170.914,170.914,86.3276,-0.276802
5,120,13.8184,12.2492,12.2492,12.7284,0.581171
5,144,0.234566,0.166421,0.166421,0.248322,-0.375948
5,168,0.0044868,0.00223511,0.00223511,0.00383764,1.14798
5,192,5.09721e-5,3.00735e-5,3.00735e-5,5.57259e-5,-0.578928
5,193,8.19365,20.9598,20.9598,9.44296,-0.897864
5,194,30.8717,67.0702,67.0702,31.7089,-0.1792
5,197,113.888,217.855,217.855,119.614,-0.324853
5,199,140.892,218.746,218.746,137.26,0.179596
5,216,20.5172,16.1182,16.1182,21.3237,-0.256659
5,240,0.379576,0.220897,0.220897,0.421399,-0.673549
5,264,0.00576985,0.00299514,0.00299514,0.00655534,-0.813192
5,288,0.000110304,4.04302e-5,4.04302e-5,9.55259e-5,1.04988
5,289,19.9133,36.6743,36.6743,20.4376,-0.174073
5,290,62.1292,116.97,116.97,68.3703,-0.619498
5,293,299.462,378.806,378.806,256.755,1.12882
5,295,335.931,381.042,381.042,295.911,0.917835
5,312,44.0147,28.2421,28.2421,47.0913,-0.44337
5,336,0.912956,0.384373,0.384373,0.935253,-0.16179
5,360,0.0124607,0.00518206,0.00518206,0.0145812,-0.986938
5,384,0.000193705,6.96589e-5,6.96589e-5,0.000212711,-0.606367
5,385,22.7371,27.8295,27.8295,19.4685,1.1394
5,386,67.2209,88.9079,88.9079,65.149,0.215832
5,389,273.722,292.023,292.023,246.131,0.760781
5,391,263.088,297.761,297.761,284.185,-0.503805
5,408,47.3382,22.6463,22.6463,45.7128,0.241307
5,432,1.02611,0.30873,0.30873,0.917892,0.800102
5,456,0.0166865,0.00416273,0.00416273,0.0143856,1.08548
5,480,0.000225077,5.60164e-5,5.60164e-5,0.000211507,0.435398
5,481,17.8249,24.5186,24.5186,19.1647,-0.474449
5,482,72.8477,78.3645,78.3645,64.1359,0.921836
5,485,237.574,260.997,260.997,242.29,-0.132073
5,487,293.502,265.769,265.769,279.98,0.327769
5,504,53.0716,20.4262,20.4262,45.1921,1.18327
5,528,0.873513,0.280401,0.280401,0.909195,-0.266338
5,552,0.01183,0.00380355,0.00380355,0.0142423,-1.14946
5,576,0.000211414,5.14761e-5,5.14761e-5,0.000209268,0.0695982
5,577,22.5151,22.6302,22.6302,19.0137,1.24974
5,578,59.9391,72.3432,72.3432,63.6316,-0.393813
5,581,242.23,238.491,238.491,240.374,0.0523926
5,583,259.226,244.171,244.171,277.851,-0.4549
5,600,47.0192,18.8989,18.8989,44.9096,0.318782
5,624,0.852184,0.260187,0.260187,0.903735,-0.387114
5,648,0.0131594,0.00352516,0.00352516,0.0141587,-0.47896
6,0,0,0,0,0,0
6,1,270.593,105.385,105.385,244.9,0.71199
6,2,745.573,202.663,202.663,684.183,0.608932
6,5,1288.51,249.384,249.384,1279.31,0.0488209
6,7,1145.62,200.267,200.267,1172.02,-0.152883
6,24,149.513,11.1176,11.1176,141.211,0.39895
6,48,4.46555,0.149827,0.149827,4.34543,0.187585
6,72,0.125715,0.00201017,0.00201017,0.117864,0.452041
7,0,0,0,0,0,0
7,1,34.3182,105.385,105.385,34.0688,0.0496874
7,2,45.0997,202.663,202.663,45.94,-0.124136
7,5,49.0151,249.384,249.384,47.8063,0.171599
7,7,36.9525,200.267,200.267,37.8485,-0.160668
7,24,2.87667,11.1176,11.1176,2.62239,0.658044
7,48,0.0563092,0.149827,0.149827,0.0562971,0.00145934
7,72,0.00134033,0.00201017,0.00201017,0.0012154,0.697569
7,96,2.60461e-5,2.69922e-5,2.69922e-5,2.65659e-5,-0.132797
7,97,4.23548,16.811,16.811,4.50659,-0.408259
7,98,14.1735,53.7723,53.7723,13.7583,0.204813
7,101,38.6547,172.022,172.022,39.8006,-0.195396
7,103,37.6276,170.914,170.914,36.8189,0.149058
7,120,2.26131,12.2492,12.2492,2.81168,-1.32844
7,144,0.0543887,0.166421,0.166421,0.061019,-0.737426
7,168,0.00125379,0.00223511,0.00223511,0.00132489,-0.364237
7,192,2.39004e-5,3.00735e-5,3.00735e-5,2.84477e-5,-1.0848
7,193,6.29999,20.9598,20.9598,6.6828,-0.388751
7,194,22.2124,67.0702,67.0702,20.4115,0.598781
7,197,69.4017,217.855,217.855,59.5801,1.11873
7,199,52.2257,218.746,218.746,55.4881,-0.399008
7,216,5.12851,16.1182,16.1182,4.2577,1.38803
7,240,0.1034,0.220897,0.220897,0.0926365,0.788507
7,264,0.00196479,0.00299514,0.00299514,0.00201157,-0.157794
7,288,3.96689e-5,4.04302e-5,4.04302e-5,4.38594e-5,-0.648403
7,289,16.68,43.4564,43.4564,15.9172,0.325269
7,290,59.2346,138.384,138.384,48.4483,1.51092
7,293,143.159,443.949,443.949,141.667,0.0715026
7,295,141.639,446.028,446.028,132.175,0.485931
7,312,10.9181,32.8964,32.8964,10.1863,0.487535
7,336,0.258262,0.450967,0.450967,0.223108,1.06933
7,360,0.00436818,0.00611708,0.00611708,0.00488237,-0.714725
7,384,0.000111417,8.29004e-5,8.29004e-5,0.000106655,0.303035
7,385,12.7976,31.9375,31.9375,13.9204,-0.547413
7,386,49.2514,101.918,101.918,42.4334,1.09042
7,389,127.461,333.506,333.506,125.341,0.114759
7,391,114.718,340.169,340.169,117.688,-0.171248
7,408,10.6278,25.8683,25.8683,9.14021,1.10453
7,432,0.183465,0.350282,0.350282,0.198331,-0.508675
7,456,0.00451283,0.00472404,0.00472404,0.00430449,0.328474
7,480,0.000108325,6.37543e-5,6.37543e-5,9.32807e-5,1.0945
7,481,12.9825,28.0497,28.0497,13.2852,-0.154604
7,482,35.5092,89.5531,89.5531,40.5079,-0.837467
7,485,129.752,294.711,294.711,120.175,0.540791
7,487,105.122,301.752,301.752,112.915,-0.468359
7,504,8.43857,23.1897,23.1897,8.78775,-0.269663
7,528,0.193234,0.316245,0.316245,0.1922,0.0365044
7,552,0.00459251,0.00426435,0.00426435,0.00420134,0.63186
7,576,0.000100389,5.73956e-5,5.73956e-5,9.16769e-5,0.644947
7,577,12.1008,25.899,25.899,12.9559,-0.447954
7,578,45.2929,82.7039,82.7039,39.5082,0.993679
7,581,119.392,274.136,274.136,117.503,0.109065
7,583,105.341,280.765,280.765,110.4,-0.310976
7,600,9.83745,21.5486,21.5486,8.58286,0.992003
7,624,0.159547,0.295038,0.295038,0.18628,-0.973937
7,648,0.00415766,0.00399399,0.00399399,0.00404471,0.189529
8,0,0,0,0,0,0
8,1,84.7315,105.385,105.385,87.0198,-0.178457
8,2,177.41,202.663,202.663,173.765,0.14236
8,5,244.559,249.384,249.384,220.344,0.745806
8,7,193.384,200.267,200.267,178.328,0.572983
8,24,9.17406,11.1176,11.1176,9.20398,-0.022064
8,48,0.0917666,0.149827,0.149827,0.0958919,-0.291958
8,72,0.00082398,0.00201017,0.00201017,0.000964568,-0.989153
8,96,8.96316e-6,2.69922e-5,2.69922e-5,9.54665e-6,-0.414795
8,97,14.6702,16.811,16.811,14.3066,0.172477
8,98,50.1151,53.7723,53.7723,46.6046,0.51119
8,101,167.114,172.022,172.022,155.97,0.484894
8,103,189.993,170.914,170.914,160.665,1.23881
8,120,11.8728,12.2492,12.2492,12.2898,-0.230247
8,144,0.103278,0.166421,0.166421,0.132709,-1.50505
8,168,0.00110917,0.00223511,0.00223511,0.00133646,-1.15418
8,192,2.01441e-5,3.00735e-5,3.00735e-5,1.32585e-5,3.52444
8,193,19.569,20.9598,20.9598,17.2563,0.909541
8,194,59.8799,67.0702,67.0702,56.2406,0.439148
8,197,187.674,217.855,217.855,191.872,-0.148475
8,199,226.959,218.746,218.746,200.439,0.897925
8,216,18.8839,16.1182,16.1182,16.0409,1.20277
8,240,0.132522,0.220897,0.220897,0.174885,-1.64393
8,264,0.00155393,0.00299514,0.00299514,0.00175813,-0.788215
8,288,1.67633e-5,4.04302e-5,4.04302e-5,1.74235e-5,-0.257128
8,289,37.9058,43.4564,43.4564,35.4536,0.469394
8,290,104.154,138.384,138.384,114.947,-0.637273
8,293,344.191,443.949,443.949,387.464,-0.757929
8,295,372.53,446.028,446.028,404.974,-0.543704
8,312,32.5097,32.8964,32.8964,32.5341,-0.00507907
8,336,0.306416,0.450967,0.450967,0.355182,-0.931789
8,360,0.00318321,0.00611708,0.00611708,0.00357081,-0.736653
8,384,3.43906e-5,8.29004e-5,8.29004e-5,3.54926e-5,-0.21071
8,385,26.5216,31.9375,31.9375,25.9391,0.152387
8,386,86.0381,101.918,101.918,84.2634,0.14293
8,389,333.956,333.506,333.506,293.114,0.945608
8,391,319.381,340.169,340.169,309.725,0.211571
8,408,28.5024,25.8683,25.8683,26.2113,0.5932
8,432,0.243322,0.350282,0.350282,0.287614,-1.04512
8,456,0.00294405,0.00472404,0.00472404,0.00289416,0.117002
8,480,2.66276e-5,6.37543e-5,6.37543e-5,2.8781e-5,-0.507766
8,481,22.9908,28.0497,28.0497,22.7246,0.0795045
8,482,83.066,89.5531,89.5531,73.8529,0.846611
8,485,258.793,294.711,294.711,256.383,0.0637962
8,487,287.294,301.752,301.752,272.974,0.356016
8,504,19.5324,23.1897,23.1897,23.525,-1.15178
8,528,0.240559,0.316245,0.316245,0.258983,-0.482782
8,552,0.0022979,0.00426435,0.00426435,0.00260548,-0.80117
8,576,3.08315e-5,5.73956e-5,5.73956e-5,2.57247e-5,1.34722
8,577,18.9633,25.899,25.899,20.9601,-0.64655
8,578,76.9696,82.7039,82.7039,68.1311,0.880392
8,581,221.306,274.136,274.136,236.066,-0.424319
8,583,242.267,280.765,280.765,252.078,-0.264134
8,600,23.2676,21.5486,21.5486,21.8413,0.443187
8,624,0.237187,0.295038,0.295038,0.23828,-0.0311336
8,648,0.00277988,0.00399399,0.00399399,0.00238566,1.12146
9,0,0,0,0,0,0
9,1,95.9835,105.385,105.385,111.813,-0.960748
9,2,210.188,202.663,202.663,234.345,-0.699575
9,5,285.337,249.384,249.384,290.283,-0.115633
9,7,202.052,200.267,200.267,219.104,-0.528162
9,24,6.18416,11.1176,11.1176,7.48362,-1.17841
9,48,0.0549371,0.149827,0.149827,0.0544161,0.0649815
9,72,0.000322628,0.00201017,0.00201017,0.000403838,-1.36474
9,96,2.28488e-6,2.69922e-5,2.69922e-5,3.17342e-6,-1.90019
9,97,24.3653,16.811,16.811,26.2795,-0.494334
9,98,71.3966,53.7723,53.7723,80.4897,-0.766688
9,101,209.869,172.022,172.022,225.559,-0.472065
9,103,202.939,170.914,170.914,201.387,0.0523034
9,120,7.50477,12.2492,12.2492,8.01962,-0.43568
9,144,0.0675809,0.166421,0.166421,0.0599121,0.868688
9,168,0.000368941,0.00223511,0.00223511,0.000447365,-1.18968
9,192,6.62656e-6,3.00735e-5,3.00735e-5,3.21803e-6,7.18825
9,193,24.389,20.9598,20.9598,31.1104,-1.46621
9,194,98.5993,67.0702,67.0702,95.4291,0.225457
9,197,270.197,217.855,217.855,274.56,-0.107853
9,199,184.973,218.746,218.746,247.652,-1.71762
9,216,9.33278,16.1182,16.1182,10.0399,-0.47801
9,240,0.0748613,0.220897,0.220897,0.0760287,-0.104201
9,264,0.000567016,0.00299514,0.00299514,0.000573363,-0.0751221
9,288,3.94457e-6,4.04302e-5,4.04302e-5,4.24359e-6,-0.478208
9,289,74.6585,43.4564,43.4564,62.1925,1.3603
9,290,207.268,138.384,138.384,189.885,0.621254
9,293,463.582,443.949,443.949,539.792,-0.958148
9,295,474.021,446.028,446.028,487.232,-0.184011
9,312,15.2639,32.8964,32.8964,19.6163,-1.50576
9,336,0.14173,0.450967,0.450967,0.147049,-0.245477
9,360,0.000904302,0.00611708,0.00611708,0.00109451,-1.1794
9,384,9.57001e-6,8.29004e-5,8.29004e-5,8.13177e-6,1.20031
9,385,48.7157,31.9375,31.9375,43.3161,0.845974
9,386,132.62,101.918,101.918,132.679,-0.00306093
9,389,402.576,333.506,333.506,387.268,0.268246
9,391,348.554,340.169,340.169,354.537,-0.114536
9,408,15.3075,25.8683,25.8683,14.7373,0.262602
9,432,0.0948911,0.350282,0.350282,0.110104,-0.937666
9,456,0.000764003,0.00472404,0.00472404,0.000821831,-0.477529
9,480,5.24927e-6,6.37543e-5,6.37543e-5,5.99761e-6,-0.846774
9,481,31.1314,28.0497,28.0497,36.9862,-1.07428
9,482,101.12,89.5531,89.5531,113.372,-0.733432
9,485,346.419,294.711,294.711,332.465,0.284836
9,487,301.17,301.752,301.752,306.742,-0.123272
9,504,13.4179,23.1897,23.1897,12.7669,0.346063
9,528,0.0927151,0.316245,0.316245,0.0947165,-0.143401
9,552,0.000620941,0.00426435,0.00426435,0.000701336,-0.777944
9,576,6.24347e-6,5.73956e-5,5.73956e-5,5.10325e-6,1.5163
9,577,34.3039,25.899,25.899,33.4531,0.17259
9,578,109.147,82.7039,82.7039,102.576,0.434795
9,581,292.665,274.136,274.136,303.577,-0.243934
9,583,307.789,280.765,280.765,280.191,0.668445
9,600,9.3469,21.5486,21.5486,11.7404,-1.38358
9,624,0.0665824,0.295038,0.295038,0.0877694,-1.63823
9,648,0.000507219,0.00399399,0.00399399,0.000656057,-1.53964
10,0,0,0,0,0,0
10,1,98.8159,105.385,105.385,89.2782,0.725008
10,2,140.652,202.663,202.663,158.69,-0.771394
10,5,180.217,249.384,249.384,187.079,-0.248928
10,7,120.697,200.267,200.267,149.328,-1.30116
10,24,5.78182,11.1176,11.1176,7.84853,-1.78705
10,48,0.0484731,0.149827,0.149827,0.0926084,-3.23432
10,72,0.000365573,0.00201017,0.00201017,0.00108435,-4.49853
10,96,4.69961e-6,2.69922e-5,2.69922e-5,1.27683e-5,-4.28861
10,97,11.3016,16.811,16.811,12.7488,-0.770409
10,98,38.6593,53.7723,53.7723,41.037,-0.393214
10,101,93.5628,172.022,172.022,133.601,-2.03382
10,103,109.126,170.914,170.914,134.311,-1.27253
10,120,6.08657,12.2492,12.2492,9.5554,-2.46366
10,144,0.0619899,0.166421,0.166421,0.11422,-3.1033
10,168,0.000635107,0.00223511,0.00223511,0.00133365,-3.55465
10,192,3.93818e-5,3.00735e-5,3.00735e-5,1.56234e-5,10.3202
10,193,19.865,20.9598,20.9598,16.0692,1.60305
10,194,59.1482,67.0702,67.0702,51.7477,0.970548
10,197,173.895,217.855,217.855,170.516,0.134489
10,199,161.974,218.746,218.746,173.638,-0.455906
10,216,10.1683,16.1182,16.1182,12.7734,-1.38406
10,240,0.10982,0.220897,0.220897,0.154165,-1.95212
10,264,0.00066685,0.00299514,0.00299514,0.00181864,-4.29806
10,288,7.27809e-6,4.04302e-5,4.04302e-5,2.13133e-5,-4.46905
10,289,55.4222,63.3034,63.3034,49.4302,0.822671
10,290,163.924,200.667,200.667,157.684,0.268565
10,293,524.962,636.561,636.561,505.632,0.25945
10,295,491.174,634.022,634.022,512.656,-0.284367
10,312,39.3303,46.1757,46.1757,37.4659,0.337722
10,336,0.296204,0.628403,0.628403,0.453235,-2.35131
10,360,0.00224111,0.00847412,0.00847412,0.00533606,-3.93622
10,384,2.66023e-5,0.000114069,0.000114069,6.25869e-5,-3.90194
10,385,43.4094,43.0585,43.0585,35.0098,1.62822
10,386,139.995,136.972,136.972,112.043,1.69309
10,389,399.099,446.516,446.516,370.459,0.524662
10,391,441.083,455.783,455.783,383.764,1.01364
10,408,25.9661,34.6747,34.6747,29.5257,-0.818167
10,432,0.290076,0.476302,0.476302,0.354895,-1.2395
10,456,0.00219372,0.0064377,0.0064377,0.00415738,-3.20548
10,480,3.15841e-5,8.61796e-5,8.61796e-5,4.85654e-5,-2.37295
10,481,33.5888,37.7407,37.7407,31.2215,0.514583
10,482,98.902,120.12,120.12,99.9664,-0.0722585
10,485,359.008,395.881,395.881,332.643,0.537905
10,487,416.558,405.019,405.019,345.783,1.38908
10,504,28.1488,31.1463,31.1463,26.7482,0.355369
10,528,0.277064,0.425001,0.425001,0.322752,-0.960682
10,552,0.00236604,0.00572863,0.00572863,0.003807,-2.56871
10,576,1.61863e-5,7.71371e-5,7.71371e-5,4.50496e-5,-4.34812
10,577,37.197,34.9465,34.9465,29.259,1.84119
10,578,101.081,111.25,111.25,93.7,0.534613
10,581,362.896,364.755,364.755,312.298,1.09953
10,583,331.439,374.773,374.773,325.233,0.129501
10,600,28.9716,29.0633,29.0633,25.3858,0.958606
10,624,0.240452,0.396414,0.396414,0.304208,-1.42232
10,648,0.00157853,0.00534561,0.00534561,0.00356526,-3.78177
11,0,0,0,0,0,0
11,1,116.369,105.385,105.385,111.306,0.308693
11,2,311.491,202.663,202.663,286.586,0.589768
11,5,570.221,249.384,249.384,461.596,1.59703
11,7,395.485,200.267,200.267,384.208,0.199188
11,24,27.4483,11.1176,11.1176,25.7451,0.448964
11,48,0.403811,0.149827,0.149827,0.472603,-0.987845
11,72,0.00892328,0.00201017,0.00201017,0.00865549,0.209963
11,96,0.000161609,2.69922e-5,2.69922e-5,0.000158253,0.143903
11,97,34.6489,16.811,16.811,32.3612,0.47977
11,98,107.866,53.7723,53.7723,103.268,0.30214
11,101,244.465,172.022,172.022,327.37,-1.71866
11,103,398.069,170.914,170.914,324.802,1.53085
11,120,30.5035,12.2492,12.2492,26.4944,1.02693
11,144,0.391559,0.166421,0.166421,0.482959,-1.28435
11,168,0.00897824,0.00223511,0.00223511,0.00876414,0.165784
11,192,0.000158823,3.00735e-5,3.00735e-5,0.00015887,-0.00203633
11,193,33.1675,20.9598,20.9598,37.6756,-0.81204
11,194,115.091,67.0702,67.0702,120.306,-0.294175
11,197,357.476,217.855,217.855,386.654,-0.512121
11,199,381.456,218.746,218.746,388.482,-0.122744
11,216,35.9017,16.1182,16.1182,32.3602,0.742726
11,240,0.650161,0.220897,0.220897,0.58489,0.757346
11,264,0.00958517,0.00299514,0.00299514,0.0104999,-0.591253
11,288,0.000200581,4.04302e-5,4.04302e-5,0.000189131,0.410879
11,289,103.982,63.3034,63.3034,108.21,-0.265123
11,290,290.053,200.667,200.667,342.224,-1.03458
11,293,1187.36,636.561,636.561,1071.65,0.732782
11,295,1070.17,634.022,634.022,1064.5,0.0361619
11,312,97.6426,46.1757,46.1757,87.3418,0.800385
11,336,1.47014,0.628403,0.628403,1.59239,-0.52099
11,360,0.0266933,0.00847412,0.00847412,0.0288983,-0.517824
12,0,0,0,0,0,0
12,1,77.4354,105.385,105.385,76.1286,0.116499
12,2,168.23,202.663,202.663,143.155,1.18873
12,5,181.558,249.384,249.384,166.834,0.598941
12,7,151.45,200.267,200.267,127.958,1.24594
12,24,5.36128,11.1176,11.1176,5.3753,-0.0177028
12,48,0.0430118,0.149827,0.149827,0.0543827,-1.419
12,72,0.000295282,0.00201017,0.00201017,0.0005536,-3.16669
12,96,3.22226e-6,2.69922e-5,2.69922e-5,5.24689e-6,-2.61872
12,97,16.8566,16.811,16.811,13.7404,1.53911
12,98,40.3846,53.7723,53.7723,42.3684,-0.317752
12,101,126.85,172.022,172.022,122.115,0.263111
12,103,110.99,170.914,170.914,111.618,-0.038203
12,120,4.81463,12.2492,12.2492,5.45411,-0.795698
12,144,0.0434386,0.166421,0.166421,0.0546716,-1.39438
12,168,0.000379735,0.00223511,0.00223511,0.000547996,-2.08378
12,192,3.22907e-6,3.00735e-5,3.00735e-5,5.54027e-6,-2.83109
12,193,19.9778,20.9598,20.9598,17.0462,1.16713
12,194,47.035,67.0702,67.0702,52.6106,-0.719233
12,197,151.21,217.855,217.855,154.57,-0.147547
12,199,151.955,218.746,218.746,142.592,0.44566
12,216,7.45023,16.1182,16.1182,7.11803,0.316733
12,240,0.0583513,0.220897,0.220897,0.0735297,-1.40091
12,264,0.000519176,0.00299514,0.00299514,0.000756491,-2.12896
12,288,4.21601e-6,4.04302e-5,4.04302e-5,7.78796e-6,-3.11264
12,289,55.3695,63.3034,63.3034,51.0093,0.580105
12,290,188.465,200.667,200.667,155.991,1.41282
12,293,438.433,636.561,636.561,446.425,-0.121485
12,295,415.564,634.022,634.022,408.968,0.109456
12,312,17.1627,46.1757,46.1757,20.1324,-1.00108
12,336,0.163101,0.628403,0.628403,0.204301,-1.36859
12,360,0.00119577,0.00847412,0.00847412,0.00206557,-2.85776
12,384,1.15559e-5,0.000114069,0.000114069,2.0945e-5,-3.04221
12,385,39.4877,43.0585,43.0585,33.8996,1.11871
12,386,108.891,136.972,136.972,104.152,0.308808
12,389,289.949,446.516,446.516,310.155,-0.442126
12,391,338.543,455.783,455.783,290.441,1.12396
12,408,16.1292,34.6747,34.6747,14.7778,0.620588
12,432,0.130609,0.476302,0.476302,0.149049,-0.83961
12,456,0.00109468,0.0064377,0.0064377,0.00150223,-1.84116
12,480,1.02401e-5,8.61796e-5,8.61796e-5,1.5199e-5,-2.21421
12,481,35.4843,37.7407,37.7407,29.4112,1.40134
12,482,104.974,120.12,120.12,90.4274,1.09171
12,485,252.671,395.881,395.881,269.083,-0.413928
12,487,246.594,405.019,405.019,253.483,-0.184436
12,504,14.2164,31.1463,31.1463,13.0474,0.608037
12,528,0.104278,0.425001,0.425001,0.134113,-1.50973
12,552,0.000874082,0.00572863,0.00572863,0.00137364,-2.46807
12,576,3.21758e-5,7.71371e-5,7.71371e-5,1.39957e-5,8.81548
12,577,29.9475,34.9465,34.9465,27.0531,0.726104
12,578,83.6389,111.25,111.25,83.2014,0.0356922
12,581,296.723,364.755,364.755,248.886,1.30439
12,583,268.765,374.773,374.773,234.596,0.988456
12,600,10.2772,29.0633,29.0633,12.1263,-1.03485
12,624,0.105389,0.396414,0.396414,0.125128,-1.07058
12,648,0.000816854,0.00534561,0.00534561,0.00128556,-2.47432
13,0,0,0,0,0,0
13,1,465.247,330.216,330.216,461.116,0.0607978
13,2,849.748,504.425,504.425,714.217,1.28782
13,5,725.74,559.013,559.013,730.023,-0.0398151
13,7,410.588,447.367,447.367,540.257,-1.62885
13,24,19.3602,24.9128,24.9128,19.5026,-0.0495323
13,48,0.208681,0.332654,0.332654,0.165832,1.75354
13,72,0.0013389,0.004511,0.004511,0.00141104,-0.346979
13,96,1.10686e-5,6.05257e-5,6.05257e-5,1.18522e-5,-0.448663
13,97,37.7905,17.3539,17.3539,29.7405,1.83693
13,98,86.5479,55.5954,55.5954,89.5471,-0.227302
13,101,236.836,182.121,182.121,248.055,-0.30695
13,103,196.891,184.583,184.583,218.067,-0.659029
13,120,7.00245,13.8632,13.8632,8.9004,-1.44718
13,144,0.0725302,0.191769,0.191769,0.0764136,-0.344893
13,168,0.000586587,0.00262246,0.00262246,0.000654632,-0.705415
13,192,5.47054e-6,3.58463e-5,3.58463e-5,5.53126e-6,-0.0744967
13,193,69.7159,33.7085,33.7085,57.1425,1.49328
13,194,203.231,107.58,107.58,171.444,1.25827
13,197,428.507,348.475,348.475,472.671,-0.634097
13,199,526.171,352.907,352.907,414.576,1.82678
13,216,19.4977,26.3557,26.3557,16.8165,1.08202
13,240,0.146085,0.35679,0.35679,0.14223,0.18394
13,264,0.00126209,0.00475272,0.00475272,0.00121898,0.240019
13,288,1.01438e-5,6.36888e-5,6.36888e-5,1.05815e-5,-0.2807
13,289,126.1,74.585,74.585,122.859,0.179045
13,290,394.644,235.525,235.525,365.289,0.545387
13,293,959.688,752.064,752.064,993.008,-0.227721
13,295,816.21,763.066,763.066,871.787,-0.432646
13,312,32.7177,57.4107,57.4107,35.3951,-0.513351
13,336,0.300057,0.779697,0.779697,0.30048,-0.00954106
13,360,0.00212725,0.0105155,0.0105155,0.00255306,-1.13186
13,384,1.8386e-5,0.000141707,0.000141707,2.15357e-5,-0.992548
13,385,99.8026,58.9327,58.9327,92.2332,0.556954
13,386,259.503,186.411,186.411,274.994,-0.382311
13,389,771.428,607.298,607.298,761.056,0.0924875
13,391,638.812,622.309,622.309,676.93,-0.382145
13,408,29.4618,48.1154,48.1154,27.9542,0.366008
13,432,0.209324,0.656088,0.656088,0.240873,-0.888895
13,456,0.00180341,0.00884799,0.00884799,0.00206817,-0.868767
13,480,1.37681e-5,0.000119114,0.000119114,1.76967e-5,-1.50658
13,481,84.1886,53.3822,53.3822,81.2981,0.241285
13,482,273.794,168.918,168.918,242.558,0.873952
13,485,646.474,550.575,550.575,683.304,-0.365795
13,487,718.883,565.275,565.275,607.556,1.24355
13,504,23.6433,44.1602,44.1602,25.1083,-0.395972
13,528,0.176066,0.607252,0.607252,0.214548,-1.21725
13,552,0.00158945,0.00823034,0.00823034,0.00183203,-0.898605
13,576,2.55679e-5,0.000111346,0.000111346,1.56503e-5,4.3006
13,577,74.4216,50.3293,50.3293,75.1184,-0.0629536
13,578,236.575,159.284,159.284,224.185,0.375063
13,581,595.469,518.528,518.528,629.22,-0.364022
13,583,460.117,534.76,534.76,560.756,-1.21798
13,600,23.7503,41.9053,41.9053,23.2239,0.153823
13,624,0.143494,0.571701,0.571701,0.197392,-1.85306
13,648,0.00125977,0.00771013,0.00771013,0.00168897,-1.72459
14,0,0,0,0,0,0
14,1,150.792,330.216,330.216,158.941,-0.347942
14,2,226.266,504.425,504.425,208.319,0.584664
14,5,201.812,559.013,559.013,211.872,-0.322223
14,7,151.886,447.367,447.367,162.91,-0.459221
14,24,7.48422,24.9128,24.9128,7.30881,0.162874
14,48,0.068417,0.332654,0.332654,0.0820459,-1.12733
14,72,0.000795836,0.004511,0.004511,0.000916954,-0.89641
14,96,8.15725e-6,6.05257e-5,6.05257e-5,1.02433e-5,-1.38207
14,97,12.7824,17.3539,17.3539,9.95861,1.92436
14,98,26.6558,55.5954,55.5954,30.6126,-0.87718
14,101,97.428,182.121,182.121,89.9912,0.56083
14,103,97.8031,184.583,184.583,83.1148,1.19933
14,120,4.9069,13.8632,13.8632,4.29633,0.964462
14,144,0.0441229,0.191769,0.191769,0.0477915,-0.520947
14,168,0.000501032,0.00262246,0.00262246,0.000530475,-0.376664
14,192,7.4949e-6,3.58463e-5,3.58463e-5,5.81113e-6,1.96638
14,193,23.1065,33.7085,33.7085,20.1837,0.982748
14,194,64.3301,107.58,107.58,61.8481,0.272348
14,197,196.943,348.475,348.475,183.954,0.479226
14,199,126.696,352.907,352.907,169.044,-1.70012
14,216,6.99796,26.3557,26.3557,8.71761,-1.33872
14,240,0.0880571,0.35679,0.35679,0.0963752,-0.585743
14,264,0.00101478,0.00475272,0.00475272,0.00106411,-0.314571
14,288,1.51961e-5,6.36888e-5,6.36888e-5,1.16601e-5,2.05802
14,289,46.8917,74.585,74.585,47.6435,-0.107088
14,290,146.969,235.525,235.525,144.708,0.106027
14,293,466.85,752.064,752.064,418.447,0.785008
14,295,398.407,763.066,763.066,388.022,0.181629
14,312,18.1916,57.4107,57.4107,20.2288,-0.68345
14,336,0.212205,0.779697,0.779697,0.224975,-0.385224
14,360,0.00226335,0.0105155,0.0105155,0.00249381,-0.627159
14,384,2.04767e-5,0.000141707,0.000141707,2.75934e-5,-1.75032
14,385,39.7172,58.9327,58.9327,41.2046,-0.244981
14,386,156.334,186.411,186.411,125.351,1.67739
14,389,390.036,607.298,607.298,368.06,0.405195
14,391,313.474,622.309,622.309,343.633,-0.595609
14,408,19.9437,48.1154,48.1154,18.057,0.709102
14,432,0.22716,0.656088,0.656088,0.200817,0.890229
14,456,0.00143677,0.00884799,0.00884799,0.00222726,-2.40865
14,480,2.59745e-5,0.000119114,0.000119114,2.46515e-5,0.364236
14,481,42.9072,53.3822,53.3822,39.0175,0.676561
14,482,115.546,168.918,168.918,118.736,-0.182334
14,485,340.579,550.575,550.575,348.805,-0.160056
14,487,350.004,565.275,565.275,327.293,0.470936
14,504,20.8886,44.1602,44.1602,17.2165,1.4475
14,528,0.197318,0.607252,0.607252,0.186951,0.376319
14,552,0.00192164,0.00823034,0.00823034,0.002028,-0.355901
14,576,2.30173e-5,0.000111346,0.000111346,2.20595e-5,0.294647
14,577,36.7306,50.3293,50.3293,37.8571,-0.201941
14,578,104.945,159.284,159.284,115.22,-0.605185
14,581,295.538,518.528,518.528,339.068,-0.871263
14,583,372.621,534.76,534.76,318.33,1.15743
14,600,17.4331,41.9053,41.9053,16.6903,0.302031
14,624,0.173736,0.571701,0.571701,0.181964,-0.306885
14,648,0.00175202,0.00771013,0.00771013,0.00198425,-0.794278
15,0,0,0,0,0,0
15,1,331.757,330.216,330.216,284.476,1.12794
15,2,520.584,504.425,504.425,483.811,0.515812
15,5,421.915,559.013,559.013,530.439,-1.38847
15,7,291.691,447.367,447.367,404.902,-1.89751
15,24,16.6652,24.9128,24.9128,19.7317,-1.0547
15,48,0.21864,0.332654,0.332654,0.257029,-1.0136
15,72,0.00295915,0.004511,0.004511,0.00337503,-0.83625
15,96,4.6883e-5,6.05257e-5,6.05257e-5,4.44508e-5,0.371339
15,97,19.0821,17.3539,17.3539,19.0026,0.0283792
15,98,60.2058,55.5954,55.5954,57.5576,0.312249
15,101,121.11,182.121,182.121,165.144,-1.80954
15,103,139.268,184.583,184.583,148.256,-0.411397
15,120,7.40665,13.8632,13.8632,8.11542,-0.592705
15,144,0.0824139,0.191769,0.191769,0.108007,-1.60812
15,168,0.00134985,0.00262246,0.00262246,0.00143534,-0.40423
15,192,1.62797e-5,3.58463e-5,3.58463e-5,1.8997e-5,-0.970724
15,193,35.3372,33.7085,33.7085,36.526,-0.220873
15,194,112.708,107.58,107.58,110.247,0.151466
15,197,336.243,348.475,348.475,309.585,0.58437
15,199,251.09,352.907,352.907,278.587,-0.669827
15,216,14.6509,26.3557,26.3557,15.1338,-0.216555
15,240,0.155613,0.35679,0.35679,0.19868,-1.47108
15,264,0.00259401,0.00475272,0.00475272,0.00260792,-0.036195
15,288,3.84118e-5,6.36888e-5,6.36888e-5,3.42249e-5,0.83024
15,289,73.5276,74.585,74.585,78.0359,-0.392071
15,290,193.213,235.525,235.525,233.413,-1.16882
15,293,618.578,752.064,752.064,645.341,-0.281447
15,295,471.997,763.066,763.066,580.37,-1.26725
15,312,32.5391,57.4107,57.4107,31.4947,0.225036
15,336,0.45308,0.779697,0.779697,0.412425,0.668992
15,360,0.0054611,0.0105155,0.0105155,0.00540455,0.0710057
15,384,8.34805e-5,0.000141707,0.000141707,7.08794e-5,1.20651
15,385,54.5889,58.9327,58.9327,57.3943,-0.331724
15,386,194.945,186.411,186.411,172.116,0.900141
15,389,580.632,607.298,607.298,487.495,1.29657
15,391,482.518,622.309,622.309,443.284,0.600645
15,408,29.9544,48.1154,48.1154,24.4717,1.52045
15,432,0.315231,0.656088,0.656088,0.326196,-0.228124
15,456,0.00463742,0.00884799,0.00884799,0.00434352,0.459199
15,480,6.12735e-5,0.000119114,0.000119114,5.77698e-5,0.41159
15,481,66.8643,53.3822,53.3822,49.9197,2.30359
15,482,194.076,168.918,168.918,149.795,2.00614
15,485,531.406,550.575,550.575,426.539,1.66852
15,487,420.466,565.275,565.275,389.147,0.546187
15,504,25.5841,44.1602,44.1602,21.5596,1.26684
15,528,0.318908,0.607252,0.607252,0.286504,0.767551
15,552,0.0040652,0.00823034,0.00823034,0.00380337,0.46718
16,0,0,0,0,0,0
16,1,65.1707,105.385,105.385,60.0448,0.579348
16,2,87.0837,202.663,202.663,87.4161,-0.0258001
16,5,91.6852,249.384,249.384,95.9468,-0.301436
16,7,70.3165,200.267,200.267,77.526,-0.631114
16,24,5.64771,11.1176,11.1176,4.83699,1.13748
16,48,0.0677212,0.149827,0.149827,0.0781901,-0.908648
16,72,0.00123514,0.00201017,0.00201017,0.00126087,-0.138495
16,96,1.9645e-5,2.69922e-5,2.69922e-5,1.99531e-5,-0.104778
16,97,7.2361,16.811,16.811,7.28453,-0.0451117
16,98,21.8703,53.7723,53.7723,23.3173,-0.421154
16,101,77.8144,172.022,172.022,75.5318,0.205095
16,103,60.8587,170.914,170.914,75.747,-1.33391
16,120,6.23636,12.2492,12.2492,6.03288,0.228906
16,144,0.0934307,0.166421,0.166421,0.0980061,-0.316833
16,168,0.00153164,0.00223511,0.00223511,0.00158102,-0.211952
16,192,2.84775e-5,3.00735e-5,3.00735e-5,2.53553e-5,0.835686
16,193,11.0034,20.9598,20.9598,10.1392,0.578423
16,194,36.824,67.0702,67.0702,32.4644,0.911348
16,197,124.89,217.855,217.855,106.112,1.20102
16,199,131.671,218.746,218.746,107.67,1.51277
16,216,9.66074,16.1182,16.1182,8.75069,0.705776
16,240,0.147864,0.220897,0.220897,0.141316,0.314422
16,264,0.00227865,0.00299514,0.00299514,0.00226106,0.0528115
16,288,4.27273e-5,4.04302e-5,4.04302e-5,3.62366e-5,1.2156
16,289,32.6567,63.3034,63.3034,33.8833,-0.245683
16,290,96.918,200.667,200.667,107.586,-0.672956
16,293,322.426,636.561,636.561,346.37,-0.469129
16,295,323.081,634.022,634.022,350.88,-0.537674
16,312,33.0429,46.1757,46.1757,28.6757,1.03356
16,336,0.474058,0.628403,0.628403,0.466826,0.105135
16,360,0.00787831,0.00847412,0.00847412,0.0075266,0.317128
16,384,0.000127086,0.000114069,0.000114069,0.000121221,0.328371
16,385,26.2672,43.0585,43.0585,27.5369,-0.31291
16,386,94.3824,136.972,136.972,87.6392,0.522174
16,389,281.737,446.516,446.516,288.894,-0.168125
16,391,277.49,455.783,455.783,296.806,-0.441658
16,408,24.3542,34.6747,34.6747,24.8655,-0.139524
16,432,0.440089,0.476302,0.476302,0.407166,0.548742
16,456,0.00571684,0.0064377,0.0064377,0.00660592,-0.913383
16,480,0.000101301,8.61796e-5,8.61796e-5,0.000107129,-0.369195
16,481,28.0979,37.7407,37.7407,25.9383,0.565044
16,482,80.6342,120.12,120.12,82.5769,-0.159657
16,485,291.018,395.881,395.881,273.245,0.44142
16,487,243.163,405.019,405.019,281.268,-0.919409
16,504,20.3997,31.1463,31.1463,23.7718,-0.962679
16,528,0.325749,0.425001,0.425001,0.387433,-1.0805
16,552,0.00682836,0.00572863,0.00572863,0.0062455,0.63335
16,576,9.3074e-5,7.71371e-5,7.71371e-5,0.000100601,-0.507748
16,577,27.873,34.9465,34.9465,25.1523,0.7341
16,578,78.8579,111.25,111.25,80.0832,-0.103835
16,581,323.029,364.755,364.755,267.433,1.41083
16,583,300.968,374.773,374.773,274.412,0.656748
16,600,27.0479,29.0633,29.0633,23.1495,1.14286
16,624,0.336938,0.396414,0.396414,0.379922,-0.767815
16,648,0.00570894,0.00534561,0.00534561,0.00618105,-0.51836
17,0,0,0,0,0,0
17,1,148.198,105.385,105.385,114.592,1.99026
17,2,211.077,202.663,202.663,237.931,-0.765963
17,5,331.22,249.384,249.384,321.303,0.20947
17,7,280.159,200.267,200.267,273.411,0.167495
17,24,20.328,11.1176,11.1176,22.8645,-0.752862
17,48,0.562173,0.149827,0.149827,0.531176,0.396027
17,72,0.0114197,0.00201017,0.00201017,0.0124011,-0.537102
17,96,0.000310792,2.69922e-5,2.69922e-5,0.000291753,0.442877
17,97,16.96,16.811,16.811,16.5813,0.154981
17,98,54.244,53.7723,53.7723,56.3344,-0.251822
17,101,197.919,172.022,172.022,215.044,-0.540432
17,103,226.528,170.914,170.914,247.811,-0.582851
17,120,56.2062,12.2492,12.2492,43.7289,1.93642
17,144,1.12411,0.166421,0.166421,1.29169,-0.880465
17,168,0.0314736,0.00223511,0.00223511,0.0324568,-0.205578
17,192,0.000714453,3.00735e-5,3.00735e-5,0.000782578,-0.590782
17,193,17.6919,20.9598,20.9598,19.1668,-0.522231
17,194,62.0271,67.0702,67.0702,65.1201,-0.322342
17,197,233.437,217.855,217.855,252.287,-0.507051
17,199,317.976,218.746,218.746,296.173,0.499583
17,216,69.0851,16.1182,16.1182,58.2709,1.25947
17,240,1.88111,0.220897,0.220897,1.8013,0.300697
17,264,0.0482978,0.00299514,0.00299514,0.0458242,0.366349
17,288,0.00136341,4.04302e-5,4.04302e-5,0.00110917,1.5556
17,289,58.292,63.3034,63.3034,57.6218,0.0789388
17,290,213.622,200.667,200.667,193.686,0.698558
17,293,639.796,636.561,636.561,728.416,-0.825657
17,295,753.673,634.022,634.022,849.924,-0.768549
17,312,164.758,46.1757,46.1757,166.243,-0.0606263
17,336,4.9531,0.628403,0.628403,5.15877,-0.270562
17,360,0.125175,0.00847412,0.00847412,0.131992,-0.350468
17,384,0.00323904,0.000114069,0.000114069,0.00320231,0.0778393
17,385,42.2684,43.0585,43.0585,40.3387,0.324651
17,386,140.228,136.972,136.972,135.847,0.218844
17,389,449.955,446.516,446.516,522.179,-0.93866
17,391,644.651,455.783,455.783,622.774,0.238393
17,408,124.503,34.6747,34.6747,137.886,-0.658673
17,432,4.57869,0.476302,0.476302,4.50957,0.104013
17,456,0.12159,0.0064377,0.0064377,0.116792,0.278767
17,480,0.00275438,8.61796e-5,8.61796e-5,0.00284901,-0.225416
17,481,40.9845,37.7407,37.7407,35.7844,0.986192
17,482,113.519,120.12,120.12,120.544,-0.395488
17,485,473.384,395.881,395.881,465.142,0.120243
17,487,520.939,405.019,405.019,556.701,-0.43595
17,504,90.7156,31.1463,31.1463,126.602,-1.92369
17,528,4.41779,0.425001,0.425001,4.19585,0.358977
17,552,0.0998497,0.00572863,0.00572863,0.10897,-0.568002
17,576,0.00244314,7.71371e-5,7.71371e-5,0.00265825,-0.549166
17,577,32.222,34.9465,34.9465,33.4466,-0.248481
17,578,114.336,111.25,111.25,112.681,0.0996687
17,581,422.74,364.755,364.755,435.51,-0.198996
17,583,510.205,374.773,374.773,521.923,-0.152364
17,600,143.223,29.0633,29.0633,120.136,1.30415
17,624,4.06859,0.396414,0.396414,3.98748,0.138029
17,648,0.123681,0.00534561,0.00534561,0.103727,1.30551
18,0,0,0,0,0,0
18,1,91.9607,105.385,105.385,85.9752,0.472467
18,2,141.843,202.663,202.663,155.372,-0.590933
18,5,221.562,249.384,249.384,197.24,0.836854
18,7,163.052,200.267,200.267,168.694,-0.226981
18,24,14.1947,11.1176,11.1176,14.8419,-0.295952
18,48,0.283514,0.149827,0.149827,0.308123,-0.542013
18,72,0.004885,0.00201017,0.00201017,0.00558451,-0.850071
18,96,8.66651e-5,2.69922e-5,2.69922e-5,9.43173e-5,-0.550612
18,97,8.88673,16.811,16.811,10.1149,-0.824035
18,98,40.6404,53.7723,53.7723,34.3387,1.24544
18,101,146.446,172.022,172.022,130.789,0.812444
18,103,158.257,170.914,170.914,151.177,0.317828
18,120,23.5549,12.2492,12.2492,26.5103,-0.756556
18,144,0.681512,0.166421,0.166421,0.674846,0.0670405
18,168,0.0129597,0.00223511,0.00223511,0.013254,-0.150688
18,192,0.00027361,3.00735e-5,3.00735e-5,0.000232956,1.18434
18,193,13.6942,20.9598,20.9598,12.5454,0.62143
18,194,50.2227,67.0702,67.0702,42.5831,1.21754
18,197,168.147,217.855,217.855,164.517,0.149761
18,199,185.075,218.746,218.746,192.959,-0.277299
18,216,36.3985,16.1182,16.1182,36.6567,-0.0477936
18,240,0.943376,0.220897,0.220897,0.967249,-0.167499
18,264,0.020786,0.00299514,0.00299514,0.0192496,0.541688
18,288,0.000362844,4.04302e-5,4.04302e-5,0.000340738,0.440273
18,289,36.0626,63.3034,63.3034,39.3887,-0.573072
18,290,139.179,200.667,200.667,132.331,0.351212
18,293,468.293,636.561,636.561,499.297,-0.421422
18,295,593.837,634.022,634.022,582.865,0.127758
18,312,94.6345,46.1757,46.1757,111.333,-1.01791
18,336,2.90872,0.628403,0.628403,2.97931,-0.160777
18,360,0.0578468,0.00847412,0.00847412,0.0595296,-0.19185
18,384,0.00108827,0.000114069,0.000114069,0.00105962,0.183451
18,385,35.9823,43.0585,43.0585,29.5434,1.4791
18,386,101.666,136.972,136.972,99.4225,0.153131
18,389,330.287,446.516,446.516,381.393,-0.909387
18,391,453.04,455.783,455.783,453.55,-0.00762989
18,408,104.889,34.6747,34.6747,94.8222,0.720525
18,432,2.7489,0.476302,0.476302,2.61904,0.336504
18,456,0.0645581,0.0064377,0.0064377,0.0522676,1.59582
18,480,0.00105832,8.61796e-5,8.61796e-5,0.00093217,0.91838
18,481,27.4707,37.7407,37.7407,26.9967,0.119153
18,482,103.934,120.12,120.12,90.8735,0.975395
18,485,327.416,395.881,395.881,349.47,-0.428276
18,487,383.313,405.019,405.019,416.903,-0.546789
18,504,80.8918,31.1463,31.1463,89.0015,-0.618376
18,528,2.55217,0.425001,0.425001,2.48957,0.170646
18,552,0.047129,0.00572863,0.00572863,0.0507959,-0.489916
18,576,0.000888197,7.71371e-5,7.71371e-5,0.00091181,-0.175751
18,577,27.4688,34.9465,34.9465,25.714,0.463129
18,578,93.2058,111.25,111.25,86.5634,0.520764
18,581,267.404,364.755,364.755,333.223,-1.34048
18,583,405.166,374.773,374.773,398.233,0.118155
18,600,88.1953,29.0633,29.0633,85.854,0.185074
18,624,2.34575,0.396414,0.396414,2.40195,-0.158804
18,648,0.0533213,0.00534561,0.00534561,0.0486853,0.64624
19,0,0,0,0,0,0
19,1,96.1608,105.385,105.385,97.1299,-0.0677145
19,2,177.288,202.663,202.663,184.693,-0.272111
19,5,228.908,249.384,249.384,221.52,0.226358
19,7,146.757,200.267,200.267,173.846,-1.05752
19,24,5.90047,11.1176,11.1176,6.59925,-0.718614
19,48,0.0394906,0.149827,0.149827,0.043312,-0.59877
19,72,0.000270657,0.00201017,0.00201017,0.000270981,-0.0081251
19,96,3.00026e-6,2.69922e-5,2.69922e-5,2.03741e-6,3.20722
19,97,18.5448,16.811,16.811,16.3343,0.918384
19,98,54.3907,53.7723,53.7723,52.5978,0.231327
19,101,178.337,172.022,172.022,169.581,0.350415
19,103,150.749,170.914,170.914,168.462,-0.713561
19,120,9.77351,12.2492,12.2492,9.38877,0.278105
19,144,0.0632391,0.166421,0.166421,0.0636935,-0.048415
19,168,0.000330824,0.00223511,0.00223511,0.000400014,-1.17385
19,192,2.2832e-6,3.00735e-5,3.00735e-5,2.58302e-6,-0.787721
19,193,19.7015,20.9598,20.9598,19.5043,0.0686223
19,194,67.0257,67.0702,67.0702,62.864,0.449281
19,197,204.323,217.855,217.855,206.178,-0.0610569
19,199,221.874,218.746,218.746,208.226,0.444811
19,216,13.5518,16.1182,16.1182,12.2649,0.712078
19,240,0.0888463,0.220897,0.220897,0.0844539,0.35296
19,264,0.000435343,0.00299514,0.00299514,0.000535022,-1.26438
19,288,4.76809e-6,4.04302e-5,4.04302e-5,3.04407e-6,3.84355
19,289,67.592,63.3034,63.3034,58.4053,1.06746
19,290,189.887,200.667,200.667,186.358,0.128492
19,293,563.134,636.561,636.561,597.013,-0.385121
19,295,495.421,634.022,634.022,598.242,-1.16642
19,312,37.154,46.1757,46.1757,34.708,0.478261
19,336,0.230987,0.628403,0.628403,0.238934,-0.225735
19,360,0.00124723,0.00847412,0.00847412,0.0015158,-1.20244
20,0,0,0,0,0,0
20,1,64.7455,105.385,105.385,88.1758,-1.80332
20,2,205.868,202.663,202.663,241.799,-1.00847
20,5,462.87,249.384,249.384,434.723,0.439417
20,7,362.616,200.267,200.267,376.563,-0.251366
20,24,34.087,11.1176,11.1176,32.6241,0.304312
20,48,0.809098,0.149827,0.149827,0.824916,-0.130137
20,72,0.0188491,0.00201017,0.00201017,0.0207439,-0.619907
20,96,0.000514621,2.69922e-5,2.69922e-5,0.000521853,-0.0940536
20,97,26.9405,16.811,16.811,27.3717,-0.106912
20,98,95.1497,53.7723,53.7723,88.8629,0.480128
20,101,320,172.022,172.022,296.858,0.529051
20,103,297.363,170.914,170.914,307.861,-0.231418
20,120,35.3686,12.2492,12.2492,33.4043,0.399056
20,144,0.912638,0.166421,0.166421,0.845576,0.538234
20,168,0.0219299,0.00223511,0.00223511,0.0212374,0.221265
20,192,0.000515625,3.00735e-5,3.00735e-5,0.000532891,-0.219889
20,193,26.5405,20.9598,20.9598,31.716,-1.10743
20,194,100.079,67.0702,67.0702,103,-0.192471
20,197,316.11,217.855,217.855,349.899,-0.655361
20,199,397.47,218.746,218.746,366.738,0.568686
20,216,41.2895,16.1182,16.1182,40.9978,0.0482808
20,240,1.1586,0.220897,0.220897,1.05002,0.701788
20,264,0.0243022,0.00299514,0.00299514,0.0266516,-0.598236
20,288,0.000667936,4.04302e-5,4.04302e-5,0.000676179,-0.0827301
20,289,93.1181,63.3034,63.3034,90.6747,0.182877
20,290,311.815,200.667,200.667,291.651,0.46919
20,293,1130.24,636.561,636.561,961.081,1.19446
20,295,926.591,634.022,634.022,998.588,-0.489296
20,312,103.206,46.1757,46.1757,109.444,-0.386786
20,336,3.03695,0.628403,0.628403,2.77017,0.65356
20,360,0.0840533,0.00847412,0.00847412,0.0693923,1.43384
20,384,0.00183309,0.000114069,0.000114069,0.00173919,0.366406
20,385,52.9014,43.0585,43.0585,55.0068,-0.259751
20,386,199.239,136.972,136.972,177.51,0.830732
20,389,597.089,446.516,446.516,604.987,-0.0885932
20,391,540.296,455.783,455.783,643.104,-1.08491
20,408,63.8352,34.6747,34.6747,74.5324,-0.974029
20,432,2.20792,0.476302,0.476302,1.91239,1.04877
20,456,0.0521897,0.0064377,0.0064377,0.0485899,0.502779
20,480,0.00113383,8.61796e-5,8.61796e-5,0.00123394,-0.550586
20,481,49.7273,37.7407,37.7407,45.7537,0.589395
20,482,149.632,120.12,120.12,147.727,0.0875125
20,485,498.894,395.881,395.881,506.711,-0.104687
20,487,567.993,405.019,405.019,540.897,0.339964
20,504,68.3801,31.1463,31.1463,63.4245,0.530264
20,528,1.72939,0.425001,0.425001,1.61941,0.460898
20,552,0.0461557,0.00572863,0.00572863,0.0408618,0.879237
20,576,0.0010279,7.71371e-5,7.71371e-5,0.00103161,-0.0243864
20,577,40.7219,34.9465,34.9465,40.802,-0.0133258
20,578,113.246,111.25,111.25,131.769,-0.953965
20,581,443.849,364.755,364.755,452.646,-0.131892
20,583,438.67,374.773,374.773,484.205,-0.638207
20,600,60.6553,29.0633,29.0633,57.1013,0.422398
20,624,1.47247,0.396414,0.396414,1.45814,0.0667234
20,648,0.0416115,0.00534561,0.00534561,0.036798,0.887722
21,0,0,0,0,0,0
21,1,61.8622,105.385,105.385,57.3494,0.534031
21,2,86.5811,202.663,202.663,80.119,0.547371
21,5,91.727,249.384,249.384,89.1001,0.200082
21,7,78.6015,200.267,200.267,73.7177,0.449612
21,24,5.69673,11.1176,11.1176,5.67108,0.0306905
21,48,0.116936,0.149827,0.149827,0.125051,-0.440379
21,72,0.00247664,0.00201017,0.00201017,0.00275174,-0.678485
21,96,6.13673e-5,2.69922e-5,2.69922e-5,6.03767e-5,0.111338
21,97,6.63484,16.811,16.811,6.98493,-0.340148
21,98,22.1947,53.7723,53.7723,22.4726,-0.0839134
21,101,81.3833,172.022,172.022,73.9156,0.685636
21,103,72.2528,170.914,170.914,75.7297,-0.311579
21,120,8.00137,12.2492,12.2492,7.32499,0.626654
21,144,0.183269,0.166421,0.166421,0.161297,0.924439
21,168,0.00422458,0.00223511,0.00223511,0.00354504,1.3009
21,192,7.17162e-5,3.00735e-5,3.00735e-5,7.79867e-5,-0.545664
21,193,9.68077,20.9598,20.9598,10.2303,-0.364526
21,194,33.1551,67.0702,67.0702,32.9179,0.0489039
21,197,113.169,217.855,217.855,109.962,0.19798
21,199,101.114,218.746,218.746,113.581,-0.744865
21,216,13.3152,16.1182,16.1182,11.2347,1.25673
21,240,0.280591,0.220897,0.220897,0.247886,0.895392
21,264,0.00556788,0.00299514,0.00299514,0.00543616,0.164444
21,288,0.000116232,4.04302e-5,4.04302e-5,0.000119259,-0.172237
21,289,32.4941,63.3034,63.3034,35.6233,-0.596145
21,290,107.843,200.667,200.667,113.715,-0.350437
21,293,323.213,636.561,636.561,372.834,-0.903218
21,295,399.149,634.022,634.022,386.114,0.229095
21,312,35.3831,46.1757,46.1757,38.3996,-0.533128
21,336,0.719812,0.628403,0.628403,0.841423,-0.980851
21,360,0.0182559,0.00847412,0.00847412,0.0182719,-0.00596526
21,384,0.000405339,0.000114069,0.000114069,0.000397772,0.129114
21,385,34.5115,43.0585,43.0585,30.7052,0.841259
21,386,100.492,136.972,136.972,98.1826,0.159614
21,389,330.197,446.516,446.516,330.169,0.000584603
21,391,310.747,455.783,455.783,343.904,-0.654311
21,408,38.374,34.6747,34.6747,34.9398,0.667044
21,432,0.598371,0.476302,0.476302,0.771664,-1.52405
21,456,0.016927,0.0064377,0.0064377,0.0169284,-0.000577933
21,480,0.00038422,8.61796e-5,8.61796e-5,0.000371531,0.231792
21,481,32.8362,37.7407,37.7407,29.5099,0.764965
21,482,95.0198,120.12,120.12,94.3802,0.0459868
21,485,332.56,395.881,395.881,316.963,0.333962
21,487,334.686,405.019,405.019,331.571,0.0637527
21,504,33.0449,31.1463,31.1463,33.7268,-0.137211
21,528,0.827753,0.425001,0.425001,0.752402,0.679654
21,552,0.0186054,0.00572863,0.00572863,0.0166743,0.785968
21,576,0.000333721,7.71371e-5,7.71371e-5,0.000368878,-0.646794
21,577,28.5055,34.9465,34.9465,28.9415,-0.10224
21,578,110.813,111.25,111.25,92.5685,1.33753
21,581,330.624,364.755,364.755,311.047,0.427151
21,583,321.433,374.773,374.773,325.525,-0.0853064
21,600,34.1402,29.0633,29.0633,33.0934,0.214667
21,624,0.80888,0.396414,0.396414,0.733349,0.698972
21,648,0.0163603,0.00534561,0.00534561,0.0160711,0.122132
22,0,0,0,0,0,0
22,1,164.85,105.385,105.385,148.667,0.73877
22,2,405.133,202.663,202.663,346.327,1.15234
22,5,506.142,249.384,249.384,494.556,0.158983
22,7,439.064,200.267,200.267,404.928,0.572113
22,24,22.88,11.1176,11.1176,22.1333,0.228939
22,48,0.235178,0.149827,0.149827,0.262345,-0.70277
22,72,0.00314727,0.00201017,0.00201017,0.00305449,0.206147
22,96,4.33063e-5,2.69922e-5,2.69922e-5,3.55615e-5,1.47801
22,97,37.1993,16.811,16.811,32.7433,0.923567
22,98,121.858,53.7723,53.7723,106.043,1.01212
22,101,361.118,172.022,172.022,348.371,0.248325
22,103,376.127,170.914,170.914,354.324,0.41761
22,120,28.3795,12.2492,12.2492,26.6304,0.445736
22,144,0.343109,0.166421,0.166421,0.324455,0.390162
22,168,0.00339536,0.00223511,0.00223511,0.00381632,-0.748584
22,192,4.8411e-5,3.00735e-5,3.00735e-5,4.46733e-5,0.5678
22,193,38.4532,20.9598,20.9598,38.3625,0.0160503
22,194,114.55,67.0702,67.0702,124.315,-0.53311
22,197,420.175,217.855,217.855,417.339,0.0461196
22,199,400.223,218.746,218.746,429.911,-0.46865
22,216,38.2637,16.1182,16.1182,33.5633,0.950423
22,240,0.397306,0.220897,0.220897,0.411502,-0.234131
22,264,0.0048091,0.00299514,0.00299514,0.00483624,-0.0380791
22,288,5.48054e-5,4.04302e-5,4.04302e-5,5.65744e-5,-0.212205
22,289,113.876,63.3034,63.3034,111.6,0.138402
22,290,377.841,200.667,200.667,358.04,0.375333
22,293,1221.35,636.561,636.561,1167.03,0.315878
22,295,1066.11,634.022,634.022,1190.3,-0.708066
22,312,74.6774,46.1757,46.1757,91.1237,-1.22485
22,336,0.980922,0.628403,0.628403,1.12152,-0.850779
22,360,0.0105389,0.00847412,0.00847412,0.0131751,-1.35794
23,0,0,0,0,0,0
23,1,133.473,105.385,105.385,118.661,0.847135
23,2,298.865,202.663,202.663,363.143,-1.20125
23,5,1086.8,249.384,249.384,881.127,1.58411
23,7,730.231,200.267,200.267,752.645,-0.202098
23,24,25.1612,11.1176,11.1176,25.2302,-0.0185559
23,48,0.0963658,0.149827,0.149827,0.124689,-1.54154
23,72,0.000616501,0.00201017,0.00201017,0.000599233,0.195571
23,96,2.70156e-6,2.69922e-5,2.69922e-5,2.93304e-6,-0.535611
23,97,134.497,16.811,16.811,123.169,0.62415
23,98,468.288,53.7723,53.7723,388.408,1.39571
23,101,1084.46,172.022,172.022,1150.09,-0.387235
23,103,1071.96,170.914,170.914,1067.31,0.0295953
23,120,43.0449,12.2492,12.2492,41.4044,0.268883
23,144,0.183162,0.166421,0.166421,0.210252,-0.874394
23,168,0.000683648,0.00223511,0.00223511,0.00103142,-2.28827
23,192,6.39228e-6,3.00735e-5,3.00735e-5,5.12865e-6,1.6721
23,193,127.945,20.9598,20.9598,116.117,0.691322
23,194,380.024,67.0702,67.0702,367.712,0.227239
23,197,992.837,217.855,217.855,1136.42,-0.857453
23,199,1256.45,218.746,218.746,1089.99,1.03638
23,216,45.4685,16.1182,16.1182,45.4112,0.00856857
23,240,0.18592,0.220897,0.220897,0.228046,-1.25364
23,264,0.000994998,0.00299514,0.00299514,0.00109865,-0.640266
23,288,6.32401e-6,4.04302e-5,4.04302e-5,5.36629e-6,1.21118
23,289,330.097,63.3034,63.3034,314.945,0.326488
23,290,1011.85,200.667,200.667,986.56,0.17394
23,293,2770.11,636.561,636.561,2934.07,-0.379244
23,295,3043.99,634.022,634.022,2773.58,0.661629
23,312,108.152,46.1757,46.1757,112.171,-0.243136
23,336,0.612995,0.628403,0.628403,0.560511,0.635455
23,360,0.00243334,0.00847412,0.00847412,0.00269973,-0.669636
24,0,0,0,0,0,0
24,1,160.554,105.385,105.385,143.97,0.781738
24,2,376.514,202.663,202.663,387.315,-0.189261
24,5,746.321,249.384,249.384,673.831,0.730078
24,7,619.18,200.267,200.267,583.878,0.410322
24,24,42.1459,11.1176,11.1176,48.4093,-0.878068
24,48,0.886405,0.149827,0.149827,1.09932,-1.31441
24,72,0.0246658,0.00201017,0.00201017,0.0244793,0.0516978
24,96,0.000572804,2.69922e-5,2.69922e-5,0.00054413,0.357631
24,97,42.4568,16.811,16.811,40.2516,0.371815
24,98,123.158,53.7723,53.7723,131.789,-0.444436
24,101,524.413,172.022,172.022,454.531,1.04339
24,103,478.473,170.914,170.914,477.928,0.00773093
24,120,48.064,12.2492,12.2492,52.6427,-0.590272
24,144,1.44216,0.166421,0.166421,1.21527,1.26704
24,168,0.0290867,0.00223511,0.00223511,0.0275384,0.381558
24,192,0.000497275,3.00735e-5,3.00735e-5,0.000620979,-1.35193
24,193,44.9425,20.9598,20.9598,46.6674,-0.25083
24,194,168.345,67.0702,67.0702,152.831,0.688908
24,197,553.78,217.855,217.855,530.102,0.30313
24,199,643.096,218.746,218.746,565.848,0.926471
24,216,52.4214,16.1182,16.1182,64.7584,-1.29289
24,240,1.59297,0.220897,0.220897,1.47216,0.556947
24,264,0.0366239,0.00299514,0.00299514,0.0327557,0.801441
24,288,0.000884405,4.04302e-5,4.04302e-5,0.000727745,1.46091
24,289,135.299,63.3034,63.3034,134.092,0.0610851
24,290,424.247,200.667,200.667,434.84,-0.165336
24,293,1368.25,636.561,636.561,1463.71,-0.442603
24,295,1593.2,634.022,634.022,1547.82,0.198989
24,312,180.269,46.1757,46.1757,172.885,0.289878
24,336,3.7987,0.628403,0.628403,3.95175,-0.262841
24,360,0.0696992,0.00847412,0.00847412,0.0883635,-1.43346
25,0,0,0,0,0,0
25,1,60.452,105.385,105.385,52.5364,1.02252
25,2,87.4191,202.663,202.663,75.8426,1.03588
25,5,90.0982,249.384,249.384,82.2903,0.643924
25,7,68.0973,200.267,200.267,66.1703,0.197627
25,24,4.84535,11.1176,11.1176,4.64488,0.292895
25,48,0.0945812,0.149827,0.149827,0.0959001,-0.0933381
25,72,0.00191404,0.00201017,0.00201017,0.00201173,-0.329536
25,96,4.44874e-5,2.69922e-5,2.69922e-5,4.23436e-5,0.343603
25,97,5.97197,16.811,16.811,6.37132,-0.425376
25,98,18.9881,53.7723,53.7723,20.0062,-0.345353
25,101,52.9438,172.022,172.022,61.7648,-0.969221
25,103,57.4923,170.914,170.914,59.8697,-0.269485
25,120,4.6781,12.2492,12.2492,4.9443,-0.365388
25,144,0.104785,0.166421,0.166421,0.104317,0.0304806
25,168,0.00224944,0.00223511,0.00223511,0.0022001,0.152171
25,192,5.81668e-5,3.00735e-5,3.00735e-5,4.62142e-5,1.75522
25,193,8.14908,20.9598,20.9598,9.04936,-0.675156
25,194,27.0268,67.0702,67.0702,28.4219,-0.333118
25,197,85.9421,217.855,217.855,89.1174,-0.241808
25,199,72.3066,218.746,218.746,87.1802,-1.15783
25,216,6.92317,16.1182,16.1182,7.25127,-0.307069
25,240,0.163998,0.220897,0.220897,0.152052,0.533188
25,264,0.00360047,0.00299514,0.00299514,0.00319103,0.870791
25,288,6.874e-5,4.04302e-5,4.04302e-5,6.68656e-5,0.190239
25,289,17.369,43.4564,43.4564,20.7821,-1.11456
25,290,58.4041,138.384,138.384,65.0091,-0.689517
25,293,148.654,443.949,443.949,202.739,-1.81047
25,295,199.397,446.028,446.028,198.742,0.0223642
25,312,18.8555,32.8964,32.8964,16.5776,0.932531
25,336,0.360229,0.450967,0.450967,0.349268,0.212984
25,360,0.00640143,0.00611708,0.00611708,0.0073455,-0.872226
25,384,0.00014458,8.29004e-5,8.29004e-5,0.000152812,-0.365577
25,385,16.0906,31.9375,31.9375,17.455,-0.530478
25,386,65.7362,101.918,101.918,54.6859,1.37134
25,389,175.352,333.506,333.506,171.858,0.137994
25,391,182.101,340.169,340.169,170.159,0.476288
25,408,15.1901,25.8683,25.8683,14.369,0.387825
25,432,0.300555,0.350282,0.350282,0.301962,-0.0316106
25,456,0.00637228,0.00472404,0.00472404,0.00630047,0.0773459
25,480,0.000105349,6.37543e-5,6.37543e-5,0.000131486,-1.34906
25,481,17.308,28.0497,28.0497,16.3712,0.388346
25,482,62.657,89.5531,89.5531,51.3061,1.50144
25,485,167.252,294.711,294.711,161.924,0.223309
25,487,173.94,301.752,301.752,160.443,0.570865
25,504,14.2724,23.1897,23.1897,13.5718,0.350323
25,528,0.330598,0.316245,0.316245,0.285963,1.05929
25,552,0.00656673,0.00426435,0.00426435,0.0060245,0.61081
25,576,0.000139326,5.73956e-5,5.73956e-5,0.000126834,0.668405
25,577,18.5384,25.899,25.899,15.7974,1.17752
25,578,50.3571,82.7039,82.7039,49.5138,0.115583
25,581,150.745,274.136,274.136,156.666,-0.256499
25,583,122.269,280.765,280.765,155.429,-1.44785
25,600,14.4312,21.5486,21.5486,13.2491,0.605511
25,624,0.267392,0.295038,0.295038,0.28141,-0.338053
25,648,0.00613957,0.00399399,0.00399399,0.00597086,0.191749
26,0,0,0,0,0,0
26,1,141.046,105.385,105.385,212.058,-2.27258
26,2,371.038,202.663,202.663,500.682,-1.75727
26,5,672.743,249.384,249.384,692.693,-0.195464
26,7,589.241,200.267,200.267,530.019,0.758295
26,24,17.2226,11.1176,11.1176,17.351,-0.0502383
26,48,0.0931357,0.149827,0.149827,0.113888,-1.23662
26,72,0.000533503,0.00201017,0.00201017,0.000747839,-1.94506
26,96,6.48833e-6,2.69922e-5,2.69922e-5,4.86213e-6,2.26983
26,97,80.8014,16.811,16.811,64.7047,1.6883
26,98,256.637,53.7723,53.7723,199.792,1.93088
26,101,697.871,172.022,172.022,572.016,1.49317
26,103,536.15,170.914,170.914,515.961,0.265551
26,120,19.2341,12.2492,12.2492,20.0097,-0.263051
26,144,0.137751,0.166421,0.166421,0.135028,0.136831
26,168,0.000925906,0.00223511,0.00223511,0.000908532,0.129777
26,192,7.79923e-6,3.00735e-5,3.00735e-5,6.06962e-6,1.9339
26,193,63.8487,20.9598,20.9598,73.1719,-0.864703
26,194,222.33,67.0702,67.0702,226.362,-0.120888
26,197,726.328,217.855,217.855,660.067,0.681269
26,199,622.317,218.746,218.746,605.342,0.19031
26,216,28.0417,16.1182,16.1182,24.1077,1.10744
26,240,0.169152,0.220897,0.220897,0.157674,0.494012
26,264,0.00100577,0.00299514,0.00299514,0.00102832,-0.14883
26,288,6.70573e-6,4.04302e-5,4.04302e-5,6.73232e-6,-0.0268072
26,289,133.913,43.4564,43.4564,143.528,-0.454614
26,290,438.515,138.384,138.384,441.858,-0.0513375
26,293,1381.68,443.949,443.949,1285.4,0.508317
26,295,994.518,446.028,446.028,1174.39,-1.03946
26,312,43.0954,32.8964,32.8964,46.5076,-0.497914
26,336,0.258619,0.450967,0.450967,0.307568,-1.08006
26,360,0.00177551,0.00611708,0.00611708,0.00202683,-0.841476
27,0,0,0,0,0,0
27,1,77.183,105.385,105.385,72.2004,0.468347
27,2,119.82,202.663,202.663,122.478,-0.14727
27,5,145.112,249.384,249.384,133.242,0.604573
27,7,98.5901,200.267,200.267,102.402,-0.252606
27,24,5.44659,11.1176,11.1176,7.38809,-1.78341
27,48,0.195865,0.149827,0.149827,0.178164,0.674263
27,72,0.00341191,0.00201017,0.00201017,0.00429634,-1.39705
27,96,0.000165335,2.69922e-5,2.69922e-5,0.000103532,4.05116
27,97,12.4971,16.811,16.811,11.7228,0.448255
27,98,31.0321,53.7723,53.7723,33.4736,-0.494984
27,101,87.2977,172.022,172.022,83.3997,0.317198
27,103,56.7389,170.914,170.914,70.4165,-1.3182
27,120,5.02073,12.2492,12.2492,5.23469,-0.277386
27,144,0.11133,0.166421,0.166421,0.126699,-0.823217
27,168,0.00289051,0.00223511,0.00223511,0.00305898,-0.373763
27,192,6.79267e-5,3.00735e-5,3.00735e-5,7.39219e-5,-0.550395
27,193,14.4631,20.9598,20.9598,15.8246,-0.58387
27,194,51.349,67.0702,67.0702,45.2053,0.922339
27,197,113.748,217.855,217.855,113.905,-0.00931538
27,199,84.826,218.746,218.746,96.3442,-0.811345
27,216,6.47306,16.1182,16.1182,7.15463,-0.646502
27,240,0.167909,0.220897,0.220897,0.173377,-0.214007
27,264,0.00427466,0.00299514,0.00299514,0.00419601,0.127198
27,288,9.84143e-5,4.04302e-5,4.04302e-5,0.000101614,-0.213714
27,289,34.1694,43.4564,43.4564,33.3932,0.157749
27,290,92.5002,138.384,138.384,95.0658,-0.183153
27,293,271.032,443.949,443.949,236.51,0.990581
27,295,210.113,446.028,446.028,200.189,0.336405
27,312,12.7109,32.8964,32.8964,14.9438,-1.01403
27,336,0.358163,0.450967,0.450967,0.36611,-0.147322
27,360,0.00850514,0.00611708,0.00611708,0.00895369,-0.339986
27,384,0.000158579,8.29004e-5,8.29004e-5,0.000218298,-1.85658
27,385,28.2398,31.9375,31.9375,24.5252,1.02789
27,386,74.594,101.918,101.918,70.03,0.442296
27,389,189.223,333.506,333.506,179.683,0.360311
27,391,133.782,340.169,340.169,152.91,-0.84894
27,408,12.7902,25.8683,25.8683,11.3845,0.838006
27,432,0.225249,0.350282,0.350282,0.278677,-1.3011
27,456,0.00721943,0.00472404,0.00472404,0.0068415,0.374892
27,480,0.000179511,6.37543e-5,6.37543e-5,0.00016844,0.446019
27,481,20.4419,28.0497,28.0497,21.4789,-0.327651
27,482,61.3614,89.5531,89.5531,61.3773,-0.00175589
27,485,159.683,294.711,294.711,158.048,0.0701901
27,487,120.02,301.752,301.752,134.851,-0.746367
27,504,10.2703,23.1897,23.1897,10.0481,0.150093
27,528,0.256865,0.316245,0.316245,0.240378,0.465469
27,552,0.00579134,0.00426435,0.00426435,0.0057467,0.0527105
27,576,0.000117665,5.73956e-5,5.73956e-5,0.000138047,-1.00202
27,577,24.5601,25.899,25.899,19.7829,1.63881
27,578,60.6967,82.7039,82.7039,56.5482,0.497864
27,581,166.917,274.136,274.136,145.392,1.00474
27,583,138.267,280.765,280.765,123.962,0.783159
27,600,11.0227,21.5486,21.5486,9.28319,1.27168
27,624,0.21399,0.295038,0.295038,0.224689,-0.323149
27,648,0.00657396,0.00399399,0.00399399,0.00544113,1.41293
28,0,0,0,0,0,0
28,1,101.447,105.385,105.385,94.9211,0.466562
28,2,210.589,202.663,202.663,200.356,0.346615
28,5,278.788,249.384,249.384,255.319,0.623828
28,7,213.504,200.267,200.267,199.188,0.487777
28,24,13.0831,11.1176,11.1176,12.316,0.42269
28,48,0.215837,0.149827,0.149827,0.230571,-0.433698
28,72,0.0044584,0.00201017,0.00201017,0.00431426,0.22674
28,96,7.53583e-5,2.69922e-5,2.69922e-5,8.04426e-5,-0.428936
28,97,23.3403,16.811,16.811,21.3111,0.646199
28,98,58.2994,53.7723,53.7723,63.9096,-0.595743
28,101,168.577,172.022,172.022,175.816,-0.279431
28,103,174.68,170.914,170.914,156.108,0.807388
28,120,9.15335,12.2492,12.2492,10.3183,-0.766188
28,144,0.183021,0.166421,0.166421,0.191988,-0.316981
28,168,0.00359006,0.00223511,0.00223511,0.00357733,0.024167
28,192,8.57542e-5,3.00735e-5,3.00735e-5,6.66274e-5,1.94822
28,193,24.4233,20.9598,20.9598,26.5039,-0.532734
28,194,93.9335,67.0702,67.0702,79.5439,1.22769
28,197,224.863,217.855,217.855,219.973,0.150863
28,199,206.47,218.746,218.746,196.633,0.339506
28,216,12.8837,16.1182,16.1182,13.1129,-0.118642
28,240,0.211028,0.220897,0.220897,0.246504,-0.976689
28,264,0.00439303,0.00299514,0.00299514,0.00462959,-0.346764
28,288,7.99032e-5,4.04302e-5,4.04302e-5,8.68792e-5,-0.544925
28,289,56.7119,43.4564,43.4564,53.6765,0.383775
28,290,186.138,138.384,138.384,160.424,1.08783
28,293,471.381,443.949,443.949,447.696,0.359049
28,295,385.048,446.028,446.028,397.765,-0.216974
28,312,23.7952,32.8964,32.8964,26.4846,-0.689125
28,336,0.477318,0.450967,0.450967,0.495635,-0.250809
28,360,0.0084569,0.00611708,0.00611708,0.00927983,-0.601821
28,384,0.000168172,8.29004e-5,8.29004e-5,0.000173638,-0.213642
28,385,47.0624,31.9375,31.9375,37.3393,1.7672
28,386,132.826,101.918,101.918,111.939,1.26634
28,389,314.296,333.506,333.506,316.1,-0.0387353
28,391,254.986,340.169,340.169,285.395,-0.723108
28,408,19.4005,25.8683,25.8683,19.2342,0.0586872
28,432,0.381338,0.350282,0.350282,0.363542,0.332216
28,456,0.00674685,0.00472404,0.00472404,0.00686211,-0.113989
28,480,0.000142048,6.37543e-5,6.37543e-5,0.000129244,0.672314
28,481,27.4366,28.0497,28.0497,31.8979,-0.949155
28,482,115.641,89.5531,89.5531,95.6896,1.41502
28,485,252.173,294.711,294.711,272.269,-0.500902
28,487,262.174,301.752,301.752,246.246,0.438994
28,504,16.3445,23.1897,23.1897,16.6274,-0.115492
28,528,0.313406,0.316245,0.316245,0.312236,0.0254341
28,552,0.0053449,0.00426435,0.00426435,0.00586316,-0.599879
28,576,0.000131854,5.73956e-5,5.73956e-5,0.000110094,1.34135
28,577,30.2568,25.899,25.899,28.8436,0.332511
28,578,95.4735,82.7039,82.7039,86.5529,0.699456
28,581,240.925,274.136,274.136,246.313,-0.148445
28,583,228.205,280.765,280.765,223.702,0.136616
28,600,14.2445,21.5486,21.5486,15.1228,-0.394188
28,624,0.293473,0.295038,0.295038,0.285348,0.193231
28,648,0.00543448,0.00399399,0.00399399,0.00537813,0.0710957
29,0,0,0,0,0,0
29,1,129.69,105.385,105.385,125.85,0.207104
29,2,343.034,202.663,202.663,319.039,0.510418
29,5,493.681,249.384,249.384,502.447,-0.118405
29,7,449.876,200.267,200.267,418.06,0.516481
29,24,20.7294,11.1176,11.1176,24.5441,-1.05475
29,48,0.296876,0.149827,0.149827,0.322047,-0.53043
29,72,0.0039714,0.00201017,0.00201017,0.0041676,-0.319492
29,96,6.75992e-5,2.69922e-5,2.69922e-5,5.41986e-5,1.67796
29,97,32.5364,16.811,16.811,33.3177,-0.159155
29,98,101.851,53.7723,53.7723,108.153,-0.395425
29,101,332.33,172.022,172.022,357.621,-0.479939
29,103,373.746,170.914,170.914,365.967,0.144244
29,120,34.7029,12.2492,12.2492,29.3321,1.24262
29,144,0.353535,0.166421,0.166421,0.394639,-0.706862
29,168,0.00429497,0.00223511,0.00223511,0.00513742,-1.11287
29,192,6.13266e-5,3.00735e-5,3.00735e-5,6.67237e-5,-0.548944
29,193,37.3738,20.9598,20.9598,38.2504,-0.155532
29,194,142.668,67.0702,67.0702,124.244,1.0064
29,197,447.17,217.855,217.855,419.337,0.450442
29,199,458.057,218.746,218.746,435.058,0.358761
29,216,35.3959,16.1182,16.1182,36.2807,-0.165514
29,240,0.524802,0.220897,0.220897,0.488553,0.503543
29,264,0.00627475,0.00299514,0.00299514,0.00632768,-0.0567623
29,288,9.54847e-5,4.04302e-5,4.04302e-5,8.15809e-5,1.15662
29,289,74.2271,43.4564,43.4564,75.4167,-0.107044
29,290,223.343,138.384,138.384,243.683,-0.56647
29,293,908.235,443.949,443.949,812.275,0.801744
29,295,864.431,446.028,446.028,841.63,0.18386
29,312,68.8933,32.8964,32.8964,70.1795,-0.12438
29,336,0.913374,0.450967,0.450967,0.956393,-0.305255
29,360,0.0126694,0.00611708,0.00611708,0.0124262,0.132782
29,384,0.000140031,8.29004e-5,8.29004e-5,0.00016126,-0.893411
29,385,48.9732,31.9375,31.9375,51.7067,-0.358781
29,386,191.42,101.918,101.918,167.434,0.972191
29,389,610.209,333.506,333.506,569.65,0.48319
29,391,623.591,340.169,340.169,600.713,0.258464
29,408,53.7217,25.8683,25.8683,52.7999,0.118476
29,432,0.818781,0.350282,0.350282,0.714643,0.988935
29,456,0.00986477,0.00472404,0.00472404,0.00929225,0.418138
29,480,0.000119587,6.37543e-5,6.37543e-5,0.000121338,-0.0978967
29,481,50.6792,28.0497,28.0497,43.7425,1.0762
29,482,156.277,89.5531,89.5531,141.714,0.697429
29,485,460.498,294.711,294.711,487.409,-0.374694
29,487,616.016,301.752,301.752,515.179,1.32834
29,504,45.1891,23.1897,23.1897,45.9329,-0.109895
29,528,0.605362,0.316245,0.316245,0.623798,-0.200579
29,552,0.00793559,0.00426435,0.00426435,0.00812094,-0.154886
29,576,0.000113353,5.73956e-5,5.73956e-5,0.000105534,0.502787
29,577,35.4636,25.899,25.899,39.2928,-0.661372
29,578,129.011,82.7039,82.7039,127.325,0.0898622
29,581,427.07,274.136,274.136,435.608,-0.13303
29,583,412.485,280.765,280.765,462.609,-0.73532
29,600,47.4392,21.5486,21.5486,41.4657,0.977665
29,624,0.54947,0.295038,0.295038,0.562849,-0.161319
29,648,0.00730994,0.00399399,0.00399399,0.00736225,-0.0482235
30,0,0,0,0,0,0
30,1,170.27,105.385,105.385,134.867,1.78145
30,2,345.777,202.663,202.663,312.369,0.725824
30,5,418.722,249.384,249.384,447.82,-0.440958
30,7,389.284,200.267,200.267,366.126,0.429255
30,24,33.9038,11.1176,11.1176,29.5949,0.988074
30,48,0.827478,0.149827,0.149827,0.794336,0.283148
30,72,0.0236961,0.00201017,0.00201017,0.0212975,0.764308
30,96,0.000552205,2.69922e-5,2.69922e-5,0.000569221,-0.202869
30,97,27.8406,16.811,16.811,31.4365,-0.776277
30,98,107.421,53.7723,53.7723,97.2246,0.711731
30,101,298.306,172.022,172.022,291.05,0.169177
30,103,302.88,170.914,170.914,274.467,0.702533
30,120,30.4799,12.2492,12.2492,24.4803,1.66324
30,144,0.768103,0.166421,0.166421,0.653917,1.18506
30,168,0.0173109,0.00223511,0.00223511,0.0174534,-0.0553965
30,192,0.000442064,3.00735e-5,3.00735e-5,0.000464984,-0.334531
30,193,45.1459,20.9598,20.9598,39.0292,1.06359
30,194,130.177,67.0702,67.0702,120.749,0.529891
30,197,316.306,217.855,217.855,361.156,-0.84278
30,199,354.73,218.746,218.746,344.269,0.206202
30,216,29.7055,16.1182,16.1182,31.0403,-0.291842
30,240,0.845017,0.220897,0.220897,0.829047,0.13073
30,264,0.0227025,0.00299514,0.00299514,0.0221323,0.174864
30,288,0.000596976,4.04302e-5,4.04302e-5,0.000589778,0.0828193
30,289,78.7868,43.4564,43.4564,78.7386,0.00415296
30,290,223.224,138.384,138.384,242.533,-0.540297
30,293,784.585,443.949,443.949,725.331,0.554413
30,295,741.97,446.028,446.028,689.441,0.517071
30,312,65.4063,32.8964,32.8964,61.696,0.408133
30,336,1.66117,0.450967,0.450967,1.63318,0.116331
30,360,0.0401655,0.00611708,0.00611708,0.0433396,-0.497032
30,384,0.000927967,8.29004e-5,8.29004e-5,0.0011497,-1.30888
30,385,55.8651,31.9375,31.9375,54.5047,0.169383
30,386,182.511,101.918,101.918,168.305,0.572808
30,389,488.368,333.506,333.506,509.462,-0.28098
30,391,506.739,340.169,340.169,490.946,0.21832
30,408,53.1014,25.8683,25.8683,44.8389,1.25055
30,432,1.12159,0.350282,0.350282,1.18835,-0.381283
30,456,0.0298429,0.00472404,0.00472404,0.0315002,-0.357051
30,480,0.000830467,6.37543e-5,6.37543e-5,0.000835245,-0.038817
30,481,43.668,28.0497,28.0497,46.3826,-0.397192
30,482,119.033,89.5531,89.5531,143.305,-1.14946
30,485,358.636,294.711,294.711,436.066,-1.20504
30,487,445.752,301.752,301.752,421.555,0.389537
30,504,36.8757,23.1897,23.1897,38.4794,-0.282836
30,528,0.950564,0.316245,0.316245,1.01301,-0.418325
30,552,0.0287072,0.00426435,0.00426435,0.0268453,0.470698
30,576,0.000629388,5.73956e-5,5.73956e-5,0.000710665,-0.77616
30,577,44.102,25.899,25.899,41.8228,0.369852
30,578,133.63,82.7039,82.7039,129.25,0.230004
30,581,293.445,274.136,274.136,394.369,-1.73675
30,583,405.674,280.765,280.765,381.991,0.42076
30,600,33.2702,21.5486,21.5486,34.9289,-0.322276
30,624,0.754974,0.295038,0.295038,0.91785,-1.20429
30,648,0.0238016,0.00399399,0.00399399,0.0240895,-0.0810887