id,time,y1,popPred_medianCOV,popPred,indivPred_SAEM,indWRes_SAEM
1,0,0,0,0,0,0
1,1,4.60348,3.58708,3.58708,4.07595,0.759181
1,2,8.30457,5.9444,5.9444,7.57877,0.561756
1,5,12.0164,5.59354,5.59354,11.3233,0.359009
1,7,10.7058,2.41568,2.41568,8.36281,1.64339
1,24,0.773449,0.00192101,0.00192101,0.63616,1.2659
1,48,0.0178217,8.08633e-8,8.08633e-8,0.0167534,0.374034
1,72,0.000439984,3.40387e-12,3.40387e-12,0.000441205,-0.0162322
1,96,1.12388e-5,1.43283e-16,1.43283e-16,1.16192e-5,-0.192031
1,97,22.7395,17.9354,17.9354,20.3798,0.679199
1,98,48.3187,29.722,29.722,37.8939,1.61373
1,101,78.0822,27.9677,27.9677,56.6167,2.22396
1,103,51.389,12.0784,12.0784,41.8141,1.34321
1,120,3.6946,0.00960504,0.00960504,3.1808,0.947519
1,144,0.0874928,4.04316e-7,4.04316e-7,0.083767,0.260897
1,168,0.00206661,1.70194e-11,1.70194e-11,0.00220602,-0.370705
1,192,5.36708e-5,7.16416e-16,7.16416e-16,5.80961e-5,-0.446815
1,193,47.7695,35.8708,35.8708,40.7596,1.00882
1,194,93.1356,59.444,59.444,75.7878,1.34269
1,197,137.4,55.9354,55.9354,113.233,1.25191
1,199,96.6724,24.1568,24.1568,83.6281,0.914946
1,216,7.01977,0.0192101,0.0192101,6.3616,0.606878
1,240,0.184787,8.08633e-7,8.08633e-7,0.167534,0.604072
1,264,0.00467566,3.40387e-11,3.40387e-11,0.00441205,0.350474
1,288,0.000116154,1.43283e-15,1.43283e-15,0.000116192,-0.00192527
1,289,93.9442,71.7417,71.7417,81.5191,0.894067
1,290,203.816,118.888,118.888,151.576,2.02165
1,293,294.803,111.871,111.871,226.467,1.77002
1,295,206.814,48.3135,48.3135,167.256,1.38732
1,312,12.2909,0.0384202,0.0384202,12.7232,-0.199321
1,336,0.386033,1.61727e-6,1.61727e-6,0.335068,0.892215
1,360,0.00888152,6.80774e-11,6.80774e-11,0.0088241,0.0381706
1,384,0.000173808,2.86566e-15,2.86566e-15,0.000232385,-1.47857
1,385,86.7783,71.7417,71.7417,81.5192,0.378424
1,386,180.511,118.888,118.888,151.576,1.11977
1,389,254.158,111.871,111.871,226.467,0.717248
1,391,176.901,48.3135,48.3135,167.256,0.338254
1,408,14.2625,0.0384202,0.0384202,12.7232,0.709657
1,432,0.349991,1.61727e-6,1.61727e-6,0.335068,0.261242
1,456,0.00870746,6.80774e-11,6.80774e-11,0.0088241,-0.0775355
2,0,0,0,0,0,0
2,1,3.97705,3.58708,3.58708,3.13765,1.56926
2,2,5.51985,5.9444,5.9444,4.67202,1.06447
2,5,3.14333,5.59354,5.59354,2.8311,0.64693
2,7,0.813364,2.41568,2.41568,0.677036,1.18115
2,24,3.99121e-6,0.00192101,0.00192101,3.54156e-6,0.744752
2,48,1.24053e-13,8.08633e-8,8.08633e-8,1.23902e-13,0.00717292
2,72,3.32092e-21,3.40387e-12,3.40387e-12,4.3347e-21,-4.56568e-6
2,96,1.31198e-28,1.43283e-16,1.43283e-16,1.5165e-28,-9.21069e-14
2,97,16.0662,17.9354,17.9354,15.6882,0.141314
2,98,30.2811,29.722,29.722,23.3601,1.73789
2,101,18.0298,27.9677,27.9677,14.1555,1.60545
2,103,4.00671,12.0784,12.0784,3.38518,1.07698
2,120,1.58322e-5,0.00960504,0.00960504,1.77078e-5,-0.621304
2,144,6.76284e-13,4.04316e-7,4.04316e-7,6.19508e-13,0.537582
2,168,1.94799e-20,1.70194e-11,1.70194e-11,2.16735e-20,-9.87913e-6
2,192,5.58164e-28,7.16416e-16,7.16416e-16,7.58248e-28,-9.01099e-13
2,193,39.3635,35.8708,35.8708,31.3765,1.49317
2,194,62.9065,59.444,59.444,46.7202,2.03222
2,197,34.4961,55.9354,55.9354,28.311,1.28151
2,199,7.80266,24.1568,24.1568,6.77036,0.894388
2,216,3.19912e-5,0.0192101,0.0192101,3.54156e-5,-0.567173
2,240,1.28818e-12,8.08633e-7,8.08633e-7,1.23902e-12,0.232776
2,264,3.42876e-20,3.40387e-11,3.40387e-11,4.3347e-20,-4.07998e-5
2,288,1.22884e-27,1.43283e-15,1.43283e-15,1.5165e-27,-1.29547e-12
2,289,79.7319,71.7417,71.7417,62.7529,1.58711
2,290,113.105,118.888,118.888,93.4405,1.23446
2,293,73.1175,111.871,111.871,56.6219,1.70889
2,295,14.3759,48.3135,48.3135,13.5407,0.361818
2,312,7.83258e-5,0.0384202,0.0384202,7.08312e-5,0.620659
2,336,2.55223e-12,1.61727e-6,1.61727e-6,2.47803e-12,0.175646
2,360,7.48673e-20,6.80774e-11,6.80774e-11,8.6694e-20,-5.32628e-5
2,384,2.50204e-27,2.86566e-15,2.86566e-15,3.03299e-27,-2.39119e-12
2,385,62.6528,71.7417,71.7417,62.7529,-0.00935382
2,386,99.5444,118.888,118.888,93.4405,0.38318
2,389,66.7507,111.871,111.871,56.6219,1.0493
2,391,15.8758,48.3135,48.3135,13.5407,1.01154
2,408,7.86043e-5,0.0384202,0.0384202,7.08312e-5,0.643724
2,432,2.32133e-12,1.61727e-6,1.61727e-6,2.47803e-12,-0.370941
2,456,6.64204e-20,6.80774e-11,6.80774e-11,8.6694e-20,-9.13043e-5
2,480,2.38348e-27,2.86566e-15,2.86566e-15,3.03299e-27,-2.92514e-12
2,481,75.8747,71.7417,71.7417,62.7529,1.22656
2,482,97.1102,118.888,118.888,93.4405,0.230373
2,485,63.33,111.871,111.871,56.6219,0.69493
2,487,17.2602,48.3135,48.3135,13.5407,1.61127
2,504,6.81882e-5,0.0384202,0.0384202,7.08312e-5,-0.218879
2,528,2.28958e-12,1.61727e-6,1.61727e-6,2.47803e-12,-0.446099
2,552,7.78497e-20,6.80774e-11,6.80774e-11,8.6694e-20,-3.98313e-5
2,576,2.09169e-27,2.86566e-15,2.86566e-15,3.03299e-27,-4.23927e-12
2,577,61.6982,71.7417,71.7417,62.7529,-0.0985913
2,578,121.963,118.888,118.888,93.4405,1.79055
2,581,73.6938,111.871,111.871,56.6219,1.76858
2,583,15.5365,48.3135,48.3135,13.5407,0.864583
2,600,7.75782e-5,0.0384202,0.0384202,7.08312e-5,0.558746
2,624,2.3601e-12,1.61727e-6,1.61727e-6,2.47803e-12,-0.279152
2,648,7.29503e-20,6.80774e-11,6.80774e-11,8.6694e-20,-6.18964e-5
3,0,0,0,0,0,0
3,1,4.05904,3.58708,3.58708,3.48949,0.957397
3,2,7.16287,5.9444,5.9444,5.64996,1.57072
3,5,5.21053,5.59354,5.59354,4.83899,0.450391
3,7,2.17921,2.41568,2.41568,1.85491,1.02552
3,24,0.000526066,0.00192101,0.00192101,0.000535375,-0.101992
3,48,5.47921e-9,8.08633e-8,8.08633e-8,5.3887e-9,0.0985206
3,72,4.56072e-14,3.40387e-12,3.40387e-12,5.42388e-14,-0.933493
3,96,5.01579e-19,1.43283e-16,1.43283e-16,5.45929e-19,-0.000199734
3,97,18.3427,17.9354,17.9354,17.4475,0.300981
3,98,31.0979,29.722,29.722,28.2498,0.591393
3,101,31.3136,27.9677,27.9677,24.1949,1.72585
3,103,12.7903,12.0784,12.0784,9.27456,2.22356
3,120,0.00278628,0.00960504,0.00960504,0.00267688,0.239747
3,144,2.27064e-8,4.04316e-7,4.04316e-7,2.69435e-8,-0.922447
3,168,2.52591e-13,1.70194e-11,1.70194e-11,2.71194e-13,-0.402386
3,192,2.32297e-18,7.16416e-16,7.16416e-16,2.72964e-18,-0.00183149
3,193,38.1483,35.8708,35.8708,34.8949,0.546879
3,194,65.533,59.444,59.444,56.4996,0.937857
3,197,51.821,55.9354,55.9354,48.3899,0.415929
3,199,22.6159,24.1568,24.1568,18.5491,1.28604
3,216,0.00590909,0.0192101,0.0192101,0.00535375,0.608459
3,240,5.0943e-8,8.08633e-7,8.08633e-7,5.3887e-8,-0.320466
3,264,6.3166e-13,3.40387e-11,3.40387e-11,5.42388e-13,0.965463
3,288,6.61143e-18,1.43283e-15,1.43283e-15,5.45929e-18,0.0051888
3,289,72.1862,71.7417,71.7417,69.7899,0.201409
3,290,124.479,118.888,118.888,112.999,0.595922
3,293,121.125,111.871,111.871,96.7797,1.47558
3,295,49.1825,48.3135,48.3135,37.0982,1.91072
3,312,0.0110924,0.0384202,0.0384202,0.0107075,0.21083
3,336,1.06898e-7,1.61727e-6,1.61727e-6,1.07774e-7,-0.0476957
3,360,1.15642e-12,6.80774e-11,6.80774e-11,1.08478e-12,0.387389
3,384,1.13037e-17,2.86566e-15,2.86566e-15,1.09186e-17,0.00173439
3,385,76.8172,71.7417,71.7417,69.7899,0.59064
3,386,143.163,118.888,118.888,112.999,1.56584
3,389,117.636,111.871,111.871,96.7797,1.26408
3,391,44.7152,48.3135,48.3135,37.0982,1.20437
3,408,0.0124779,0.0384202,0.0384202,0.0107075,0.96984
3,432,1.09868e-7,1.61727e-6,1.61727e-6,1.07774e-7,0.113957
3,456,1.05672e-12,6.80774e-11,6.80774e-11,1.08478e-12,-0.15169
3,480,1.09297e-17,2.86566e-15,2.86566e-15,1.09186e-17,5.03015e-5
3,481,73.3822,71.7417,71.7417,69.7899,0.301931
3,482,133.169,118.888,118.888,112.999,1.04701
3,485,109.522,111.871,111.871,96.7797,0.772283
3,487,47.1121,48.3135,48.3135,37.0982,1.58335
3,504,0.010932,0.0384202,0.0384202,0.0107075,0.122995
3,528,1.01615e-7,1.61727e-6,1.61727e-6,1.07774e-7,-0.335231
3,552,9.48874e-13,6.80774e-11,6.80774e-11,1.08478e-12,-0.734878
3,576,1.00594e-17,2.86566e-15,2.86566e-15,1.09186e-17,-0.0038695
3,577,88.6565,71.7417,71.7417,69.7899,1.58574
3,578,116.307,118.888,118.888,112.999,0.171697
3,581,118.875,111.871,111.871,96.7797,1.33919
3,583,42.8846,48.3135,48.3135,37.0982,0.914914
3,600,0.0127769,0.0384202,0.0384202,0.0107075,1.13366
3,624,1.23421e-7,1.61727e-6,1.61727e-6,1.07774e-7,0.851605
3,648,1.07829e-12,6.80774e-11,6.80774e-11,1.08478e-12,-0.035092
4,0,0,0,0,0,0
4,1,3.44964,3.58708,3.58708,3.52824,-0.130689
4,2,6.8357,5.9444,5.9444,5.76564,1.08865
4,5,3.89664,5.59354,5.59354,5.12649,-1.40722
4,7,2.35527,2.41568,2.41568,2.06152,0.83583
4,24,0.000881275,0.00192101,0.00192101,0.000893952,-0.0831868
4,48,1.44244e-8,8.08633e-8,8.08633e-8,1.59856e-8,-0.572849
4,72,2.78545e-13,3.40387e-12,3.40387e-12,2.85853e-13,-0.149946
4,96,4.53243e-18,1.43283e-16,1.43283e-16,5.11159e-18,-0.0026083
4,97,22.6889,17.9354,17.9354,17.6412,1.67839
4,98,34.731,29.722,29.722,28.8282,1.20108
4,101,27.1648,27.9677,27.9677,25.6324,0.350672
4,103,11.4252,12.0784,12.0784,10.3076,0.636012
4,120,0.00521857,0.00960504,0.00960504,0.00446976,0.982686
4,144,7.65183e-8,4.04316e-7,4.04316e-7,7.99279e-8,-0.250229
4,168,1.31055e-12,1.70194e-11,1.70194e-11,1.42926e-12,-0.487219
4,192,2.57672e-17,7.16416e-16,7.16416e-16,2.5558e-17,0.00094241
4,193,49.5684,35.8708,35.8708,35.2824,2.37508
4,194,57.3879,59.444,59.444,57.6564,-0.0273193
4,197,65.0569,55.9354,55.9354,51.2649,1.5781
4,199,19.5967,24.1568,24.1568,20.6152,-0.289794
4,216,0.00931115,0.0192101,0.0192101,0.00893952,0.243847
4,240,1.49726e-7,8.08633e-7,8.08633e-7,1.59856e-7,-0.371708
4,264,2.43369e-12,3.40387e-11,3.40387e-11,2.85853e-12,-0.871777
4,288,4.51158e-17,1.43283e-15,1.43283e-15,5.11159e-17,-0.027022
4,289,81.3674,71.7417,71.7417,70.5649,0.897977
4,290,125.801,118.888,118.888,115.313,0.533513
4,293,118.627,111.871,111.871,102.53,0.92092
4,295,49.0929,48.3135,48.3135,41.2304,1.11859
4,312,0.0170814,0.0384202,0.0384202,0.017879,-0.26171
4,336,3.73473e-7,1.61727e-6,1.61727e-6,3.19712e-7,0.986379
4,360,6.20933e-12,6.80774e-11,6.80774e-11,5.71705e-12,0.505087
4,384,8.522e-17,2.86566e-15,2.86566e-15,1.02232e-16,-0.0766147
4,385,82.9789,71.7417,71.7417,70.5649,1.03193
4,386,136.616,118.888,118.888,115.313,1.08366
4,389,126.327,111.871,111.871,102.53,1.36144
4,391,47.5794,48.3135,48.3135,41.2304,0.90327
4,408,0.0207289,0.0384202,0.0384202,0.017879,0.934989
4,432,3.50652e-7,1.61727e-6,1.61727e-6,3.19712e-7,0.567672
4,456,5.39464e-12,6.80774e-11,6.80774e-11,5.71705e-12,-0.330806
4,480,1.05371e-16,2.86566e-15,2.86566e-15,1.02232e-16,0.014138
4,481,84.0024,71.7417,71.7417,70.5649,1.11702
4,482,131.316,118.888,118.888,115.313,0.814067
4,485,109.301,111.871,111.871,102.53,0.387396
4,487,57.144,48.3135,48.3135,41.2304,2.26401
4,504,0.0202911,0.0384202,0.0384202,0.017879,0.791358
4,528,3.82561e-7,1.61727e-6,1.61727e-6,3.19712e-7,1.15312
4,552,5.61532e-12,6.80774e-11,6.80774e-11,5.71705e-12,-0.104377
4,576,7.67567e-17,2.86566e-15,2.86566e-15,1.02232e-16,-0.11473
4,577,69.1864,71.7417,71.7417,70.5649,-0.114593
4,578,134.898,118.888,118.888,115.313,0.996297
4,581,113.862,111.871,111.871,102.53,0.648312
4,583,41.2729,48.3135,48.3135,41.2304,0.00603729
4,600,0.0165411,0.0384202,0.0384202,0.017879,-0.438962
4,624,3.5539e-7,1.61727e-6,1.61727e-6,3.19712e-7,0.654604
4,648,5.14628e-12,6.80774e-11,6.80774e-11,5.71705e-12,-0.585624
5,0,0,0,0,0,0
5,1,4.33102,3.58708,3.58708,3.55088,1.28874
5,2,7.11688,5.9444,5.9444,5.83395,1.28994
5,5,6.18282,5.59354,5.59354,5.30167,0.974921
5,7,2.39661,2.41568,2.41568,2.1917,0.548399
5,24,0.00139414,0.00192101,0.00192101,0.00120205,0.937355
5,48,2.99086e-8,8.08633e-8,8.08633e-8,2.99473e-8,-0.0075833
5,72,8.22173e-13,3.40387e-12,3.40387e-12,7.46092e-13,0.598149
5,96,1.86459e-17,1.43283e-16,1.43283e-16,1.85878e-17,0.000261756
5,97,16.0401,17.9354,17.9354,17.7544,-0.566385
5,98,35.959,29.722,29.722,29.1698,1.36527
5,101,32.8201,27.9677,27.9677,26.5083,1.39668
5,103,14.6274,12.0784,12.0784,10.9585,1.96384
5,120,0.00690472,0.00960504,0.00960504,0.00601026,0.872964
5,144,1.25269e-7,4.04316e-7,4.04316e-7,1.49737e-7,-0.958511
5,168,3.21518e-12,1.70194e-11,1.70194e-11,3.73046e-12,-0.810227
5,192,8.60337e-17,7.16416e-16,7.16416e-16,9.29388e-17,-0.0310978
5,193,41.1876,35.8708,35.8708,35.5088,0.93811
5,194,81.4313,59.444,59.444,58.3395,2.3218
5,197,64.7716,55.9354,55.9354,53.0167,1.30057
5,199,25.452,24.1568,24.1568,21.917,0.946088
5,216,0.0136173,0.0192101,0.0192101,0.0120205,0.779216
5,240,3.02651e-7,8.08633e-7,8.08633e-7,2.99473e-7,0.0622407
5,264,6.81603e-12,3.40387e-11,3.40387e-11,7.46092e-12,-0.507019
5,288,1.66094e-16,1.43283e-15,1.43283e-15,1.85878e-16,-0.0890996
5,289,64.7429,71.7417,71.7417,71.0175,-0.518266
5,290,133.603,118.888,118.888,116.679,0.850836
5,293,114.481,111.871,111.871,106.033,0.467304
5,295,38.9933,48.3135,48.3135,43.8341,-0.647787
5,312,0.0265748,0.0384202,0.0384202,0.024041,0.618217
5,336,6.76311e-7,1.61727e-6,1.61727e-6,5.98946e-7,0.757676
5,360,1.38331e-11,6.80774e-11,6.80774e-11,1.49218e-11,-0.427982
5,384,3.24985e-16,2.86566e-15,2.86566e-15,3.71755e-16,-0.210634
5,385,90.2317,71.7417,71.7417,71.0175,1.58703
5,386,157.732,118.888,118.888,116.679,2.06384
5,389,112.598,111.871,111.871,106.033,0.363172
5,391,51.3526,48.3135,48.3135,43.8341,1.00611
5,408,0.0307819,0.0384202,0.0384202,0.024041,1.64471
5,432,5.58592e-7,1.61727e-6,1.61727e-6,5.98946e-7,-0.395208
5,456,1.44865e-11,6.80774e-11,6.80774e-11,1.49218e-11,-0.171145
5,480,3.36192e-16,2.86566e-15,2.86566e-15,3.71755e-16,-0.160165
5,481,70.0176,71.7417,71.7417,71.0175,-0.0825882
5,482,154.625,118.888,118.888,116.679,1.90765
5,485,128.401,111.871,111.871,106.033,1.23737
5,487,48.0721,48.3135,48.3135,43.8341,0.567122
5,504,0.0293195,0.0384202,0.0384202,0.024041,1.2879
5,528,6.22589e-7,1.61727e-6,1.61727e-6,5.98946e-7,0.231545
5,552,1.45203e-11,6.80774e-11,6.80774e-11,1.49218e-11,-0.157835
5,576,3.62192e-16,2.86566e-15,2.86566e-15,3.71755e-16,-0.0430683
5,577,80.188,71.7417,71.7417,71.0175,0.757453
5,578,134.178,118.888,118.888,116.679,0.879704
5,581,143.563,111.871,111.871,106.033,2.07615
5,583,54.3769,48.3135,48.3135,43.8341,1.41083
5,600,0.0268008,0.0384202,0.0384202,0.024041,0.673356
5,624,6.543e-7,1.61727e-6,1.61727e-6,5.98946e-7,0.542115
5,648,1.39257e-11,6.80774e-11,6.80774e-11,1.49218e-11,-0.391605
6,0,0,0,0,0,0
6,1,4.49976,3.58708,3.58708,3.78355,1.11039
6,2,7.20949,5.9444,5.9444,6.56881,0.572114
6,5,8.8537,5.59354,5.59354,7.45616,1.09945
6,7,4.48718,2.41568,2.41568,4.04064,0.648255
6,24,0.0198246,0.00192101,0.00192101,0.0221254,-0.609981
6,48,1.66363e-5,8.08633e-8,8.08633e-8,1.41939e-5,1.00933
6,72,9.57336e-9,3.40387e-12,3.40387e-12,9.10573e-9,0.301241
6,96,5.7023e-12,1.43283e-16,1.43283e-16,5.84153e-12,-0.139809
6,97,25.0246,17.9354,17.9354,18.9177,1.89354
6,98,42.4143,29.722,29.722,32.844,1.70921
6,101,41.1406,27.9677,27.9677,37.2808,0.607304
6,103,22.1192,12.0784,12.0784,20.2032,0.556299
6,120,0.104227,0.00960504,0.00960504,0.110627,-0.339372
6,144,7.34461e-5,4.04316e-7,4.04316e-7,7.09697e-5,0.204675
6,168,5.40954e-8,1.70194e-11,1.70194e-11,4.55287e-8,1.10372
6,192,2.88505e-11,7.16416e-16,7.16416e-16,2.92077e-11,-0.071727
6,193,37.3321,35.8708,35.8708,37.8355,-0.0780461
6,194,72.8824,59.444,59.444,65.6881,0.642439
6,197,92.6732,55.9354,55.9354,74.5616,1.42486
6,199,37.0492,24.1568,24.1568,40.4064,-0.487366
6,216,0.292158,0.0192101,0.0192101,0.221254,1.87978
6,240,0.000157384,8.08633e-7,8.08633e-7,0.000141939,0.638271
6,264,8.54449e-8,3.40387e-11,3.40387e-11,9.10573e-8,-0.361549
6,288,5.49301e-11,1.43283e-15,1.43283e-15,5.84153e-11,-0.349967
6,289,80.879,71.7417,71.7417,75.6709,0.403718
6,290,116.864,118.888,118.888,131.376,-0.647947
6,293,172.724,111.871,111.871,149.123,0.928339
6,295,89.5734,48.3135,48.3135,80.8127,0.635895
6,312,0.472718,0.0384202,0.0384202,0.442508,0.400457
6,336,0.000299312,1.61727e-6,1.61727e-6,0.000283879,0.318888
6,360,2.16958e-7,6.80774e-11,6.80774e-11,1.82115e-7,1.12228
6,384,1.14284e-10,2.86566e-15,2.86566e-15,1.16831e-10,-0.127865
6,385,84.2991,71.7417,71.7417,75.6709,0.668833
6,386,157.965,118.888,118.888,131.376,1.18717
6,389,169.121,111.871,111.871,149.123,0.786634
6,391,96.8288,48.3135,48.3135,80.8127,1.16254
6,408,0.546939,0.0384202,0.0384202,0.442508,1.38431
6,432,0.000340664,1.61727e-6,1.61727e-6,0.000283879,1.17336
6,456,1.80961e-7,6.80774e-11,6.80774e-11,1.82115e-7,-0.0371758
6,480,1.02901e-10,2.86566e-15,2.86566e-15,1.16831e-10,-0.699376
6,481,82.729,71.7417,71.7417,75.6709,0.547123
6,482,155.913,118.888,118.888,131.376,1.09553
6,485,165.505,111.871,111.871,149.123,0.644381
6,487,99.4683,48.3135,48.3135,80.8127,1.35413
6,504,0.442858,0.0384202,0.0384202,0.442508,0.00463339
6,528,0.000288865,1.61727e-6,1.61727e-6,0.000283879,0.103023
6,552,1.88198e-7,6.80774e-11,6.80774e-11,1.82115e-7,0.195928
6,576,1.2265e-10,2.86566e-15,2.86566e-15,1.16831e-10,0.2922
6,577,93.9282,71.7417,71.7417,75.6709,1.41526
6,578,167.547,118.888,118.888,131.376,1.615
6,581,178.516,111.871,111.871,149.123,1.15619
6,583,96.3463,48.3135,48.3135,80.8127,1.12752
6,600,0.529785,0.0384202,0.0384202,0.442508,1.15692
6,624,0.000250298,1.61727e-6,1.61727e-6,0.000283879,-0.693897
6,648,1.79256e-7,6.80774e-11,6.80774e-11,1.82115e-7,-0.0920813
7,0,0,0,0,0,0
7,1,3.71067,3.58708,3.58708,3.57829,0.217018
7,2,7.41337,5.9444,5.9444,5.91743,1.48289
7,5,6.5779,5.59354,5.59354,5.52128,1.12255
7,7,2.80655,2.41568,2.41568,2.35942,1.11165
7,24,0.00194521,0.00192101,0.00192101,0.00171515,0.786818
7,48,6.04997e-8,8.08633e-8,8.08633e-8,6.36024e-8,-0.286151
7,72,1.8692e-12,3.40387e-12,3.40387e-12,2.35855e-12,-1.21705
7,96,7.51301e-17,1.43283e-16,1.43283e-16,8.74618e-17,-0.0555369
7,97,23.3914,17.9354,17.9354,17.8914,1.8032
7,98,38.4971,29.722,29.722,29.5872,1.76644
7,101,34.9546,27.9677,27.9677,27.6064,1.56134
7,103,13.7568,12.0784,12.0784,11.7971,0.97445
7,120,0.00948829,0.00960504,0.00960504,0.00857574,0.624186
7,144,2.98451e-7,4.04316e-7,4.04316e-7,3.18012e-7,-0.360808
7,168,1.21554e-11,1.70194e-11,1.70194e-11,1.17928e-11,0.180353
7,192,3.33061e-16,7.16416e-16,7.16416e-16,4.37309e-16,-0.469488
7,193,43.2588,35.8708,35.8708,35.7829,1.22552
7,194,65.8999,59.444,59.444,59.1743,0.666697
7,197,62.9141,55.9354,55.9354,55.2128,0.818179
7,199,21.4462,24.1568,24.1568,23.5942,-0.534019
7,216,0.022848,0.0192101,0.0192101,0.0171515,1.94821
7,240,6.71728e-7,8.08633e-7,8.08633e-7,6.36024e-7,0.329281
7,264,2.5008e-11,3.40387e-11,3.40387e-11,2.35855e-11,0.353761
7,288,7.31867e-16,1.43283e-15,1.43283e-15,8.74618e-16,-0.642891
7,289,104.297,89.6771,89.6771,89.4572,0.973072
7,290,180.525,148.61,148.61,147.936,1.29219
7,293,144.335,139.839,139.839,138.032,0.267848
7,295,65.1534,60.3919,60.3919,58.9854,0.613376
7,312,0.0508293,0.0480252,0.0480252,0.0428787,1.08765
7,336,1.74732e-6,2.02158e-6,2.02158e-6,1.59006e-6,0.580149
7,360,5.91014e-11,8.50968e-11,8.50968e-11,5.89639e-11,0.013684
8,0,0,0,0,0,0
8,1,3.53953,3.58708,3.58708,3.20562,0.610997
8,2,5.20057,5.9444,5.9444,4.85098,0.42272
8,5,3.55276,5.59354,5.59354,3.14583,0.758786
8,7,0.846207,2.41568,2.41568,0.828764,0.123457
8,24,9.13409e-6,0.00192101,0.00192101,9.87064e-6,-0.437711
8,48,8.53726e-13,8.08633e-8,8.08633e-8,1.1033e-12,-1.3269
8,72,1.02103e-19,3.40387e-12,3.40387e-12,1.23323e-19,-9.55665e-5
8,96,1.0724e-26,1.43283e-16,1.43283e-16,1.37846e-26,-1.37839e-11
8,97,19.1395,17.9354,17.9354,16.0281,1.13868
8,98,34.4176,29.722,29.722,24.2549,2.45775
8,101,17.0222,27.9677,27.9677,15.7291,0.482203
8,103,5.7821,12.0784,12.0784,4.14382,2.31908
8,120,5.59609e-5,0.00960504,0.00960504,4.93532e-5,0.785349
8,144,4.76006e-12,4.04316e-7,4.04316e-7,5.51651e-12,-0.804356
8,168,5.76137e-19,1.70194e-11,1.70194e-11,6.16615e-19,-0.000182298
8,192,5.89608e-26,7.16416e-16,7.16416e-16,6.8923e-26,-4.48654e-11
8,193,44.2724,35.8708,35.8708,32.0562,2.23538
8,194,51.8356,59.444,59.444,48.5098,0.40215
8,197,42.8133,55.9354,55.9354,31.4583,2.1173
8,199,9.9007,24.1568,24.1568,8.28764,1.14169
8,216,9.754e-5,0.0192101,0.0192101,9.87064e-5,-0.0693139
8,240,1.00575e-11,8.08633e-7,8.08633e-7,1.1033e-11,-0.51867
8,264,1.06446e-18,3.40387e-11,3.40387e-11,1.23323e-18,-0.000760097
8,288,1.15751e-25,1.43283e-15,1.43283e-15,1.37846e-25,-9.95064e-11
8,289,91.8652,89.6771,89.6771,80.1406,0.858177
8,290,152.785,148.61,148.61,121.275,1.5241
8,293,90.6415,139.839,139.839,78.6457,0.894712
8,295,29.1021,60.3919,60.3919,20.7191,2.37333
8,312,0.000303386,0.0480252,0.0480252,0.000246766,1.34591
8,336,2.97951e-11,2.02158e-6,2.02158e-6,2.75826e-11,0.470522
8,360,2.52924e-18,8.50968e-11,8.50968e-11,3.08308e-18,-0.00249425
8,384,2.52282e-25,3.58208e-15,3.58208e-15,3.44615e-25,-4.15832e-10
8,385,91.3103,89.6771,89.6771,80.1406,0.817559
8,386,135.808,148.61,148.61,121.275,0.702934
8,389,92.1311,139.839,139.839,78.6457,1.00581
8,391,25.8617,60.3919,60.3919,20.7191,1.45595
8,408,0.000298106,0.0480252,0.0480252,0.000246766,1.2204
8,432,2.88637e-11,2.02158e-6,2.02158e-6,2.75826e-11,0.272452
8,456,2.49613e-18,8.50968e-11,8.50968e-11,3.08308e-18,-0.00264336
8,480,3.03126e-25,3.58208e-15,3.58208e-15,3.44615e-25,-1.8685e-10
8,481,107.925,89.6771,89.6771,80.1406,2.03364
8,482,124.218,148.61,148.61,121.275,0.142372
8,485,83.7308,139.839,139.839,78.6457,0.379276
8,487,21.7076,60.3919,60.3919,20.7191,0.279864
8,504,0.00027324,0.0480252,0.0480252,0.000246766,0.62931
8,528,2.25429e-11,2.02158e-6,2.02158e-6,2.75826e-11,-1.07175
8,552,2.49042e-18,8.50968e-11,8.50968e-11,3.08308e-18,-0.00266908
8,576,2.57298e-25,3.58208e-15,3.58208e-15,3.44615e-25,-3.93238e-10
8,577,93.5518,89.6771,89.6771,80.1406,0.981626
8,578,140.392,148.61,148.61,121.275,0.924699
8,581,102.592,139.839,139.839,78.6457,1.78607
8,583,23.3285,60.3919,60.3919,20.7191,0.73874
8,600,0.000305279,0.0480252,0.0480252,0.000246766,1.39091
8,624,2.90348e-11,2.02158e-6,2.02158e-6,2.75826e-11,0.308835
8,648,3.12131e-18,8.50968e-11,8.50968e-11,3.08308e-18,0.000172168
9,0,0,0,0,0,0
9,1,3.38729,3.58708,3.58708,3.31755,0.123312
9,2,5.80331,5.9444,5.9444,5.15595,0.736484
9,5,4.00365,5.59354,5.59354,3.73449,0.422775
9,7,1.26881,2.41568,2.41568,1.14677,0.624252
9,24,5.56699e-5,0.00192101,0.00192101,5.02399e-5,0.633985
9,48,3.22289e-11,8.08633e-8,8.08633e-8,3.53164e-11,-0.512813
9,72,2.33469e-17,3.40387e-12,3.40387e-12,2.48258e-17,-0.0066605
9,96,1.51724e-23,1.43283e-16,1.43283e-16,1.74514e-23,-1.0264e-8
9,97,18.0481,17.9354,17.9354,16.5878,0.516413
9,98,30.7366,29.722,29.722,25.7798,1.12786
9,101,24.5427,27.9677,27.9677,18.6724,1.84409
9,103,6.17322,12.0784,12.0784,5.73384,0.449497
9,120,0.000304055,0.00960504,0.00960504,0.0002512,1.23425
9,144,1.6489e-10,4.04316e-7,4.04316e-7,1.76582e-10,-0.388375
9,168,9.35565e-17,1.70194e-11,1.70194e-11,1.24129e-16,-0.137687
9,192,7.56144e-23,7.16416e-16,7.16416e-16,8.72572e-23,-5.24343e-8
9,193,38.6616,35.8708,35.8708,33.1755,0.970002
9,194,80.3465,59.444,59.444,51.5595,3.27504
9,197,42.3644,55.9354,55.9354,37.3449,0.788429
9,199,11.515,24.1568,24.1568,11.4677,0.0242072
9,216,0.000485271,0.0192101,0.0192101,0.000502399,-0.199977
9,240,3.51252e-10,8.08633e-7,8.08633e-7,3.53164e-10,-0.0317505
9,264,2.48458e-16,3.40387e-11,3.40387e-11,2.48258e-16,0.000900276
9,288,1.40299e-22,1.43283e-15,1.43283e-15,1.74514e-22,-1.54094e-7
9,289,97.5164,89.6771,89.6771,82.9388,1.031
9,290,140.829,148.61,148.61,128.899,0.542923
9,293,102.018,139.839,139.839,93.3622,0.543859
9,295,38.9913,60.3919,60.3919,28.6692,2.11196
9,312,0.00120722,0.0480252,0.0480252,0.001256,-0.227781
9,336,8.71291e-10,2.02158e-6,2.02158e-6,8.8291e-10,-0.0771899
9,360,6.30116e-16,8.50968e-11,8.50968e-11,6.20646e-16,0.0426509
9,384,3.13368e-22,3.58208e-15,3.58208e-15,4.36286e-22,-5.53571e-7
9,385,95.3047,89.6771,89.6771,82.9388,0.874577
9,386,153.342,148.61,148.61,128.899,1.11234
9,389,100.037,139.839,139.839,93.3622,0.419377
9,391,32.7479,60.3919,60.3919,28.6692,0.83452
9,408,0.00156082,0.0480252,0.0480252,0.001256,1.42358
9,432,9.49937e-10,2.02158e-6,2.02158e-6,8.8291e-10,0.44531
9,456,5.67825e-16,8.50968e-11,8.50968e-11,6.20646e-16,-0.237885
9,480,2.90694e-22,3.58208e-15,3.58208e-15,4.36286e-22,-6.55688e-7
9,481,87.6289,89.6771,89.6771,82.9388,0.331707
9,482,158.849,148.61,148.61,128.899,1.36297
9,485,103.837,139.839,139.839,93.3622,0.65812
9,487,28.845,60.3919,60.3919,28.6692,0.0359726
9,504,0.00150723,0.0480252,0.0480252,0.001256,1.17332
9,528,8.755e-10,2.02158e-6,2.02158e-6,8.8291e-10,-0.0492292
9,552,5.64197e-16,8.50968e-11,8.50968e-11,6.20646e-16,-0.254224
9,576,4.05929e-22,3.58208e-15,3.58208e-15,4.36286e-22,-1.36717e-7
9,577,94.1423,89.6771,89.6771,82.9388,0.792362
9,578,127.631,148.61,148.61,128.899,-0.0576876
9,581,106.524,139.839,139.839,93.3622,0.826948
9,583,35.4197,60.3919,60.3919,28.6692,1.38119
9,600,0.00148751,0.0480252,0.0480252,0.001256,1.08123
9,624,8.5047e-10,2.02158e-6,2.02158e-6,8.8291e-10,-0.21552
9,648,4.92708e-16,8.50968e-11,8.50968e-11,6.20646e-16,-0.576181
10,0,0,0,0,0,0
10,1,4.2067,3.58708,3.58708,3.90487,0.453405
10,2,9.05031,5.9444,5.9444,6.97597,1.74423
10,5,9.34484,5.59354,5.59354,8.88012,0.306975
10,7,6.29544,2.41568,2.41568,5.49281,0.857134
10,24,0.107549,0.00192101,0.00192101,0.0925738,0.94891
10,48,0.000304645,8.08633e-8,8.08633e-8,0.0002904,0.287724
10,72,7.66727e-7,3.40387e-12,3.40387e-12,9.10973e-7,-0.928812
10,96,2.26518e-9,1.43283e-16,1.43283e-16,2.85769e-9,-1.21622
10,97,23.4547,17.9354,17.9354,19.5243,1.18084
10,98,32.2117,29.722,29.722,34.8798,-0.448712
10,101,54.0688,27.9677,27.9677,44.4006,1.27727
10,103,33.2284,12.0784,12.0784,27.464,1.23116
10,120,0.567452,0.00960504,0.00960504,0.462869,1.32535
10,144,0.0016271,4.04316e-7,4.04316e-7,0.001452,0.707355
10,168,4.06296e-6,1.70194e-11,1.70194e-11,4.55487e-6,-0.633487
10,192,1.39768e-8,7.16416e-16,7.16416e-16,1.42884e-8,-0.127916
10,193,43.7028,35.8708,35.8708,39.0487,0.699137
10,194,85.9847,59.444,59.444,69.7597,1.3643
10,197,97.8962,55.9354,55.9354,88.8012,0.600778
10,199,64.0527,24.1568,24.1568,54.9281,0.974426
10,216,1.01066,0.0192101,0.0192101,0.925738,0.538126
10,240,0.00325996,8.08633e-7,8.08633e-7,0.002904,0.719005
10,264,1.02945e-5,3.40387e-11,3.40387e-11,9.10973e-6,0.762892
10,288,2.0118e-8,1.43283e-15,1.43283e-15,2.85769e-8,-1.73631
10,289,106.357,89.6771,89.6771,97.6217,0.52488
10,290,213.623,148.61,148.61,174.399,1.31928
10,293,224.781,139.839,139.839,222.003,0.073412
10,295,157.062,60.3919,60.3919,137.32,0.843306
10,312,2.95694,0.0480252,0.0480252,2.31435,1.6287
10,336,0.00765218,2.02158e-6,2.02158e-6,0.00726001,0.316862
10,360,2.27736e-5,8.50968e-11,8.50968e-11,2.27743e-5,-0.000178925
10,384,6.62792e-8,3.58208e-15,3.58208e-15,7.14421e-8,-0.423908
10,385,125.833,89.6771,89.6771,97.6217,1.69512
10,386,195.867,148.61,148.61,174.399,0.722056
10,389,270.145,139.839,139.839,222.003,1.27203
10,391,164.854,60.3919,60.3919,137.32,1.17616
10,408,2.62013,0.0480252,0.0480252,2.31435,0.775016
10,432,0.00858035,2.02158e-6,2.02158e-6,0.00726001,1.06679
10,456,2.24227e-5,8.50968e-11,8.50968e-11,2.27743e-5,-0.0905691
10,480,7.08593e-8,3.58208e-15,3.58208e-15,7.14421e-8,-0.0478527
10,481,91.9334,89.6771,89.6771,97.6217,-0.341794
10,482,195.847,148.61,148.61,174.399,0.7214
10,485,207.78,139.839,139.839,222.003,-0.375804
10,487,163.361,60.3919,60.3919,137.32,1.11236
10,504,2.95469,0.0480252,0.0480252,2.31435,1.62298
10,528,0.00797634,2.02158e-6,2.02158e-6,0.00726001,0.578776
10,552,2.51305e-5,8.50968e-11,8.50968e-11,2.27743e-5,0.606874
10,576,6.85303e-8,3.58208e-15,3.58208e-15,7.14421e-8,-0.239075
10,577,106.943,89.6771,89.6771,97.6217,0.560094
10,578,192.151,148.61,148.61,174.399,0.597059
10,581,276.276,139.839,139.839,222.003,1.43401
10,583,158.16,60.3919,60.3919,137.32,0.8902
10,600,2.67908,0.0480252,0.0480252,2.31435,0.92445
10,624,0.00829275,2.02158e-6,2.02158e-6,0.00726001,0.834419
10,648,2.09239e-5,8.50968e-11,8.50968e-11,2.27743e-5,-0.476608
11,0,0,0,0,0,0
11,1,4.17883,3.58708,3.58708,3.46917,1.19991
11,2,6.02736,5.9444,5.9444,5.58994,0.459008
11,5,6.14667,5.59354,5.59354,4.69427,1.81487
11,7,2.25487,2.41568,2.41568,1.75429,1.67379
11,24,0.00051973,0.00192101,0.00192101,0.000407976,1.60679
11,48,3.18674e-9,8.08633e-8,8.08633e-8,3.02715e-9,0.309252
11,72,2.41063e-14,3.40387e-12,3.40387e-12,2.24612e-14,0.429638
11,96,1.54687e-19,1.43283e-16,1.43283e-16,1.6666e-19,-5.39238e-5
11,97,19.9432,17.9354,17.9354,17.3459,0.878324
11,98,33.0191,29.722,29.722,27.9497,1.06393
11,101,29.5876,27.9677,27.9677,23.4714,1.52853
11,103,11.3426,12.0784,12.0784,8.77146,1.71946
11,120,0.00183209,0.00960504,0.00960504,0.00203988,-0.597511
11,144,1.56084e-8,4.04316e-7,4.04316e-7,1.51357e-8,0.183162
11,168,1.19255e-13,1.70194e-11,1.70194e-11,1.12306e-13,0.362964
11,192,8.17652e-19,7.16416e-16,7.16416e-16,8.333e-19,-7.04722e-5
11,193,36.7365,35.8708,35.8708,34.6917,0.345742
11,194,80.7381,59.444,59.444,55.8994,2.60646
11,197,39.8878,55.9354,55.9354,46.9427,-0.881559
11,199,22.9489,24.1568,24.1568,17.5429,1.80762
11,216,0.00379041,0.0192101,0.0192101,0.00407976,-0.416018
11,240,2.85301e-8,8.08633e-7,8.08633e-7,3.02715e-8,-0.337424
11,264,1.98255e-13,3.40387e-11,3.40387e-11,2.24612e-13,-0.688309
11,288,1.61218e-18,1.43283e-15,1.43283e-15,1.6666e-18,-0.000245088
11,289,87.472,89.6771,89.6771,86.7294,0.0502257
11,290,140.884,148.61,148.61,139.749,0.047663
11,293,121.239,139.839,139.839,117.357,0.194057
11,295,55.2368,60.3919,60.3919,43.8573,1.52199
11,312,0.00939262,0.0480252,0.0480252,0.0101994,-0.463986
11,336,8.71894e-8,2.02158e-6,2.02158e-6,7.56787e-8,0.892193
11,360,5.74182e-13,8.50968e-11,8.50968e-11,5.61529e-13,0.13217
11,384,4.00128e-18,3.58208e-15,3.58208e-15,4.1665e-18,-0.000744097
11,385,87.2635,89.6771,89.6771,86.7294,0.036124
11,386,163.831,148.61,148.61,139.749,1.01085
11,389,144.913,139.839,139.839,117.357,1.37733
11,391,47.8336,60.3919,60.3919,43.8573,0.531827
11,408,0.0124951,0.0480252,0.0480252,0.0101994,1.32029
11,432,7.34221e-8,2.02158e-6,2.02158e-6,7.56787e-8,-0.174906
11,456,5.20189e-13,8.50968e-11,8.50968e-11,5.61529e-13,-0.431847
11,480,3.67608e-18,3.58208e-15,3.58208e-15,4.1665e-18,-0.00220867
11,481,84.0363,89.6771,89.6771,86.7294,-0.182144
11,482,141.399,148.61,148.61,139.749,0.0692804
11,485,158.334,139.839,139.839,117.357,2.04816
11,487,48.7622,60.3919,60.3919,43.8573,0.656025
11,504,0.0107992,0.0480252,0.0480252,0.0101994,0.344951
11,528,7.84107e-8,2.02158e-6,2.02158e-6,7.56787e-8,0.211759
11,552,5.87213e-13,8.50968e-11,8.50968e-11,5.61529e-13,0.268297
11,576,4.33376e-18,3.58208e-15,3.58208e-15,4.1665e-18,0.00075327
11,577,106.338,89.6771,89.6771,86.7294,1.32623
11,578,155.824,148.61,148.61,139.749,0.674759
11,581,160.531,139.839,139.839,117.357,2.15798
11,583,50.2023,60.3919,60.3919,43.8573,0.848636
11,600,0.00844486,0.0480252,0.0480252,0.0101994,-1.00906
11,624,7.51906e-8,2.02158e-6,2.02158e-6,7.56787e-8,-0.0378289
11,648,5.34377e-13,8.50968e-11,8.50968e-11,5.61529e-13,-0.283643
12,0,0,0,0,0,0
12,1,4.34997,3.58708,3.58708,3.47733,1.47202
12,2,7.12739,5.9444,5.9444,5.61399,1.58129
12,5,6.1821,5.59354,5.59354,4.7519,1.76546
12,7,2.13468,2.41568,2.41568,1.79408,1.11359
12,24,0.000520805,0.00192101,0.00192101,0.00045513,0.846429
12,48,4.08048e-9,8.08633e-8,8.08633e-8,3.81806e-9,0.403161
12,72,2.81153e-14,3.40387e-12,3.40387e-12,3.20295e-14,-0.71684
12,96,2.3459e-19,1.43283e-16,1.43283e-16,2.68694e-19,-0.000153591
12,97,20.6876,17.9354,17.9354,17.3867,1.11366
12,98,32.2029,29.722,29.722,28.0699,0.863662
12,101,27.2424,27.9677,27.9677,23.7595,0.859879
12,103,9.94479,12.0784,12.0784,8.97042,0.637149
12,120,0.00249369,0.00960504,0.00960504,0.00227565,0.562032
12,144,2.09943e-8,4.04316e-7,4.04316e-7,1.90903e-8,0.585047
12,168,1.60375e-13,1.70194e-11,1.70194e-11,1.60148e-13,0.00833316
12,192,1.23443e-18,7.16416e-16,7.16416e-16,1.34347e-18,-0.000491088
12,193,42.877,35.8708,35.8708,34.7733,1.36699
12,194,71.7926,59.444,59.444,56.1399,1.63549
12,197,56.7736,55.9354,55.9354,47.519,1.14241
12,199,22.5202,24.1568,24.1568,17.9408,1.49723
12,216,0.00543231,0.0192101,0.0192101,0.0045513,1.13546
12,240,4.01571e-8,8.08633e-7,8.08633e-7,3.81806e-8,0.303656
12,264,3.32837e-13,3.40387e-11,3.40387e-11,3.20295e-13,0.229687
12,288,2.1364e-18,1.43283e-15,1.43283e-15,2.68694e-18,-0.0024794
12,289,89.0144,89.6771,89.6771,86.9334,0.140418
12,290,140.463,148.61,148.61,140.35,0.00474971
12,293,124.211,139.839,139.839,118.797,0.267297
12,295,53.7637,60.3919,60.3919,44.8521,1.16547
12,312,0.0120314,0.0480252,0.0480252,0.0113783,0.336713
12,336,1.10711e-7,2.02158e-6,2.02158e-6,9.54516e-8,0.937736
12,360,7.25667e-13,8.50968e-11,8.50968e-11,8.00738e-13,-0.54994
12,384,5.57471e-18,3.58208e-15,3.58208e-15,6.71735e-18,-0.00514602
12,385,107.19,89.6771,89.6771,86.9334,1.36679
12,386,163.589,148.61,148.61,140.35,0.971274
12,389,107.928,139.839,139.839,118.797,-0.536691
12,391,43.3026,60.3919,60.3919,44.8521,-0.202646
12,408,0.0112397,0.0480252,0.0480252,0.0113783,-0.0714432
12,432,9.51246e-8,2.02158e-6,2.02158e-6,9.54516e-8,-0.0200928
12,456,7.35262e-13,8.50968e-11,8.50968e-11,8.00738e-13,-0.479651
12,480,6.71795e-18,3.58208e-15,3.58208e-15,6.71735e-18,2.69794e-6
12,481,109.699,89.6771,89.6771,86.9334,1.53611
12,482,139.232,148.61,148.61,140.35,-0.0467309
12,485,131.198,139.839,139.839,118.797,0.612312
12,487,51.2901,60.3919,60.3919,44.8521,0.841972
12,504,0.0126335,0.0480252,0.0480252,0.0113783,0.64714
12,528,1.01535e-7,2.02158e-6,2.02158e-6,9.54516e-8,0.373838
12,552,6.69422e-13,8.50968e-11,8.50968e-11,8.00738e-13,-0.961961
12,576,5.79266e-18,3.58208e-15,3.58208e-15,6.71735e-18,-0.00416444
12,577,109.045,89.6771,89.6771,86.9334,1.492
12,578,141.961,148.61,148.61,140.35,0.0673428
12,581,131.864,139.839,139.839,118.797,0.645183
12,583,57.455,60.3919,60.3919,44.8521,1.64823
12,600,0.0110306,0.0480252,0.0480252,0.0113783,-0.179229
12,624,1.04787e-7,2.02158e-6,2.02158e-6,9.54516e-8,0.573704
12,648,7.31053e-13,8.50968e-11,8.50968e-11,8.00738e-13,-0.510482
13,0,0,0,0,0,0
13,1,4.18823,3.58708,3.58708,3.14719,1.94033
13,2,5.60637,5.9444,5.9444,4.69686,1.13586
13,5,3.32926,5.59354,5.59354,2.87347,0.930444
13,7,0.878452,2.41568,2.41568,0.696694,1.53031
13,24,5.04157e-6,0.00192101,0.00192101,4.09678e-6,1.35275
13,48,1.71448e-13,8.08633e-8,8.08633e-8,1.6907e-13,0.0824903
13,72,7.45482e-21,3.40387e-12,3.40387e-12,6.97737e-21,2.15022e-6
13,96,2.86054e-28,1.43283e-16,1.43283e-16,2.87949e-28,-8.53681e-15
13,97,18.4221,17.9354,17.9354,15.7359,1.0013
13,98,28.9784,29.722,29.722,23.4843,1.37228
13,101,17.5004,27.9677,27.9677,14.3674,1.27916
13,103,3.36858,12.0784,12.0784,3.48347,-0.193466
13,120,2.33795e-5,0.00960504,0.00960504,2.04839e-5,0.829173
13,144,7.73007e-13,4.04316e-7,4.04316e-7,8.45352e-13,-0.501991
13,168,3.17632e-20,1.70194e-11,1.70194e-11,3.48869e-20,-1.40677e-5
13,192,1.34674e-27,7.16416e-16,7.16416e-16,1.43975e-27,-4.1887e-13
13,193,42.5657,35.8708,35.8708,31.4719,2.0677
13,194,55.5593,59.444,59.444,46.9686,1.07288
13,197,36.9418,55.9354,55.9354,28.7347,1.67537
13,199,6.64965,24.1568,24.1568,6.96694,-0.267146
13,216,4.80559e-5,0.0192101,0.0192101,4.09678e-5,1.01487
13,240,1.65978e-12,8.08633e-7,8.08633e-7,1.6907e-12,-0.107278
13,264,6.69409e-20,3.40387e-11,3.40387e-11,6.97737e-20,-1.2758e-5
13,288,2.87877e-27,1.43283e-15,1.43283e-15,2.87949e-27,-3.24267e-15
13,289,108.029,107.613,107.613,94.4156,0.845788
13,290,139.753,178.332,178.332,140.906,-0.0479831
13,293,103.206,167.806,167.806,86.2042,1.15688
13,295,20.7997,72.4703,72.4703,20.9008,-0.0283753
13,312,0.000123332,0.0576303,0.0576303,0.000122903,0.0204694
13,336,4.48522e-12,2.4259e-6,2.4259e-6,5.07211e-12,-0.678735
13,360,1.947e-19,1.02116e-10,1.02116e-10,2.09321e-19,-6.58462e-5
13,384,7.01144e-27,4.29849e-15,4.29849e-15,8.63848e-27,-7.32755e-12
13,385,107.038,107.613,107.613,94.4156,0.784194
13,386,133.165,178.332,178.332,140.906,-0.322241
13,389,103.932,167.806,167.806,86.2042,1.20629
13,391,27.0341,72.4703,72.4703,20.9008,1.72131
13,408,0.000138606,0.0576303,0.0576303,0.000122903,0.74942
13,432,5.81816e-12,2.4259e-6,2.4259e-6,5.07211e-12,0.862798
13,456,2.22944e-19,1.02116e-10,1.02116e-10,2.09321e-19,6.13499e-5
13,480,6.88508e-27,4.29849e-15,4.29849e-15,8.63848e-27,-7.89664e-12
13,481,108.305,107.613,107.613,94.4156,0.862904
13,482,177.922,178.332,178.332,140.906,1.54095
13,485,99.9993,167.806,167.806,86.2042,0.938703
13,487,24.4606,72.4703,72.4703,20.9008,0.999042
13,504,0.000129582,0.0576303,0.0576303,0.000122903,0.318726
13,528,4.72452e-12,2.4259e-6,2.4259e-6,5.07211e-12,-0.401984
13,552,2.02234e-19,1.02116e-10,1.02116e-10,2.09321e-19,-3.1918e-5
13,576,7.73342e-27,4.29849e-15,4.29849e-15,8.63848e-27,-4.07604e-12
13,577,117.089,107.613,107.613,94.4156,1.40867
13,578,174.548,178.332,178.332,140.906,1.4005
13,581,85.5842,167.806,167.806,86.2042,-0.0421825
13,583,21.5131,72.4703,72.4703,20.9008,0.171824
13,600,0.000134783,0.0576303,0.0576303,0.000122903,0.566998
13,624,4.89428e-12,2.4259e-6,2.4259e-6,5.07211e-12,-0.205662
13,648,1.98509e-19,1.02116e-10,1.02116e-10,2.09321e-19,-4.86941e-5
14,0,0,0,0,0,0
14,1,3.65048,3.58708,3.58708,3.89462,-0.367699
14,2,8.01369,5.9444,5.9444,6.94093,0.906599
14,5,11.9358,5.59354,5.59354,8.75065,2.13511
14,7,5.51279,2.41568,2.41568,5.35375,0.174251
14,24,0.0951077,0.00192101,0.00192101,0.0822069,0.920524
14,48,0.000276957,8.08633e-8,8.08633e-8,0.000226111,1.31906
14,72,7.49753e-7,3.40387e-12,3.40387e-12,6.21918e-7,1.20572
14,96,1.26116e-9,1.43283e-16,1.43283e-16,1.71059e-9,-1.54116
14,97,26.0723,17.9354,17.9354,19.4731,1.98786
14,98,40.7681,29.722,29.722,34.7046,1.02485
14,101,51.417,27.9677,27.9677,43.7533,1.02745
14,103,29.7515,12.0784,12.0784,26.7688,0.653618
14,120,0.459497,0.00960504,0.00960504,0.411035,0.691597
14,144,0.00110815,4.04316e-7,4.04316e-7,0.00113055,-0.116239
14,168,2.6639e-6,1.70194e-11,1.70194e-11,3.10959e-6,-0.840725
14,192,8.04606e-9,7.16416e-16,7.16416e-16,8.55294e-9,-0.347629
14,193,46.9251,35.8708,35.8708,38.9462,1.20174
14,194,73.9171,59.444,59.444,69.4093,0.380965
14,197,97.2208,55.9354,55.9354,87.5065,0.651174
14,199,73.7191,24.1568,24.1568,53.5375,2.2112
14,216,0.79439,0.0192101,0.0192101,0.822069,-0.197504
14,240,0.00232373,8.08633e-7,8.08633e-7,0.00226111,0.162471
14,264,6.10528e-6,3.40387e-11,3.40387e-11,6.21918e-6,-0.107425
14,288,1.46319e-8,1.43283e-15,1.43283e-15,1.71059e-8,-0.848356
14,289,149.592,107.613,107.613,116.839,1.64436
14,290,230.601,178.332,178.332,208.228,0.630259
14,293,282.289,167.806,167.806,262.52,0.441723
14,295,202.83,72.4703,72.4703,160.613,1.54183
14,312,2.84127,0.0576303,0.0576303,2.46621,0.892075
14,336,0.00724445,2.4259e-6,2.4259e-6,0.00678332,0.398762
14,360,2.05637e-5,1.02116e-10,1.02116e-10,1.86575e-5,0.599286
15,0,0,0,0,0,0
15,1,4.32758,3.58708,3.58708,3.46052,1.46973
15,2,6.69283,5.9444,5.9444,5.56452,1.18941
15,5,6.20868,5.59354,5.59354,4.63388,1.99348
15,7,1.93359,2.41568,2.41568,1.71297,0.755454
15,24,0.000466695,0.00192101,0.00192101,0.000363165,1.6722
15,48,2.49278e-9,8.08633e-8,8.08633e-8,2.36472e-9,0.317646
15,72,1.64118e-14,3.40387e-12,3.40387e-12,1.53977e-14,0.386321
15,96,9.80461e-20,1.43283e-16,1.43283e-16,1.00261e-19,-9.97427e-6
15,97,19.3135,17.9354,17.9354,17.3026,0.681731
15,98,35.7088,29.722,29.722,27.8226,1.66265
15,101,25.6656,27.9677,27.9677,23.1694,0.631976
15,103,9.61007,12.0784,12.0784,8.56487,0.715832
15,120,0.00177597,0.00960504,0.00960504,0.00181583,-0.128747
15,144,1.23296e-8,4.04316e-7,4.04316e-7,1.18236e-8,0.251047
15,168,8.12956e-14,1.70194e-11,1.70194e-11,7.69884e-14,0.328168
15,192,4.29455e-19,7.16416e-16,7.16416e-16,5.01304e-19,-0.000323581
15,193,43.0033,35.8708,35.8708,34.6052,1.42354
15,194,72.429,59.444,59.444,55.6452,1.76927
15,197,49.5263,55.9354,55.9354,46.3388,0.403492
15,199,19.6377,24.1568,24.1568,17.1297,0.858832
15,216,0.00376023,0.0192101,0.0192101,0.00363165,0.207674
15,240,2.65079e-8,8.08633e-7,8.08633e-7,2.36472e-8,0.709599
15,264,1.35019e-13,3.40387e-11,3.40387e-11,1.53977e-13,-0.722216
15,288,9.61164e-19,1.43283e-15,1.43283e-15,1.00261e-18,-0.000186648
15,289,124.353,107.613,107.613,103.816,1.16039
15,290,155.956,178.332,178.332,166.935,-0.385798
15,293,155.636,167.806,167.806,139.016,0.701279
15,295,52.6011,72.4703,72.4703,51.3892,0.138336
15,312,0.0137536,0.0576303,0.0576303,0.010895,1.53908
15,336,6.37836e-8,2.4259e-6,2.4259e-6,7.09416e-8,-0.591861
15,360,4.8053e-13,1.02116e-10,1.02116e-10,4.61931e-13,0.236189
15,384,3.02314e-18,4.29849e-15,4.29849e-15,3.00782e-18,6.89616e-5
15,385,134.006,107.613,107.613,103.816,1.70581
15,386,210.996,178.332,178.332,166.935,1.54822
15,389,171.262,167.806,167.806,139.016,1.36062
15,391,57.888,72.4703,72.4703,51.3892,0.741805
15,408,0.0128479,0.0576303,0.0576303,0.010895,1.05146
15,432,7.02245e-8,2.4259e-6,2.4259e-6,7.09416e-8,-0.0592949
15,456,4.72977e-13,1.02116e-10,1.02116e-10,4.61931e-13,0.140276
15,480,2.63907e-18,4.29849e-15,4.29849e-15,3.00782e-18,-0.00166071
15,481,118.783,107.613,107.613,103.816,0.845718
15,482,166.78,178.332,178.332,166.935,-0.00544981
15,485,145.434,167.806,167.806,139.016,0.270817
15,487,55.72,72.4703,72.4703,51.3892,0.494339
15,504,0.0116597,0.0576303,0.0576303,0.010895,0.41175
15,528,7.16622e-8,2.4259e-6,2.4259e-6,7.09416e-8,0.0595843
15,552,4.98945e-13,1.02116e-10,1.02116e-10,4.61931e-13,0.470023
15,576,2.85681e-18,4.29849e-15,4.29849e-15,3.00782e-18,-0.000680119
15,577,111.692,107.613,107.613,103.816,0.445016
15,578,167.085,178.332,178.332,166.935,0.00524549
15,581,148.068,167.806,167.806,139.016,0.381959
15,583,58.4015,72.4703,72.4703,51.3892,0.800424
15,600,0.0123387,0.0576303,0.0576303,0.010895,0.777326
15,624,7.35898e-8,2.4259e-6,2.4259e-6,7.09416e-8,0.218966
15,648,4.31746e-13,1.02116e-10,1.02116e-10,4.61931e-13,-0.383305
16,0,0,0,0,0,0
16,1,4.14183,3.58708,3.58708,3.55977,0.959119
16,2,7.03693,5.9444,5.9444,5.86096,1.17695
16,5,6.40472,5.59354,5.59354,5.37204,1.1276
16,7,2.93078,2.41568,2.41568,2.2449,1.79215
16,24,0.0014218,0.00192101,0.00192101,0.00134957,0.313923
16,48,3.1637e-8,8.08633e-8,8.08633e-8,3.82735e-8,-1.01711
16,72,9.10797e-13,3.40387e-12,3.40387e-12,1.08543e-12,-0.943725
16,96,2.76836e-17,1.43283e-16,1.43283e-16,3.07824e-17,-0.0139555
16,97,24.8061,17.9354,17.9354,17.7989,2.30933
16,98,30.6953,29.722,29.722,29.3048,0.278331
16,101,32.5537,27.9677,27.9677,26.8602,1.24337
16,103,12.8671,12.0784,12.0784,11.2245,0.858411
16,120,0.00812598,0.00960504,0.00960504,0.00674785,1.19799
16,144,1.91141e-7,4.04316e-7,4.04316e-7,1.91367e-7,-0.00693816
16,168,5.20166e-12,1.70194e-11,1.70194e-11,5.42713e-12,-0.243697
16,192,1.28398e-16,7.16416e-16,7.16416e-16,1.53912e-16,-0.114906
16,193,34.9027,35.8708,35.8708,35.5977,-0.114535
16,194,68.84,59.444,59.444,58.6096,1.02389
16,197,77.7543,55.9354,55.9354,53.7204,2.62431
16,199,28.1245,24.1568,24.1568,22.449,1.48298
16,216,0.0161062,0.0192101,0.0192101,0.0134957,1.13464
16,240,3.52349e-7,8.08633e-7,8.08633e-7,3.82735e-7,-0.465695
16,264,1.04386e-11,3.40387e-11,3.40387e-11,1.08543e-11,-0.224605
16,288,3.13427e-16,1.43283e-15,1.43283e-15,3.07824e-16,0.0252332
16,289,144.703,107.613,107.613,106.793,2.08229
16,290,194.383,178.332,178.332,175.829,0.618991
16,293,152.649,167.806,167.806,161.161,-0.309835
16,295,80.5746,72.4703,72.4703,67.3471,1.15209
16,312,0.0557173,0.0576303,0.0576303,0.0404871,2.20657
16,336,1.19156e-6,2.4259e-6,2.4259e-6,1.1482e-6,0.221493
16,360,3.28231e-11,1.02116e-10,1.02116e-10,3.25628e-11,0.0468956
16,384,6.90408e-16,4.29849e-15,4.29849e-15,9.23472e-16,-1.04963
16,385,133.87,107.613,107.613,106.793,1.48723
16,386,206.404,178.332,178.332,175.829,1.02001
16,389,174.157,167.806,167.806,161.161,0.47302
16,391,73.6715,72.4703,72.4703,67.3471,0.550842
16,408,0.0434142,0.0576303,0.0576303,0.0404871,0.424086
16,432,1.24083e-6,2.4259e-6,2.4259e-6,1.1482e-6,0.47319
16,456,3.42331e-11,1.02116e-10,1.02116e-10,3.25628e-11,0.30089
16,480,7.5963e-16,4.29849e-15,4.29849e-15,9.23472e-16,-0.737876
16,481,117.157,107.613,107.613,106.793,0.569239
16,482,186.265,178.332,178.332,175.829,0.348161
16,485,204.489,167.806,167.806,161.161,1.57702
16,487,71.9186,72.4703,72.4703,67.3471,0.398169
16,504,0.0424134,0.0576303,0.0576303,0.0404871,0.27908
16,528,1.29081e-6,2.4259e-6,2.4259e-6,1.1482e-6,0.72852
16,552,3.58612e-11,1.02116e-10,1.02116e-10,3.25628e-11,0.594182
16,576,1.01464e-15,4.29849e-15,4.29849e-15,9.23472e-16,0.4106
16,577,125.767,107.613,107.613,106.793,1.04215
16,578,220.708,178.332,178.332,175.829,1.49722
16,581,180.488,167.806,167.806,161.161,0.703455
16,583,73.3541,72.4703,72.4703,67.3471,0.523193
16,600,0.0447481,0.0576303,0.0576303,0.0404871,0.617334
16,624,1.2589e-6,2.4259e-6,2.4259e-6,1.1482e-6,0.565492
16,648,2.89659e-11,1.02116e-10,1.02116e-10,3.25628e-11,-0.647935
17,0,0,0,0,0,0
17,1,4.26953,3.58708,3.58708,3.14237,2.10407
17,2,4.70324,5.9444,5.9444,4.6843,0.0237156
17,5,2.98899,5.59354,5.59354,2.85199,0.28178
17,7,0.748077,2.41568,2.41568,0.686698,0.524308
17,24,4.23288e-6,0.00192101,0.00192101,3.80643e-6,0.657182
17,48,1.63469e-13,8.08633e-8,8.08633e-8,1.44521e-13,0.769062
17,72,4.81989e-21,3.40387e-12,3.40387e-12,5.48715e-21,-3.00506e-6
17,96,1.85609e-28,1.43283e-16,1.43283e-16,2.08334e-28,-1.02344e-13
17,97,18.0116,17.9354,17.9354,15.7118,0.858584
17,98,26.269,29.722,29.722,23.4215,0.713141
17,101,13.2878,27.9677,27.9677,14.2599,-0.399883
17,103,3.73639,12.0784,12.0784,3.43349,0.517477
17,120,1.97709e-5,0.00960504,0.00960504,1.90321e-5,0.227699
17,144,7.91862e-13,4.04316e-7,4.04316e-7,7.22607e-13,0.562184
17,168,1.84707e-20,1.70194e-11,1.70194e-11,2.74357e-20,-4.03749e-5
17,192,7.71193e-28,7.16416e-16,7.16416e-16,1.04167e-27,-1.21813e-12
17,193,35.0238,35.8708,35.8708,31.4237,0.672043
17,194,51.1816,59.444,59.444,46.843,0.543296
17,197,30.8075,55.9354,55.9354,28.5199,0.470497
17,199,7.61168,24.1568,24.1568,6.86698,0.636126
17,216,3.74088e-5,0.0192101,0.0192101,3.80643e-5,-0.101018
17,240,1.20012e-12,8.08633e-7,8.08633e-7,1.44521e-12,-0.994772
17,264,4.76088e-20,3.40387e-11,3.40387e-11,5.48715e-20,-3.27081e-5
17,288,1.46268e-27,1.43283e-15,1.43283e-15,2.08334e-27,-2.79522e-12
17,289,125.735,107.613,107.613,94.271,1.95777
17,290,163.314,178.332,178.332,140.529,0.951053
17,293,103.402,167.806,167.806,85.5597,1.22323
17,295,24.8472,72.4703,72.4703,20.6009,1.20905
17,312,0.00010938,0.0576303,0.0576303,0.000114193,-0.247234
17,336,4.43195e-12,2.4259e-6,2.4259e-6,4.33564e-12,0.130304
17,360,1.4631e-19,1.02116e-10,1.02116e-10,1.64614e-19,-8.24338e-5
17,384,4.04105e-27,4.29849e-15,4.29849e-15,6.25003e-27,-9.94839e-12
17,385,105.518,107.613,107.613,94.271,0.699825
17,386,172.69,178.332,178.332,140.529,1.34244
17,389,102.389,167.806,167.806,85.5597,1.15378
17,391,29.313,72.4703,72.4703,20.6009,2.48063
17,408,0.000112002,0.0576303,0.0576303,0.000114193,-0.112516
17,432,3.6404e-12,2.4259e-6,2.4259e-6,4.33564e-12,-0.94061
17,456,1.32417e-19,1.02116e-10,1.02116e-10,1.64614e-19,-0.000145003
17,480,4.00325e-27,4.29849e-15,4.29849e-15,6.25003e-27,-1.01186e-11
17,481,106.205,107.613,107.613,94.271,0.742562
17,482,157.569,178.332,178.332,140.529,0.711266
17,485,91.7574,167.806,167.806,85.5597,0.424904
17,487,20.728,72.4703,72.4703,20.6009,0.0361901
17,504,0.000106161,0.0576303,0.0576303,0.000114193,-0.412566
17,528,3.94632e-12,2.4259e-6,2.4259e-6,4.33564e-12,-0.526725
17,552,1.61162e-19,1.02116e-10,1.02116e-10,1.64614e-19,-1.55489e-5
17,576,5.00983e-27,4.29849e-15,4.29849e-15,6.25003e-27,-5.58538e-12
17,577,104.25,107.613,107.613,94.271,0.620947
17,578,144.594,178.332,178.332,140.529,0.169685
17,581,92.6445,167.806,167.806,85.5597,0.485721
17,583,22.2397,72.4703,72.4703,20.6009,0.466619
17,600,0.000134941,0.0576303,0.0576303,0.000114193,1.06579
17,624,4.05396e-12,2.4259e-6,2.4259e-6,4.33564e-12,-0.381094
17,648,1.36732e-19,1.02116e-10,1.02116e-10,1.64614e-19,-0.000125571
18,0,0,0,0,0,0
18,1,4.41153,3.58708,3.58708,3.42567,1.68811
18,2,6.56048,5.9444,5.9444,5.46293,1.17849
18,5,6.02379,5.59354,5.59354,4.39784,2.16869
18,7,1.83365,2.41568,2.41568,1.55539,1.04939
18,24,0.000266338,0.00192101,0.00192101,0.000226438,1.03363
18,48,9.22992e-10,8.08633e-8,8.08633e-8,8.67282e-10,0.376792
18,72,2.76619e-15,3.40387e-12,3.40387e-12,3.32179e-15,-0.981116
18,96,1.23339e-20,1.43283e-16,1.43283e-16,1.27228e-20,-1.75153e-6
18,97,21.149,17.9354,17.9354,17.1283,1.37693
18,98,32.646,29.722,29.722,27.3146,1.14491
18,101,28.6555,27.9677,27.9677,21.9892,1.77831
18,103,8.78882,12.0784,12.0784,7.77697,0.763191
18,120,0.000936367,0.00960504,0.00960504,0.00113219,-1.01454
18,144,4.7102e-9,4.04316e-7,4.04316e-7,4.33641e-9,0.505622
18,168,1.69327e-14,1.70194e-11,1.70194e-11,1.66089e-14,0.114345
18,192,4.6014e-20,7.16416e-16,7.16416e-16,6.36141e-20,-7.92636e-5
18,193,49.4193,35.8708,35.8708,34.2567,2.59631
18,194,58.1615,59.444,59.444,54.6293,0.379271
18,197,40.1819,55.9354,55.9354,43.9784,-0.506382
18,199,18.7695,24.1568,24.1568,15.5539,1.21267
18,216,0.00193835,0.0192101,0.0192101,0.00226438,-0.844558
18,240,8.72284e-9,8.08633e-7,8.08633e-7,8.67282e-9,0.0338317
18,264,2.87238e-14,3.40387e-11,3.40387e-11,3.32179e-14,-0.793601
18,288,1.21674e-19,1.43283e-15,1.43283e-15,1.27228e-19,-2.50158e-5
18,289,118.955,107.613,107.613,102.77,0.92378
18,290,175.587,178.332,178.332,163.888,0.418741
18,293,145.127,167.806,167.806,131.935,0.586523
18,295,54.4996,72.4703,72.4703,46.6618,0.985278
18,312,0.0076857,0.0576303,0.0576303,0.00679313,0.77073
18,336,2.84162e-8,2.4259e-6,2.4259e-6,2.60185e-8,0.540565
18,360,9.83361e-14,1.02116e-10,1.02116e-10,9.96536e-14,-0.077553
18,384,3.35589e-19,4.29849e-15,4.29849e-15,3.81685e-19,-0.000207594
18,385,100.185,107.613,107.613,102.77,-0.147533
18,386,177.009,178.332,178.332,163.888,0.469626
18,389,147.734,167.806,167.806,131.935,0.702426
18,391,57.6912,72.4703,72.4703,46.6618,1.3865
18,408,0.00758817,0.0576303,0.0576303,0.00679313,0.68651
18,432,2.63168e-8,2.4259e-6,2.4259e-6,2.60185e-8,0.0672595
18,456,1.06587e-13,1.02116e-10,1.02116e-10,9.96536e-14,0.408102
18,480,3.0904e-19,4.29849e-15,4.29849e-15,3.81685e-19,-0.00032716
18,481,135.649,107.613,107.613,102.77,1.87666
18,482,180.304,178.332,178.332,163.888,0.587572
18,485,160.257,167.806,167.806,131.935,1.25917
18,487,55.6639,72.4703,72.4703,46.6618,1.13164
18,504,0.0075299,0.0576303,0.0576303,0.00679313,0.636197
18,528,2.27341e-8,2.4259e-6,2.4259e-6,2.60185e-8,-0.740451
18,552,9.82834e-14,1.02116e-10,1.02116e-10,9.96536e-14,-0.0806543
18,576,3.66427e-19,4.29849e-15,4.29849e-15,3.81685e-19,-6.87161e-5
18,577,102.463,107.613,107.613,102.77,-0.0175505
18,578,197.859,178.332,178.332,163.888,1.21588
18,581,129.552,167.806,167.806,131.935,-0.105963
18,583,48.7392,72.4703,72.4703,46.6618,0.261147
18,600,0.00629086,0.0576303,0.0576303,0.00679313,-0.433702
18,624,2.93541e-8,2.4259e-6,2.4259e-6,2.60185e-8,0.752026
18,648,8.61448e-14,1.02116e-10,1.02116e-10,9.96536e-14,-0.795157
19,0,0,0,0,0,0
19,1,3.99372,3.58708,3.58708,3.33833,1.15158
19,2,6.61902,5.9444,5.9444,5.214,1.58067
19,5,4.12727,5.59354,5.59354,3.85433,0.415387
19,7,1.50644,2.41568,2.41568,1.21675,1.39655
19,24,8.20227e-5,0.00192101,0.00192101,6.74288e-5,1.26956
19,48,5.89655e-11,8.08633e-8,8.08633e-8,6.60501e-11,-0.629171
19,72,6.23353e-17,3.40387e-12,3.40387e-12,6.46995e-17,-0.0106477
19,96,5.72088e-23,1.43283e-16,1.43283e-16,6.33766e-23,-2.77774e-8
19,97,18.8049,17.9354,17.9354,16.6917,0.742624
19,98,32.6969,29.722,29.722,26.07,1.49106
19,101,22.9682,27.9677,27.9677,19.2716,1.12516
19,103,7.23013,12.0784,12.0784,6.08375,1.10532
19,120,0.000342401,0.00960504,0.00960504,0.000337144,0.0914634
19,144,3.45741e-10,4.04316e-7,4.04316e-7,3.3025e-10,0.275148
19,168,3.12727e-16,1.70194e-11,1.70194e-11,3.23498e-16,-0.0485054
19,192,2.766e-22,7.16416e-16,7.16416e-16,3.16883e-22,-1.81419e-7
19,193,32.9861,35.8708,35.8708,33.3833,-0.0697938
19,194,56.185,59.444,59.444,52.14,0.455066
19,197,35.8292,55.9354,55.9354,38.5433,-0.413055
19,199,14.9202,24.1568,24.1568,12.1675,1.32704
19,216,0.000821952,0.0192101,0.0192101,0.000674288,1.28457
19,240,5.88692e-10,8.08633e-7,8.08633e-7,6.60501e-10,-0.63773
19,264,7.30411e-16,3.40387e-11,3.40387e-11,6.46995e-16,0.37567
19,288,5.14368e-22,1.43283e-15,1.43283e-15,6.33766e-22,-5.37721e-7
19,289,159.728,161.419,161.419,150.225,0.371066
19,290,256.827,267.498,267.498,234.63,0.554925
19,293,202.946,251.709,251.709,173.445,0.997704
19,295,71.3801,108.705,108.705,54.7537,1.7812
19,312,0.00373573,0.0864454,0.0864454,0.0030343,1.35599
19,336,2.80815e-9,3.63885e-6,3.63885e-6,2.97225e-9,-0.32387
19,360,3.08628e-15,1.53174e-10,1.53174e-10,2.91148e-15,0.352181
19,384,2.15523e-21,6.44774e-15,6.44774e-15,2.85195e-21,-3.13775e-6
19,385,175.496,161.419,161.419,150.225,0.986761
19,386,304.005,267.498,267.498,234.63,1.73439
19,389,204.04,251.709,251.709,173.445,1.03472
19,391,64.0951,108.705,108.705,54.7537,1.00076
19,408,0.00288485,0.0864454,0.0864454,0.0030343,-0.28891
19,432,3.10809e-9,3.63885e-6,3.63885e-6,2.97225e-9,0.268068
19,456,2.24465e-15,1.53174e-10,1.53174e-10,2.91148e-15,-1.34348
20,0,0,0,0,0,0
20,1,2.83526,3.58708,3.58708,2.26589,1.47396
20,2,3.26118,5.9444,5.9444,2.76617,1.04972
20,5,0.669306,5.59354,5.59354,0.640506,0.263752
20,7,0.0343288,2.41568,2.41568,0.0312227,0.583544
20,24,2.22309e-13,0.00192101,0.00192101,2.19801e-13,0.0669342
20,48,3.17055e-29,8.08633e-8,8.08633e-8,3.95737e-29,-3.54353e-14
20,72,4.0064e-45,3.40387e-12,3.40387e-12,7.12499e-45,-1.40449e-29
20,96,7.3308e-61,1.43283e-16,1.43283e-16,1.28281e-60,-2.47575e-45
20,97,12.6301,17.9354,17.9354,11.3294,0.673439
20,98,14.3305,29.722,29.722,13.8308,0.21193
20,101,3.72096,27.9677,27.9677,3.20253,0.949571
20,103,0.176424,12.0784,12.0784,0.156114,0.763148
20,120,9.8224e-13,0.00960504,0.00960504,1.09901e-12,-0.623223
20,144,1.79662e-28,4.04316e-7,4.04316e-7,1.97869e-28,-8.19977e-14
20,168,2.04521e-44,1.70194e-11,1.70194e-11,3.56249e-44,-6.83326e-29
20,192,3.50493e-60,7.16416e-16,7.16416e-16,6.41403e-60,-1.31015e-44
20,193,29.1665,35.8708,35.8708,22.6589,1.68466
20,194,26.8029,59.444,59.444,27.6617,-0.182097
20,197,7.71348,55.9354,55.9354,6.40506,1.19827
20,199,0.371219,24.1568,24.1568,0.312227,1.10827
20,216,2.07424e-12,0.0192101,0.0192101,2.19801e-12,-0.330309
20,240,2.70983e-28,8.08633e-7,8.08633e-7,3.95737e-28,-5.61844e-13
20,264,5.5735e-44,3.40387e-11,3.40387e-11,7.12499e-44,-6.9873e-29
20,288,6.23533e-60,1.43283e-15,1.43283e-15,1.28281e-59,-2.96911e-44
20,289,125.243,161.419,161.419,101.965,1.33915
20,290,152.996,267.498,267.498,124.477,1.34389
20,293,38.4925,251.709,251.709,28.8228,1.96792
20,295,1.59236,108.705,108.705,1.40502,0.782128
20,312,9.99189e-12,0.0864454,0.0864454,9.89105e-12,0.0598026
20,336,1.37516e-27,3.63885e-6,3.63885e-6,1.78082e-27,-1.82691e-12
20,360,1.90731e-43,1.53174e-10,1.53174e-10,3.20624e-43,-5.8499e-28
20,384,2.86851e-59,6.44774e-15,6.44774e-15,5.77263e-59,-1.3079e-43
20,385,114.952,161.419,161.419,101.965,0.747091
20,386,147.836,267.498,267.498,124.477,1.10073
20,389,25.5954,251.709,251.709,28.8228,-0.65682
20,391,1.74104,108.705,108.705,1.40502,1.40282
20,408,8.64866e-12,0.0864454,0.0864454,9.89105e-12,-0.736794
20,432,1.50837e-27,3.63885e-6,3.63885e-6,1.78082e-27,-1.22701e-12
20,456,2.07577e-43,1.53174e-10,1.53174e-10,3.20624e-43,-5.09119e-28
20,480,2.56137e-59,6.44774e-15,6.44774e-15,5.77263e-59,-1.44622e-43
20,481,125.128,161.419,161.419,101.965,1.33252
20,482,164.377,267.498,267.498,124.477,1.88022
20,485,28.9107,251.709,251.709,28.8228,0.0178903
20,487,1.50509,108.705,108.705,1.40502,0.417769
20,504,9.12314e-12,0.0864454,0.0864454,9.89105e-12,-0.455403
20,528,1.19368e-27,3.63885e-6,3.63885e-6,1.78082e-27,-2.64423e-12
20,552,1.42459e-43,1.53174e-10,1.53174e-10,3.20624e-43,-8.02386e-28
20,576,3.02844e-59,6.44774e-15,6.44774e-15,5.77263e-59,-1.23587e-43
20,577,118.242,161.419,161.419,101.965,0.936392
20,578,165.327,267.498,267.498,124.477,1.92497
20,581,32.219,251.709,251.709,28.8228,0.691182
20,583,1.2752,108.705,108.705,1.40502,-0.542017
20,600,9.11611e-12,0.0864454,0.0864454,9.89105e-12,-0.459574
20,624,1.5752e-27,3.63885e-6,3.63885e-6,1.78082e-27,-9.26042e-13
20,648,1.97063e-43,1.53174e-10,1.53174e-10,3.20624e-43,-5.56474e-28
21,0,0,0,0,0,0
21,1,4.9629,3.58708,3.58708,4.0267,1.36381
21,2,7.75425,5.9444,5.9444,7.40175,0.279349
21,5,10.8295,5.59354,5.59354,10.5624,0.148322
21,7,6.18656,2.41568,2.41568,7.42038,-0.975342
21,24,0.37742,0.00192101,0.00192101,0.369042,0.133163
21,48,0.00532771,8.08633e-8,8.08633e-8,0.00533398,-0.00688969
21,72,7.83716e-5,3.40387e-12,3.40387e-12,7.70951e-5,0.0971251
21,96,1.02447e-6,1.43283e-16,1.43283e-16,1.1143e-6,-0.472874
21,97,25.1597,17.9354,17.9354,20.1335,1.46437
21,98,38.2609,29.722,29.722,37.0088,0.198464
21,101,59.1836,27.9677,27.9677,52.8119,0.707705
21,103,48.7288,12.0784,12.0784,37.1019,1.83821
21,120,2.14438,0.00960504,0.00960504,1.84521,0.951056
21,144,0.026944,4.04316e-7,4.04316e-7,0.0266699,0.0602962
21,168,0.000382444,1.70194e-11,1.70194e-11,0.000385475,-0.0461297
21,192,5.61371e-6,7.16416e-16,7.16416e-16,5.5715e-6,0.0444395
21,193,57.4004,35.8708,35.8708,40.267,2.49589
21,194,74.1025,59.444,59.444,74.0175,0.00673058
21,197,119.146,55.9354,55.9354,105.624,0.750956
21,199,93.526,24.1568,24.1568,74.2038,1.52743
21,216,4.60753,0.0192101,0.0192101,3.69042,1.45772
21,240,0.0618017,8.08633e-7,8.08633e-7,0.0533398,0.930567
21,264,0.000715506,3.40387e-11,3.40387e-11,0.000770951,-0.421855
21,288,1.00008e-5,1.43283e-15,1.43283e-15,1.1143e-5,-0.601278
21,289,205.661,161.419,161.419,181.201,0.791802
21,290,360.884,267.498,267.498,333.079,0.489682
21,293,615.297,251.709,251.709,475.307,1.72763
21,295,388.376,108.705,108.705,333.917,0.956665
21,312,21.1811,0.0864454,0.0864454,16.6069,1.61569
21,336,0.303781,3.63885e-6,3.63885e-6,0.240029,1.55798
21,360,0.00306062,1.53174e-10,1.53174e-10,0.00346928,-0.690959
21,384,4.64856e-5,6.44774e-15,6.44774e-15,5.01435e-5,-0.427904
21,385,211.524,161.419,161.419,181.201,0.981605
21,386,335.766,267.498,267.498,333.079,0.0473228
21,389,535.993,251.709,251.709,475.307,0.748938
21,391,433.167,108.705,108.705,333.917,1.74349
21,408,19.0476,0.0864454,0.0864454,16.6069,0.8621
21,432,0.278693,3.63885e-6,3.63885e-6,0.240029,0.944881
21,456,0.0035093,1.53174e-10,1.53174e-10,0.00346928,0.0676661
21,480,4.51918e-5,6.44774e-15,6.44774e-15,5.01435e-5,-0.57925
21,481,229.488,161.419,161.419,181.201,1.56312
21,482,374.873,267.498,267.498,333.079,0.736023
21,485,543.721,251.709,251.709,475.307,0.844311
21,487,373.401,108.705,108.705,333.917,0.693596
21,504,19.2159,0.0864454,0.0864454,16.6069,0.921532
21,528,0.233817,3.63885e-6,3.63885e-6,0.240029,-0.151817
21,552,0.00340061,1.53174e-10,1.53174e-10,0.00346928,-0.116106
21,576,4.59041e-5,6.44774e-15,6.44774e-15,5.01435e-5,-0.495927
21,577,212.98,161.419,161.419,181.201,1.02874
21,578,365.67,267.498,267.498,333.079,0.573964
21,581,561.52,251.709,251.709,475.307,1.06397
21,583,309.013,108.705,108.705,333.917,-0.437479
21,600,18.7185,0.0864454,0.0864454,16.6069,0.745875
21,624,0.243145,3.63885e-6,3.63885e-6,0.240029,0.0761614
21,648,0.00344983,1.53174e-10,1.53174e-10,0.00346928,-0.032876
22,0,0,0,0,0,0
22,1,3.97916,3.58708,3.58708,3.76745,0.329628
22,2,7.25659,5.9444,5.9444,6.51605,0.666646
22,5,7.98972,5.59354,5.59354,7.28417,0.568171
22,7,3.83392,2.41568,2.41568,3.87709,-0.0653132
22,24,0.018506,0.00192101,0.00192101,0.018221,0.0917668
22,48,1.02632e-5,8.08633e-8,8.08633e-8,9.42056e-6,0.524672
22,72,4.89682e-9,3.40387e-12,3.40387e-12,4.87059e-9,0.0315808
22,96,2.48078e-12,1.43283e-16,1.43283e-16,2.51818e-12,-0.0871145
22,97,19.9317,17.9354,17.9354,18.8373,0.340794
22,98,42.1069,29.722,29.722,32.5802,1.71521
22,101,30.1501,27.9677,27.9677,36.4208,-1.00995
22,103,23.169,12.0784,12.0784,19.3854,1.14488
22,120,0.119369,0.00960504,0.00960504,0.0911049,1.81981
22,144,5.32534e-5,4.04316e-7,4.04316e-7,4.71028e-5,0.765946
22,168,2.40297e-8,1.70194e-11,1.70194e-11,2.4353e-8,-0.0778739
22,192,1.12659e-11,7.16416e-16,7.16416e-16,1.25909e-11,-0.617294
22,193,47.2989,35.8708,35.8708,37.6745,1.49848
22,194,77.0004,59.444,59.444,65.1605,1.06585
22,197,81.5873,55.9354,55.9354,72.8417,0.704272
22,199,46.3327,24.1568,24.1568,38.7709,1.14407
22,216,0.191392,0.0192101,0.0192101,0.18221,0.295605
22,240,7.16076e-5,8.08633e-7,8.08633e-7,9.42056e-5,-1.40709
22,264,4.99751e-8,3.40387e-11,3.40387e-11,4.87059e-8,0.15285
22,288,2.31669e-11,1.43283e-15,1.43283e-15,2.51818e-11,-0.469356
22,289,182.082,161.419,161.419,169.535,0.434119
22,290,290.382,267.498,267.498,293.222,-0.0568189
22,293,408.934,251.709,251.709,327.788,1.45214
22,295,239.738,108.705,108.705,174.469,2.19444
22,312,0.972957,0.0864454,0.0864454,0.819944,1.09465
22,336,0.000446007,3.63885e-6,3.63885e-6,0.000423925,0.305544
22,360,1.94361e-7,1.53174e-10,1.53174e-10,2.19177e-7,-0.66414
22,384,1.08032e-10,6.44774e-15,6.44774e-15,1.13318e-10,-0.273613
22,385,223.327,161.419,161.419,169.535,1.86116
22,386,327.771,267.498,267.498,293.222,0.691138
22,389,406.41,251.709,251.709,327.788,1.40697
22,391,199.605,108.705,108.705,174.469,0.845099
22,408,0.821919,0.0864454,0.0864454,0.819944,0.0141316
22,432,0.000394932,3.63885e-6,3.63885e-6,0.000423925,-0.401177
22,456,2.12504e-7,1.53174e-10,1.53174e-10,2.19177e-7,-0.178569
22,480,1.14333e-10,6.44774e-15,6.44774e-15,1.13318e-10,0.0525142
22,481,186.296,161.419,161.419,169.535,0.579892
22,482,358.95,267.498,267.498,293.222,1.31486
22,485,457.232,251.709,251.709,327.788,2.31643
22,487,200.489,108.705,108.705,174.469,0.87481
22,504,0.97651,0.0864454,0.0864454,0.819944,1.12006
22,528,0.000466046,3.63885e-6,3.63885e-6,0.000423925,0.58282
22,552,2.53805e-7,1.53174e-10,1.53174e-10,2.19177e-7,0.926746
22,576,1.16604e-10,6.44774e-15,6.44774e-15,1.13318e-10,0.170101
22,577,164.396,161.419,161.419,169.535,-0.177815
22,578,357.283,267.498,267.498,293.222,1.28151
22,581,351.38,251.709,251.709,327.788,0.42219
22,583,204.639,108.705,108.705,174.469,1.01436
22,600,0.82586,0.0864454,0.0864454,0.819944,0.0423259
22,624,0.000471353,3.63885e-6,3.63885e-6,0.000423925,0.656255
22,648,2.26769e-7,1.53174e-10,1.53174e-10,2.19177e-7,0.2032
23,0,0,0,0,0,0
23,1,5.12782,3.58708,3.58708,3.64214,2.39275
23,2,7.38555,5.9444,5.9444,6.11509,1.21868
23,5,7.17007,5.59354,5.59354,6.06618,1.06743
23,7,2.90788,2.41568,2.41568,2.7966,0.233396
23,24,0.00397597,0.00192101,0.00192101,0.00387448,0.15366
23,48,4.03043e-7,8.08633e-8,8.08633e-8,3.57108e-7,0.754519
23,72,3.49073e-11,3.40387e-12,3.40387e-12,3.29145e-11,0.355155
23,96,3.11991e-15,1.43283e-16,1.43283e-16,3.03371e-15,0.166666
23,97,20.2206,17.9354,17.9354,18.2107,0.647395
23,98,41.4071,29.722,29.722,30.5754,2.07804
23,101,30.8646,27.9677,27.9677,30.3309,0.103219
23,103,15.8821,12.0784,12.0784,13.983,0.79665
23,120,0.022576,0.00960504,0.00960504,0.0193724,0.970043
23,144,2.03987e-6,4.04316e-7,4.04316e-7,1.78554e-6,0.835505
23,168,1.36336e-10,1.70194e-11,1.70194e-11,1.64572e-10,-1.00642
23,192,1.45696e-14,7.16416e-16,7.16416e-16,1.51685e-14,-0.231621
23,193,35.1151,35.8708,35.8708,36.4214,-0.210383
23,194,81.5138,59.444,59.444,61.1509,1.95329
23,197,60.5248,55.9354,55.9354,60.6618,-0.0132451
23,199,30.5555,24.1568,24.1568,27.966,0.543141
23,216,0.0459144,0.0192101,0.0192101,0.0387448,1.08546
23,240,4.07789e-6,8.08633e-7,8.08633e-7,3.57108e-6,0.832475
23,264,3.33453e-10,3.40387e-11,3.40387e-11,3.29145e-10,0.076784
23,288,2.58364e-14,1.43283e-15,1.43283e-15,3.03371e-14,-0.870232
23,289,200.687,161.419,161.419,163.896,1.31675
23,290,320.962,267.498,267.498,275.179,0.975927
23,293,284.105,251.709,251.709,272.978,0.239095
23,295,147.547,108.705,108.705,125.847,1.01146
23,312,0.20986,0.0864454,0.0864454,0.174352,1.19464
23,336,1.44088e-5,3.63885e-6,3.63885e-6,1.60699e-5,-0.606327
23,360,1.49221e-9,1.53174e-10,1.53174e-10,1.48115e-9,0.0437902
23,384,1.1918e-13,6.44774e-15,6.44774e-15,1.36517e-13,-0.744925
23,385,226.314,161.419,161.419,163.896,2.23392
23,386,360.548,267.498,267.498,275.179,1.81975
23,389,331.526,251.709,251.709,272.978,1.25808
23,391,128.076,108.705,108.705,125.847,0.10391
23,408,0.195427,0.0864454,0.0864454,0.174352,0.709041
23,432,1.73308e-5,3.63885e-6,3.63885e-6,1.60699e-5,0.460274
23,456,1.31289e-9,1.53174e-10,1.53174e-10,1.48115e-9,-0.666356
23,480,1.31317e-13,6.44774e-15,6.44774e-15,1.36517e-13,-0.223419
23,481,201.32,161.419,161.419,163.896,1.33938
23,482,341.301,267.498,267.498,275.179,1.40947
23,485,316.497,251.709,251.709,272.978,0.935153
23,487,153.19,108.705,108.705,125.847,1.27447
23,504,0.177569,0.0864454,0.0864454,0.174352,0.108245
23,528,1.87258e-5,3.63885e-6,3.63885e-6,1.60699e-5,0.969466
23,552,1.64204e-9,1.53174e-10,1.53174e-10,1.48115e-9,0.637161
23,576,1.33458e-13,6.44774e-15,6.44774e-15,1.36517e-13,-0.13145
23,577,162.392,161.419,161.419,163.896,-0.0538469
23,578,363.24,267.498,267.498,275.179,1.87715
23,581,343.087,251.709,251.709,272.978,1.50652
23,583,128.032,108.705,108.705,125.847,0.101822
23,600,0.217966,0.0864454,0.0864454,0.174352,1.46734
23,624,1.70194e-5,3.63885e-6,3.63885e-6,1.60699e-5,0.346603
23,648,1.75482e-9,1.53174e-10,1.53174e-10,1.48115e-9,1.08381
24,0,0,0,0,0,0
24,1,4.62922,3.58708,3.58708,4.0226,0.884577
24,2,8.30628,5.9444,5.9444,7.38716,0.729832
24,5,12.7811,5.59354,5.59354,10.5013,1.27342
24,7,9.27141,2.41568,2.41568,7.3466,1.53684
24,24,0.360944,0.00192101,0.00192101,0.352577,0.139191
24,48,0.00429394,8.08633e-8,8.08633e-8,0.00484589,-0.668125
24,72,7.68988e-5,3.40387e-12,3.40387e-12,6.66028e-5,0.906785
24,96,7.11917e-7,1.43283e-16,1.43283e-16,9.15402e-7,-1.30392
24,97,23.2519,17.9354,17.9354,20.113,0.915424
24,98,41.9152,29.722,29.722,36.9358,0.790778
24,101,58.531,27.9677,27.9677,52.5065,0.673028
24,103,40.6202,12.0784,12.0784,36.733,0.620732
24,120,1.79348,0.00960504,0.00960504,1.76289,0.101795
24,144,0.0250633,4.04316e-7,4.04316e-7,0.0242295,0.201858
24,168,0.000389674,1.70194e-11,1.70194e-11,0.000333014,0.998032
24,192,4.32289e-6,7.16416e-16,7.16416e-16,4.57701e-6,-0.325676
24,193,50.0434,35.8708,35.8708,40.226,1.43158
24,194,101.441,59.444,59.444,73.8716,2.18913
24,197,130.535,55.9354,55.9354,105.013,1.42559
24,199,93.5952,24.1568,24.1568,73.466,1.60719
24,216,4.51974,0.0192101,0.0192101,3.52577,1.65366
24,240,0.0500578,8.08633e-7,8.08633e-7,0.0484589,0.193537
24,264,0.000654555,3.40387e-11,3.40387e-11,0.000666028,-0.101046
24,288,9.17674e-6,1.43283e-15,1.43283e-15,9.15402e-6,0.0145584
24,289,249.757,161.419,161.419,181.017,2.2275
24,290,424.835,267.498,267.498,332.422,1.63069
24,293,564.606,251.709,251.709,472.559,1.14257
24,295,428.383,108.705,108.705,330.597,1.73503
24,312,16.8001,0.0864454,0.0864454,15.866,0.345356
24,336,0.209839,3.63885e-6,3.63885e-6,0.218065,-0.221265
24,360,0.00329096,1.53174e-10,1.53174e-10,0.00299713,0.575081
25,0,0,0,0,0,0
25,1,4.35341,3.58708,3.58708,3.61275,1.20256
25,2,6.38181,5.9444,5.9444,6.02356,0.348871
25,5,6.77805,5.59354,5.59354,5.80944,0.978013
25,7,3.31425,2.41568,2.41568,2.58692,1.64922
25,24,0.00309512,0.00192101,0.00192101,0.0026687,0.937295
25,48,1.86319e-7,8.08633e-8,8.08633e-8,1.62213e-7,0.8717
25,72,8.39492e-12,3.40387e-12,3.40387e-12,9.85991e-12,-0.871545
25,96,6.47687e-16,1.43283e-16,1.43283e-16,5.99321e-16,0.217818
25,97,23.0642,17.9354,17.9354,18.0638,1.62378
25,98,38.4732,29.722,29.722,30.1178,1.62732
25,101,33.0513,27.9677,27.9677,29.0472,0.808596
25,103,14.3013,12.0784,12.0784,12.9346,0.619776
25,120,0.0151067,0.00960504,0.00960504,0.0133435,0.775099
25,144,8.57926e-7,4.04316e-7,4.04316e-7,8.11066e-7,0.338908
25,168,5.68251e-11,1.70194e-11,1.70194e-11,4.92995e-11,0.895412
25,192,2.60046e-15,7.16416e-16,7.16416e-16,2.99661e-15,-0.77546
25,193,38.1947,35.8708,35.8708,36.1275,0.335644
25,194,64.9656,59.444,59.444,60.2356,0.460616
25,197,58.2149,55.9354,55.9354,58.0944,0.0121649
25,199,30.5595,24.1568,24.1568,25.8692,1.06353
25,216,0.0290113,0.0192101,0.0192101,0.026687,0.510893
25,240,1.6381e-6,8.08633e-7,8.08633e-7,1.62213e-6,0.0577333
25,264,1.1196e-10,3.40387e-11,3.40387e-11,9.85991e-11,0.794864
25,288,5.4353e-15,1.43283e-15,1.43283e-15,5.99321e-15,-0.546061
25,289,205.28,161.419,161.419,162.574,1.54089
25,290,288.394,267.498,267.498,271.06,0.375101
25,293,341.597,251.709,251.709,261.425,1.79888
25,295,122.005,108.705,108.705,116.411,0.281869
25,312,0.11809,0.0864454,0.0864454,0.120091,-0.0977332
25,336,8.25258e-6,3.63885e-6,3.63885e-6,7.29959e-6,0.765802
25,360,4.80651e-10,1.53174e-10,1.53174e-10,4.43696e-10,0.488565
25,384,2.23429e-14,6.44774e-15,6.44774e-15,2.69695e-14,-1.00628
25,385,193.163,161.419,161.419,162.574,1.10368
25,386,289.279,267.498,267.498,271.06,0.394258
25,389,293.642,251.709,251.709,261.425,0.722886
25,391,118.65,108.705,108.705,116.411,0.112794
25,408,0.137858,0.0864454,0.0864454,0.120091,0.867815
25,432,7.61196e-6,3.63885e-6,3.63885e-6,7.29959e-6,0.251014
25,456,4.50642e-10,1.53174e-10,1.53174e-10,4.43696e-10,0.0918336
25,480,2.30307e-14,6.44774e-15,6.44774e-15,2.69695e-14,-0.856683
25,481,156.305,161.419,161.419,162.574,-0.226176
25,482,364.999,267.498,267.498,271.06,2.03286
25,485,338.8,251.709,251.709,261.425,1.73613
25,487,139.756,108.705,108.705,116.411,1.17632
25,504,0.13364,0.0864454,0.0864454,0.120091,0.661788
25,528,7.0026e-6,3.63885e-6,3.63885e-6,7.29959e-6,-0.23866
25,552,5.43568e-10,1.53174e-10,1.53174e-10,4.43696e-10,1.32035
26,0,0,0,0,0,0
26,1,4.1944,3.58708,3.58708,3.73308,0.724872
26,2,7.52459,5.9444,5.9444,6.40432,1.02607
26,5,7.50067,5.59354,5.59354,6.92914,0.483824
26,7,3.80419,2.41568,2.41568,3.54791,0.423711
26,24,0.0129271,0.00192101,0.00192101,0.0119939,0.456388
26,48,4.21373e-6,8.08633e-8,8.08633e-8,3.89472e-6,0.48046
26,72,1.32932e-9,3.40387e-12,3.40387e-12,1.26471e-9,0.299674
26,96,4.00604e-13,1.43283e-16,1.43283e-16,4.10682e-13,-0.14394
26,97,19.8975,17.9354,17.9354,18.6654,0.387198
26,98,33.2359,29.722,29.722,32.0216,0.222441
26,101,42.1751,27.9677,27.9677,34.6457,1.2748
26,103,19.9313,12.0784,12.0784,17.7395,0.724731
26,120,0.0774738,0.00960504,0.00960504,0.0599697,1.71213
26,144,1.935e-5,4.04316e-7,4.04316e-7,1.94736e-5,-0.037228
26,168,5.45586e-9,1.70194e-11,1.70194e-11,6.32355e-9,-0.80488
26,192,2.13045e-12,7.16416e-16,7.16416e-16,2.05341e-12,0.220065
26,193,48.4108,35.8708,35.8708,37.3308,1.74101
26,194,80.0751,59.444,59.444,64.0432,1.46838
26,197,96.7881,55.9354,55.9354,69.2914,2.32772
26,199,40.9333,24.1568,24.1568,35.4791,0.901756
26,216,0.135257,0.0192101,0.0192101,0.119939,0.749133
26,240,4.2469e-5,8.08633e-7,8.08633e-7,3.89472e-5,0.530416
26,264,1.29988e-8,3.40387e-11,3.40387e-11,1.26471e-8,0.163115
26,288,3.44393e-12,1.43283e-15,1.43283e-15,4.10682e-12,-0.946809
26,289,187.945,161.419,161.419,167.989,0.696854
26,290,301.201,267.498,267.498,288.195,0.264731
26,293,324.591,251.709,251.709,311.811,0.240421
26,295,191.009,108.705,108.705,159.656,1.15195
26,312,0.609588,0.0864454,0.0864454,0.539727,0.759261
26,336,0.000162416,3.63885e-6,3.63885e-6,0.000175262,-0.429938
26,360,5.84612e-8,1.53174e-10,1.53174e-10,5.69119e-8,0.159676
26,384,1.84194e-11,6.44774e-15,6.44774e-15,1.84807e-11,-0.0194389
26,385,212.901,161.419,161.419,167.989,1.56824
26,386,309.691,267.498,267.498,288.195,0.437535
26,389,345.47,251.709,251.709,311.811,0.633193
26,391,197.44,108.705,108.705,159.656,1.38821
26,408,0.605353,0.0864454,0.0864454,0.539727,0.713228
26,432,0.000152996,3.63885e-6,3.63885e-6,0.000175262,-0.745217
26,456,5.81887e-8,1.53174e-10,1.53174e-10,5.69119e-8,0.131593
27,0,0,0,0,0,0
27,1,4.4232,3.58708,3.58708,3.73569,1.07954
27,2,6.61283,5.9444,5.9444,6.41275,0.18301
27,5,9.04768,5.59354,5.59354,6.9555,1.76442
27,7,3.92949,2.41568,2.41568,3.57195,0.587155
27,24,0.0146778,0.00192101,0.00192101,0.0123826,1.08724
27,48,4.11597e-6,8.08633e-8,8.08633e-8,4.1662e-6,-0.0707254
27,72,1.34876e-9,3.40387e-12,3.40387e-12,1.40174e-9,-0.221702
27,96,4.36447e-13,1.43283e-16,1.43283e-16,4.71624e-13,-0.437513
27,97,23.3267,17.9354,17.9354,18.6784,1.45976
27,98,44.1502,29.722,29.722,32.0638,2.21112
27,101,39.3458,27.9677,27.9677,34.7775,0.77052
27,103,21.0008,12.0784,12.0784,17.8598,1.03165
27,120,0.0710639,0.00960504,0.00960504,0.0619131,0.86697
27,144,2.31719e-5,4.04316e-7,4.04316e-7,2.0831e-5,0.659169
27,168,7.5404e-9,1.70194e-11,1.70194e-11,7.00871e-9,0.444986
27,192,1.99513e-12,7.16416e-16,7.16416e-16,2.35812e-12,-0.902946
27,193,44.194,35.8708,35.8708,37.3569,1.07357
27,194,82.8139,59.444,59.444,64.1275,1.70927
27,197,83.0325,55.9354,55.9354,69.555,1.13661
27,199,37.1534,24.1568,24.1568,35.7195,0.235476
27,216,0.130666,0.0192101,0.0192101,0.123826,0.323997
27,240,4.73228e-5,8.08633e-7,8.08633e-7,4.1662e-5,0.797009
27,264,1.51989e-8,3.40387e-11,3.40387e-11,1.40174e-8,0.494413
27,288,4.45347e-12,1.43283e-15,1.43283e-15,4.71624e-12,-0.326828
27,289,219.507,161.419,161.419,168.106,1.79357
27,290,320.809,267.498,267.498,288.574,0.65524
27,293,403.489,251.709,251.709,312.997,1.69588
27,295,184.88,108.705,108.705,160.738,0.881023
27,312,0.62514,0.0864454,0.0864454,0.557218,0.715012
27,336,0.00021354,3.63885e-6,3.63885e-6,0.000187479,0.815404
27,360,6.24445e-8,1.53174e-10,1.53174e-10,6.30784e-8,-0.0589503
28,0,0,0,0,0,0
28,1,4.61273,3.58708,3.58708,3.55131,1.75318
28,2,6.54493,5.9444,5.9444,5.83526,0.713383
28,5,5.48347,5.59354,5.59354,5.30506,0.197263
28,7,2.61091,2.41568,2.41568,2.19426,1.11381
28,24,0.00143202,0.00192101,0.00192101,0.00120883,1.08301
28,48,3.14517e-8,8.08633e-8,8.08633e-8,3.03064e-8,0.221663
28,72,7.82058e-13,3.40387e-12,3.40387e-12,7.59807e-13,0.171777
28,96,1.79404e-17,1.43283e-16,1.43283e-16,1.9049e-17,-0.00499273
28,97,22.5761,17.9354,17.9354,17.7565,1.59214
28,98,36.6937,29.722,29.722,29.1763,1.51136
28,101,32.0622,27.9677,27.9677,26.5253,1.22444
28,103,14.4013,12.0784,12.0784,10.9713,1.83384
28,120,0.00604044,0.00960504,0.00960504,0.00604416,-0.00360789
28,144,1.47585e-7,4.04316e-7,4.04316e-7,1.51532e-7,-0.152778
28,168,3.63344e-12,1.70194e-11,1.70194e-11,3.79904e-12,-0.25569
28,192,9.531e-17,7.16416e-16,7.16416e-16,9.5245e-17,0.000292419
28,193,38.8299,35.8708,35.8708,35.5131,0.54786
28,194,74.9703,59.444,59.444,58.3526,1.67048
28,197,64.6669,55.9354,55.9354,53.0506,1.28442
28,199,21.6817,24.1568,24.1568,21.9426,-0.0697526
28,216,0.0141528,0.0192101,0.0192101,0.0120883,1.00179
28,240,2.84685e-7,8.08633e-7,8.08633e-7,3.03064e-7,-0.355729
28,264,7.97418e-12,3.40387e-11,3.40387e-11,7.59807e-12,0.290357
28,288,1.63507e-16,1.43283e-15,1.43283e-15,1.9049e-16,-0.121521
28,289,115.108,107.613,107.613,106.539,0.471787
28,290,169.774,178.332,178.332,175.058,-0.177036
28,293,199.587,167.806,167.806,159.152,1.4903
28,295,82.7481,72.4703,72.4703,65.8278,1.50775
28,312,0.0416557,0.0576303,0.0576303,0.0362649,0.871948
28,336,9.88878e-7,2.4259e-6,2.4259e-6,9.09193e-7,0.514107
28,360,2.72846e-11,1.02116e-10,1.02116e-10,2.27942e-11,1.15556
28,384,5.77665e-16,4.29849e-15,4.29849e-15,5.7147e-16,0.0278995
28,385,128.791,107.613,107.613,106.539,1.22515
28,386,178.657,178.332,178.332,175.058,0.120597
28,389,194.887,167.806,167.806,159.152,1.31708
28,391,88.7942,72.4703,72.4703,65.8278,2.04651
28,408,0.0404316,0.0576303,0.0576303,0.0362649,0.673949
28,432,1.0267e-6,2.4259e-6,2.4259e-6,9.09193e-7,0.758115
28,456,2.13638e-11,1.02116e-10,1.02116e-10,2.27942e-11,-0.368113
28,480,4.45547e-16,4.29849e-15,4.29849e-15,5.7147e-16,-0.567109
28,481,121.752,107.613,107.613,106.539,0.837579
28,482,209.077,178.332,178.332,175.058,1.13992
28,485,189.083,167.806,167.806,159.152,1.10316
28,487,76.3127,72.4703,72.4703,65.8278,0.934302
28,504,0.0399297,0.0576303,0.0576303,0.0362649,0.592769
28,528,7.99385e-7,2.4259e-6,2.4259e-6,9.09193e-7,-0.708446
28,552,2.20978e-11,1.02116e-10,1.02116e-10,2.27942e-11,-0.179224
28,576,5.37926e-16,4.29849e-15,4.29849e-15,5.7147e-16,-0.151069
28,577,126.886,107.613,107.613,106.539,1.12028
28,578,227.169,178.332,178.332,175.058,1.74614
28,581,156.423,167.806,167.806,159.152,-0.100585
28,583,77.2527,72.4703,72.4703,65.8278,1.01806
28,600,0.0343025,0.0576303,0.0576303,0.0362649,-0.317425
28,624,9.25313e-7,2.4259e-6,2.4259e-6,9.09193e-7,0.104001
28,648,2.1409e-11,1.02116e-10,1.02116e-10,2.27942e-11,-0.356483
29,0,0,0,0,0,0
29,1,4.08686,3.58708,3.58708,3.65975,0.684571
29,2,6.78793,5.9444,5.9444,6.17038,0.587067
29,5,7.37894,5.59354,5.59354,6.22503,1.08732
29,7,3.51097,2.41568,2.41568,2.92957,1.16412
29,24,0.0067965,0.00192101,0.00192101,0.00483546,2.37892
29,48,6.09225e-7,8.08633e-8,8.08633e-8,5.70677e-7,0.396229
29,72,6.4026e-11,3.40387e-12,3.40387e-12,6.73509e-11,-0.289576
29,96,6.79789e-15,1.43283e-16,1.43283e-16,7.9487e-15,-0.84925
29,97,16.5034,17.9354,17.9354,18.2988,-0.575507
29,98,33.212,29.722,29.722,30.8519,0.448725
29,101,30.0054,27.9677,27.9677,31.1252,-0.211034
29,103,16.6708,12.0784,12.0784,14.6479,0.810103
29,120,0.0288031,0.00960504,0.00960504,0.0241773,1.12231
29,144,2.7928e-6,4.04316e-7,4.04316e-7,2.85338e-6,-0.124552
29,168,3.65511e-10,1.70194e-11,1.70194e-11,3.36754e-10,0.500913
29,192,3.70729e-14,7.16416e-16,7.16416e-16,3.97435e-14,-0.394164
29,193,50.8823,35.8708,35.8708,36.5975,2.28956
29,194,79.1153,59.444,59.444,61.7038,1.65521
29,197,62.8875,55.9354,55.9354,62.2503,0.0600389
29,199,34.0174,24.1568,24.1568,29.2957,0.945406
29,216,0.0606725,0.0192101,0.0192101,0.0483546,1.49427
29,240,7.01706e-6,8.08633e-7,8.08633e-7,5.70677e-6,1.34681
29,264,7.14289e-10,3.40387e-11,3.40387e-11,6.73509e-10,0.355172
29,288,7.09852e-14,1.43283e-15,1.43283e-15,7.9487e-14,-0.627394
29,289,120.078,107.613,107.613,109.793,0.549495
29,290,216.13,178.332,178.332,185.111,0.982906
29,293,253.471,167.806,167.806,186.751,2.09568
29,295,88.6476,72.4703,72.4703,87.8872,0.0507539
29,312,0.161863,0.0576303,0.0576303,0.145064,0.679318
29,336,1.98902e-5,2.4259e-6,2.4259e-6,1.71203e-5,0.949029
29,360,2.14946e-9,1.02116e-10,1.02116e-10,2.02053e-9,0.374306
29,384,2.2156e-13,4.29849e-15,4.29849e-15,2.38461e-13,-0.415737
29,385,131.937,107.613,107.613,109.793,1.18309
29,386,210.299,178.332,178.332,185.111,0.798133
29,389,243.536,167.806,167.806,186.751,1.7836
29,391,110.958,72.4703,72.4703,87.8872,1.53984
29,408,0.159565,0.0576303,0.0576303,0.145064,0.586384
29,432,1.50132e-5,2.4259e-6,2.4259e-6,1.71203e-5,-0.72195
29,456,2.05611e-9,1.02116e-10,1.02116e-10,2.02053e-9,0.103317
29,480,2.2625e-13,4.29849e-15,4.29849e-15,2.38461e-13,-0.300369
29,481,134.261,107.613,107.613,109.793,1.30726
29,482,208.413,178.332,178.332,185.111,0.738391
29,485,234.548,167.806,167.806,186.751,1.5013
29,487,109.89,72.4703,72.4703,87.8872,1.46853
29,504,0.143724,0.0576303,0.0576303,0.145064,-0.0541593
29,528,1.86664e-5,2.4259e-6,2.4259e-6,1.71203e-5,0.529731
29,552,2.00812e-9,1.02116e-10,1.02116e-10,2.02053e-9,-0.0360292
29,576,2.32947e-13,4.29849e-15,4.29849e-15,2.38461e-13,-0.13564
29,577,139.122,107.613,107.613,109.793,1.56698
29,578,204.363,178.332,178.332,185.111,0.610059
29,581,201.992,167.806,167.806,186.751,0.478714
29,583,100.776,72.4703,72.4703,87.8872,0.860206
29,600,0.19218,0.0576303,0.0576303,0.145064,1.9052
29,624,1.47199e-5,2.4259e-6,2.4259e-6,1.71203e-5,-0.82242
29,648,2.05565e-9,1.02116e-10,1.02116e-10,2.02053e-9,0.101983
30,0,0,0,0,0,0
30,1,4.32428,3.58708,3.58708,3.53363,1.31247
30,2,7.26056,5.9444,5.9444,5.78185,1.50019
30,5,5.68968,5.59354,5.59354,5.1677,0.592498
30,7,2.17458,2.41568,2.41568,2.09186,0.231956
30,24,0.0011415,0.00192101,0.00192101,0.000959467,1.11287
30,48,2.03159e-8,8.08633e-8,8.08633e-8,1.85716e-8,0.550926
30,72,3.54122e-13,3.40387e-12,3.40387e-12,3.59476e-13,-0.0873676
30,96,6.97597e-18,1.43283e-16,1.43283e-16,6.95809e-18,8.05355e-5
30,97,20.5784,17.9354,17.9354,17.6682,0.966203
30,98,38.1927,29.722,29.722,28.9093,1.88365
30,101,29.3609,27.9677,27.9677,25.8385,0.799648
30,103,12.4691,12.0784,12.0784,10.4593,1.12716
30,120,0.00460148,0.00960504,0.00960504,0.00479733,-0.239472
30,144,9.16651e-8,4.04316e-7,4.04316e-7,9.28581e-8,-0.0753646
30,168,1.65364e-12,1.70194e-11,1.70194e-11,1.79738e-12,-0.469105
30,192,2.95152e-17,7.16416e-16,7.16416e-16,3.47904e-17,-0.0237577
30,193,37.6955,35.8708,35.8708,35.3363,0.391622
30,194,64.1731,59.444,59.444,57.8185,0.644681
30,197,55.2621,55.9354,55.9354,51.677,0.40694
30,199,22.8545,24.1568,24.1568,20.9186,0.542846
30,216,0.0101428,0.0192101,0.0192101,0.00959467,0.335094
30,240,1.76654e-7,8.08633e-7,8.08633e-7,1.85716e-7,-0.286221
30,264,3.20624e-12,3.40387e-11,3.40387e-11,3.59476e-12,-0.633979
30,288,6.93206e-17,1.43283e-15,1.43283e-15,6.95809e-17,-0.00117203
30,289,126.971,107.613,107.613,106.009,1.15991
30,290,169.328,178.332,178.332,173.456,-0.139571
30,293,170.063,167.806,167.806,155.031,0.568751
30,295,67.6433,72.4703,72.4703,62.7558,0.456844
30,312,0.0304997,0.0576303,0.0576303,0.028784,0.349643
30,336,5.01846e-7,2.4259e-6,2.4259e-6,5.57149e-7,-0.582247
30,360,9.97406e-12,1.02116e-10,1.02116e-10,1.07843e-11,-0.440699
30,384,2.01814e-16,4.29849e-15,4.29849e-15,2.08743e-16,-0.0312019
30,385,112.317,107.613,107.613,106.009,0.349064
30,386,211.064,178.332,178.332,173.456,1.27183
30,389,220.654,167.806,167.806,155.031,2.48296
30,391,70.7111,72.4703,72.4703,62.7558,0.743588
30,408,0.0327912,0.0576303,0.0576303,0.028784,0.816625
30,432,6.65856e-7,2.4259e-6,2.4259e-6,5.57149e-7,1.1445
30,456,1.13859e-11,1.02116e-10,1.02116e-10,1.07843e-11,0.327242
30,480,1.93603e-16,4.29849e-15,4.29849e-15,2.08743e-16,-0.0681824
30,481,135.199,107.613,107.613,106.009,1.61521
30,482,199.255,178.332,178.332,173.456,0.872486
30,485,177.05,167.806,167.806,155.031,0.833114
30,487,82.0314,72.4703,72.4703,62.7558,1.8017
30,504,0.0333411,0.0576303,0.0576303,0.028784,0.928674
30,528,5.05716e-7,2.4259e-6,2.4259e-6,5.57149e-7,-0.541503
30,552,1.00385e-11,1.02116e-10,1.02116e-10,1.07843e-11,-0.405623
30,576,1.83915e-16,4.29849e-15,4.29849e-15,2.08743e-16,-0.111813
30,577,121.665,107.613,107.613,106.009,0.8663
30,578,222.637,178.332,178.332,173.456,1.66318
30,581,195.387,167.806,167.806,155.031,1.52692
30,583,70.5535,72.4703,72.4703,62.7558,0.72886
30,600,0.0295504,0.0576303,0.0576303,0.028784,0.156176
30,624,6.0119e-7,2.4259e-6,2.4259e-6,5.57149e-7,0.463678
30,648,1.04449e-11,1.02116e-10,1.02116e-10,1.07843e-11,-0.184618