id,time,y2,popPred_medianCOV,popPred,indivPred_SAEM,indWRes_SAEM
1,0,0,0,0,0,0
1,1,104.44,81.983,81.983,101.655,0.113514
1,2,266.131,160.718,160.718,251.226,0.245758
1,5,458.514,200.033,200.033,408.34,0.50895
1,7,403.19,160.367,160.367,371.283,0.355959
1,24,55.1441,9.20135,9.20135,49.8731,0.437762
1,48,2.13167,0.137771,0.137771,1.91946,0.457944
1,72,0.0677164,0.00205776,0.00205776,0.0663729,0.0838395
1,96,0.002123,3.06058e-5,3.06058e-5,0.00217208,-0.0935947
1,97,16.2024,13.8025,13.8025,15.6629,0.142682
1,98,52.9643,45.1368,45.1368,55.9414,-0.220435
1,101,209.001,145.957,145.957,236.211,-0.477135
1,103,313.591,143.012,143.012,289.651,0.342344
1,120,81.2227,10.0839,10.0839,80.8366,0.0197847
1,144,4.21903,0.150708,0.150708,3.99344,0.233981
1,168,0.173644,0.00224592,0.00224592,0.153718,0.536936
1,192,0.00621656,3.34719e-5,3.34719e-5,0.00533078,0.688257
1,193,20.0037,17.5882,17.5882,18.7785,0.270246
1,194,70.029,57.5557,57.5557,67.0402,0.18466
1,197,298.318,189.841,189.841,285.413,0.187288
1,199,398.82,187.801,187.801,354.712,0.515063
1,216,125.25,13.572,13.572,107.73,0.673632
1,240,6.23171,0.203236,0.203236,5.54286,0.514766
1,264,0.202219,0.00303094,0.00303094,0.216521,-0.273603
1,288,0.00863625,4.50363e-5,4.50363e-5,0.00756958,0.583679
1,289,30.066,25.6312,25.6312,27.1145,0.45088
1,290,104.997,83.7639,83.7639,96.5761,0.361154
1,293,433.496,275.953,275.953,410.835,0.228472
1,295,509.288,274.813,274.813,512.65,-0.0271618
1,312,154.816,20.0407,20.0407,160.935,-0.157491
1,336,8.89619,0.297201,0.297201,8.4683,0.20929
1,360,0.323283,0.00440897,0.00440897,0.334151,-0.134712
1,384,0.0128947,6.54351e-5,6.54351e-5,0.0117668,0.39703
1,385,23.3635,20.0974,20.0974,21.2798,0.405589
1,386,80.1841,65.7653,65.7653,75.8204,0.238388
1,389,311.235,219.469,219.469,324.07,-0.164046
1,391,468.355,220.42,220.42,407.53,0.618206
1,408,122.482,16.4392,16.4392,135.401,-0.395189
1,432,8.09471,0.246399,0.246399,7.29199,0.455973
1,456,0.306901,0.00367647,0.00367647,0.290044,0.240742
2,0,0,0,0,0,0
2,1,86.2136,81.983,81.983,64.3058,1.41112
2,2,106.878,160.718,160.718,105.188,0.0665273
2,5,113.961,200.033,200.033,112.26,0.062767
2,7,89.3518,160.367,160.367,84.6333,0.230931
2,24,4.45352,9.20135,9.20135,4.36181,0.0870929
2,48,0.050652,0.137771,0.137771,0.0643459,-0.881504
2,72,0.000697186,0.00205776,0.00205776,0.000946579,-1.0913
2,96,1.47972e-5,3.06058e-5,3.06058e-5,1.38662e-5,0.278104
2,97,11.5009,13.8025,13.8025,10.3439,0.46329
2,98,26.1856,45.1368,45.1368,31.3377,-0.680976
2,101,84.4552,145.957,145.957,84.1804,0.013518
2,103,71.1798,143.012,143.012,72.2633,-0.0621049
2,120,4.12906,10.0839,10.0839,3.9369,0.202171
2,144,0.0632825,0.150708,0.150708,0.0576535,0.404411
2,168,0.000823819,0.00224592,0.00224592,0.000843354,-0.0959416
2,192,1.95213e-5,3.34719e-5,3.34719e-5,1.2213e-5,2.47861
2,193,17.2396,17.5882,17.5882,13.9543,0.97516
2,194,50.9685,57.5557,57.5557,42.3176,0.846746
2,197,123.125,189.841,189.841,114.945,0.294764
2,199,95.1767,187.801,187.801,99.3338,-0.173347
2,216,5.66403,13.572,13.572,5.43582,0.173896
2,240,0.0742221,0.203236,0.203236,0.0796155,-0.280599
2,264,0.00126045,0.00303094,0.00303094,0.00116463,0.340792
2,288,1.8866e-5,4.50363e-5,4.50363e-5,1.68972e-5,0.482613
2,289,17.3922,25.6312,25.6312,20.8815,-0.692146
2,290,57.7968,83.7639,83.7639,63.2858,-0.359255
2,293,134.548,275.953,275.953,174.529,-0.948854
2,295,164.658,274.813,274.813,151.028,0.373794
2,312,7.98309,20.0407,20.0407,8.25826,-0.138016
2,336,0.106159,0.297201,0.297201,0.120589,-0.495654
2,360,0.00171433,0.00440897,0.00440897,0.00176018,-0.107896
2,384,2.6982e-5,6.54351e-5,6.54351e-5,2.56933e-5,0.207748
2,385,16.3723,20.0974,20.0974,16.6873,-0.0782079
2,386,52.2164,65.7653,65.7653,50.6638,0.126933
2,389,134.364,219.469,219.469,142.056,-0.224277
2,391,134.458,220.42,220.42,123.722,0.359443
2,408,8.53053,16.4392,16.4392,6.81821,1.04023
2,432,0.111888,0.246399,0.246399,0.0994001,0.520376
2,456,0.00149278,0.00367647,0.00367647,0.00144993,0.122409
2,480,2.35751e-5,5.47352e-5,5.47352e-5,2.07331e-5,0.567772
2,481,18.5518,17.8257,17.8257,14.9636,0.993237
2,482,42.6974,58.3544,58.3544,45.4535,-0.251154
2,485,123.88,196.421,196.421,126.904,-0.09868
2,487,121.555,197.69,197.69,110.611,0.409825
2,504,5.6623,14.7191,14.7191,6.11537,-0.306869
2,528,0.10736,0.219878,0.219878,0.089142,0.846516
2,552,0.00139017,0.00323806,0.00323806,0.00130051,0.285561
2,576,1.88469e-5,4.87361e-5,4.87361e-5,1.8568e-5,0.0622131
2,577,14.664,16.4947,16.4947,13.9646,0.207445
2,578,43.3276,54.0071,54.0071,42.429,0.0877309
2,581,114.208,181.534,181.534,118.332,-0.144333
2,583,128.075,183.097,183.097,103.62,0.977562
2,600,6.18892,13.6933,13.6933,5.72624,0.334681
2,624,0.0920896,0.204178,0.204178,0.083907,0.403933
2,648,0.00118606,0.00302748,0.00302748,0.0012282,-0.142114
3,0,0,0,0,0,0
3,1,133.314,81.983,81.983,134.641,-0.0408301
3,2,321.659,160.718,160.718,346.541,-0.29741
3,5,553.512,200.033,200.033,534.064,0.150836
3,7,495.243,160.367,160.367,421.525,0.724385
3,24,20.0235,9.20135,9.20135,18.4016,0.365067
3,48,0.204603,0.137771,0.137771,0.190066,0.31679
3,72,0.00202035,0.00205776,0.00205776,0.0019607,0.126025
3,96,2.10162e-5,3.06058e-5,3.06058e-5,2.00545e-5,0.198621
3,97,59.5473,13.8025,13.8025,47.454,1.05558
3,98,186.689,45.1368,45.1368,151.559,0.960091
3,101,484.153,145.957,145.957,451.855,0.296071
3,103,398.653,143.012,143.012,416.304,-0.175628
3,120,24.5199,10.0839,10.0839,21.0284,0.687731
3,144,0.23477,0.150708,0.150708,0.217072,0.337702
3,168,0.00238322,0.00224592,0.00224592,0.00223877,0.267262
3,192,3.16075e-5,3.34719e-5,3.34719e-5,2.2924e-5,1.56901
3,193,56.9969,17.5882,17.5882,54.3076,0.205111
3,194,206.773,57.5557,57.5557,173.775,0.786552
3,197,544.73,189.841,189.841,533.602,0.0863816
3,199,506.688,187.801,187.801,497.8,0.0739499
3,216,22.8634,13.572,13.572,25.6641,-0.452024
3,240,0.276969,0.203236,0.203236,0.268579,0.129383
3,264,0.00259322,0.00303094,0.00303094,0.00279967,-0.305435
3,288,2.66775e-5,4.50363e-5,4.50363e-5,2.9087e-5,-0.343122
3,289,66.0307,25.6312,25.6312,74.2504,-0.458536
3,290,181.75,83.7639,83.7639,237.328,-0.970007
3,293,685.014,275.953,275.953,744.891,-0.332951
3,295,690.379,274.813,274.813,694.109,-0.022259
3,312,37.6658,20.0407,20.0407,35.8478,0.210051
3,336,0.399187,0.297201,0.297201,0.367864,0.352691
3,360,0.004252,0.00440897,0.00440897,0.00377147,0.527746
3,384,3.32691e-5,6.54351e-5,6.54351e-5,3.85302e-5,-0.565569
3,385,64.0049,20.0974,20.0974,54.3089,0.739499
3,386,184.23,65.7653,65.7653,173.905,0.245922
3,389,476.343,219.469,219.469,546.019,-0.528561
3,391,517.186,220.42,220.42,518.049,-0.00689968
3,408,33.4691,16.4392,16.4392,27.2737,0.940887
3,432,0.298169,0.246399,0.246399,0.282265,0.233385
3,456,0.00309337,0.00367647,0.00367647,0.00292654,0.236117
3,480,2.84323e-5,5.47352e-5,5.47352e-5,3.03039e-5,-0.255814
3,481,43.7721,17.8257,17.8257,46.2599,-0.222759
3,482,162.042,58.3544,58.3544,148.21,0.386558
3,485,459.4,196.421,196.421,465.869,-0.0575162
3,487,495.42,197.69,197.69,444.202,0.477587
3,504,24.6983,14.7191,14.7191,23.5935,0.193957
3,528,0.222844,0.219878,0.219878,0.243627,-0.353344
3,552,0.0027727,0.00323806,0.00323806,0.00250245,0.447318
3,576,3.42485e-5,4.87361e-5,4.87361e-5,2.51981e-5,1.4877
3,577,42.6433,16.4947,16.4947,41.5156,0.112515
3,578,147.296,54.0071,54.0071,133.044,0.443705
3,581,373.284,181.534,181.534,419.344,-0.454954
3,583,346.103,183.097,183.097,400.57,-0.56321
3,600,25.2997,13.6933,13.6933,21.3813,0.759091
3,624,0.221972,0.204178,0.204178,0.219356,0.049404
3,648,0.00235954,0.00302748,0.00302748,0.00224633,0.208751
4,0,0,0,0,0,0
4,1,18.4705,81.983,81.983,30.2169,-1.61016
4,2,29.1652,160.718,160.718,52.2228,-1.82881
4,5,32.6831,200.033,200.033,61.7384,-1.94933
4,7,24.6231,160.367,160.367,50.1184,-2.10707
4,24,1.78014,9.20135,9.20135,3.66536,-2.1304
4,48,0.0424155,0.137771,0.137771,0.0814169,-1.98418
4,72,0.000922727,0.00205776,0.00205776,0.0018059,-2.02566
4,96,2.40812e-5,3.06058e-5,3.06058e-5,3.99794e-5,-1.64713
4,97,3.44198,13.8025,13.8025,4.10918,-0.672538
4,98,11.0483,45.1368,45.1368,13.3928,-0.725098
4,101,40.6646,145.957,145.957,43.3771,-0.259022
4,103,36.4699,143.012,143.012,42.7386,-0.60754
4,120,3.39011,10.0839,10.0839,3.71602,-0.363282
4,144,0.0696386,0.150708,0.150708,0.0819708,-0.623156
4,168,0.0016296,0.00224592,0.00224592,0.00180614,-0.404866
4,192,2.99091e-5,3.34719e-5,3.34719e-5,3.96131e-5,-1.01468
4,193,4.92932,17.5882,17.5882,5.57932,-0.482555
4,194,18.6709,57.5557,57.5557,18.1907,0.109343
4,197,53.2526,189.841,189.841,59.4951,-0.434603
4,199,61.2785,187.801,187.801,59.1766,0.147128
4,216,4.7714,13.572,13.572,5.21009,-0.348759
4,240,0.100622,0.203236,0.203236,0.114144,-0.490671
4,264,0.00267608,0.00303094,0.00303094,0.00249478,0.30101
4,288,4.43981e-5,4.50363e-5,4.50363e-5,5.45881e-5,-0.773197
4,289,10.3142,25.6312,25.6312,8.48007,0.89587
4,290,29.7904,83.7639,83.7639,27.6129,0.326642
4,293,108.89,275.953,275.953,91.2553,0.800417
4,295,94.6133,274.813,274.813,90.9818,0.165327
4,312,9.63864,20.0407,20.0407,8.06828,0.806185
4,336,0.237486,0.297201,0.297201,0.177973,1.38507
4,360,0.00424822,0.00440897,0.00440897,0.00392104,0.345626
4,384,0.000120475,6.54351e-5,6.54351e-5,8.62751e-5,1.64192
4,385,8.18934,20.0974,20.0974,6.91539,0.763046
4,386,37.1149,65.7653,65.7653,22.5429,2.67747
4,389,78.1865,219.469,219.469,74.8353,0.185487
4,391,107.369,220.42,220.42,75.3077,1.76345
4,408,9.16357,16.4392,16.4392,6.76817,1.46596
4,432,0.180964,0.246399,0.246399,0.147938,0.924687
4,456,0.00450191,0.00367647,0.00367647,0.00322144,1.64639
4,480,0.000108348,5.47352e-5,5.47352e-5,7.03007e-5,2.24169
4,481,10.8462,17.8257,17.8257,6.27826,3.01369
4,482,27.6112,58.3544,58.3544,20.4724,1.44434
4,485,94.291,196.421,196.421,68.4045,1.56749
4,487,93.3375,197.69,197.69,68.9367,1.46612
4,504,9.71817,14.7191,14.7191,6.2081,2.34193
4,528,0.195426,0.219878,0.219878,0.136125,1.80441
4,552,0.00399559,0.00323806,0.00323806,0.0029859,1.40064
4,576,9.68273e-5,4.87361e-5,4.87361e-5,6.54852e-5,1.98244
4,577,8.87466,16.4947,16.4947,5.90815,2.07975
4,578,30.1423,54.0071,54.0071,19.2686,2.33746
4,581,101.302,181.534,181.534,64.2278,2.39089
4,583,78.9022,183.097,183.097,64.8096,0.900674
4,600,8.56963,13.6933,13.6933,5.88623,1.88827
4,624,0.161768,0.204178,0.204178,0.129867,1.01749
4,648,0.00394293,0.00302748,0.00302748,0.00286148,1.56541
5,0,0,0,0,0,0
5,1,103.484,81.983,81.983,82.4088,1.05931
5,2,267.747,160.718,160.718,225.404,0.778114
5,5,455.994,200.033,200.033,387.515,0.731953
5,7,315.71,160.367,160.367,320.816,-0.065923
5,24,19.6618,9.20135,9.20135,20.2432,-0.118966
5,48,0.286021,0.137771,0.137771,0.346309,-0.721082
5,72,0.00636073,0.00205776,0.00205776,0.00592767,0.302608
5,96,0.0001294,3.06058e-5,3.06058e-5,0.000101337,1.14708
5,97,28.4546,13.8025,13.8025,30.091,-0.225252
5,98,99.5973,45.1368,45.1368,97.9124,0.0712776
5,101,333.089,145.957,145.957,310.234,0.305152
5,103,329.076,143.012,143.012,300.618,0.392103
5,120,20.2865,10.0839,10.0839,22.2848,-0.371419
5,144,0.384488,0.150708,0.150708,0.386831,-0.0250885
5,168,0.00541136,0.00224592,0.00224592,0.00669991,-0.796616
5,192,0.000105551,3.34719e-5,3.34719e-5,0.00011599,-0.37279
5,193,34.8535,17.5882,17.5882,34.6207,0.0278473
5,194,111.181,57.5557,57.5557,112.795,-0.059293
5,197,351.733,189.841,189.841,365.999,-0.161457
5,199,329.188,187.801,187.801,359.396,-0.348149
5,216,30.5214,13.572,13.572,27.0178,0.537136
5,240,0.5776,0.203236,0.203236,0.465083,1.00208
5,264,0.00984723,0.00303094,0.00303094,0.00799007,0.962752
5,288,0.000160447,4.50363e-5,4.50363e-5,0.000137006,0.708676
5,289,47.4373,25.6312,25.6312,47.305,0.0115883
5,290,158.86,83.7639,83.7639,153.92,0.132932
5,293,433.258,275.953,275.953,499.763,-0.551196
5,295,583.031,274.813,274.813,492.919,0.757218
5,312,37.3169,20.0407,20.0407,37.6889,-0.0408831
5,336,0.768513,0.297201,0.297201,0.649904,0.755935
5,360,0.0101316,0.00440897,0.00440897,0.0111856,-0.390327
5,384,0.00019454,6.54351e-5,6.54351e-5,0.00019249,0.044115
5,385,29.3856,20.0974,20.0974,34.5973,-0.623956
5,386,93.3759,65.7653,65.7653,112.744,-0.711552
5,389,404.542,219.469,219.469,371.566,0.367598
5,391,412.149,220.42,220.42,369.977,0.472144
5,408,32.1389,16.4392,16.4392,28.8447,0.47303
5,432,0.518184,0.246399,0.246399,0.497367,0.173365
5,456,0.00889442,0.00367647,0.00367647,0.00855829,0.162684
5,480,0.000139591,5.47352e-5,5.47352e-5,0.000147231,-0.214934
5,481,33.6253,17.8257,17.8257,29.4048,0.594515
5,482,93.4053,58.3544,58.3544,95.866,-0.106319
5,485,320.794,196.421,196.421,317.01,0.049448
5,487,352.201,197.69,197.69,317.376,0.454489
5,504,21.4299,14.7191,14.7191,24.8583,-0.57126
5,528,0.454203,0.219878,0.219878,0.430533,0.227716
5,552,0.00805543,0.00323806,0.00323806,0.00743314,0.346766
5,576,0.000156324,4.87361e-5,4.87361e-5,0.000127645,0.930631
5,577,30.15,16.4947,16.4947,26.3392,0.599276
5,578,91.77,54.0071,54.0071,85.8899,0.28357
5,581,272.379,181.534,181.534,285.517,-0.190603
5,583,313.869,183.097,183.097,286.102,0.401997
5,600,25.6373,13.6933,13.6933,22.4666,0.58457
5,624,0.408349,0.204178,0.204178,0.38506,0.250519
5,648,0.006827,0.00302748,0.00302748,0.00659145,0.148019
6,0,0,0,0,0,0
6,1,86.5782,81.983,81.983,70.9886,0.909618
6,2,141.951,160.718,160.718,118.778,0.80812
6,5,169.647,200.033,200.033,136.4,1.00961
6,7,114.52,160.367,160.367,108.481,0.230597
6,24,4.76005,9.20135,9.20135,4.78099,-0.018144
6,48,0.0312852,0.137771,0.137771,0.0378377,-0.717296
6,72,0.000208392,0.00205776,0.00205776,0.000286338,-1.12754
6,96,2.9655e-6,3.06058e-5,3.06058e-5,1.83698e-6,2.54462
6,97,10.4545,13.8025,13.8025,9.99368,0.191002
6,98,35.3295,45.1368,45.1368,33.4344,0.234767
6,101,124.394,145.957,145.957,114.112,0.373213
6,103,111.263,143.012,143.012,116.366,-0.181629
6,120,8.80385,10.0839,10.0839,7.64617,0.627134
6,144,0.0512687,0.150708,0.150708,0.063402,-0.792668
6,168,0.000385601,0.00224592,0.00224592,0.000482179,-0.829636
6,192,3.38424e-6,3.34719e-5,3.34719e-5,3.29852e-6,0.107639
6,193,15.4748,17.5882,17.5882,12.7866,0.870807
6,194,46.2166,57.5557,57.5557,42.8213,0.328418
6,197,154.375,189.841,189.841,149.372,0.138726
6,199,179.227,187.801,187.801,154.893,0.650739
6,216,11.3343,13.572,13.572,10.692,0.248805
6,240,0.0818287,0.203236,0.203236,0.0891943,-0.342047
6,264,0.00053382,0.00303094,0.00303094,0.000674948,-0.866082
6,288,5.99977e-6,4.50363e-5,4.50363e-5,4.8613e-6,0.970033
6,289,20.3422,25.6312,25.6312,19.4112,0.198653
6,290,63.5965,83.7639,83.7639,64.9074,-0.0836526
6,293,230.566,275.953,275.953,227.927,0.0479586
6,295,249.979,274.813,274.813,237.636,0.215151
6,312,15.2343,20.0407,20.0407,16.8651,-0.400532
6,336,0.112528,0.297201,0.297201,0.1415,-0.848074
6,360,0.000818969,0.00440897,0.00440897,0.00107921,-0.998822
6,384,8.66963e-6,6.54351e-5,6.54351e-5,8.05947e-6,0.31358
6,385,17.2911,20.0974,20.0974,16.014,0.330321
6,386,60.2376,65.7653,65.7653,53.6056,0.512454
6,389,192.253,219.469,219.469,189.525,0.0596176
6,391,230.798,220.42,220.42,199.936,0.639359
6,408,14.995,16.4392,16.4392,14.5824,0.117195
6,432,0.0979313,0.246399,0.246399,0.122077,-0.819256
6,456,0.000687736,0.00367647,0.00367647,0.000919886,-1.04532
6,480,6.70626e-6,5.47352e-5,5.47352e-5,6.78341e-6,-0.0471086
6,481,19.1731,17.8257,17.8257,14.6546,1.27713
6,482,52.104,58.3544,58.3544,49.0694,0.256155
6,485,163.402,196.421,196.421,174.51,-0.26366
6,487,141.624,197.69,197.69,184.45,-0.96172
6,504,14.9672,14.7191,14.7191,13.6585,0.396866
6,528,0.115404,0.219878,0.219878,0.114464,0.0340125
6,552,0.000799955,0.00323806,0.00323806,0.00086507,-0.311776
6,576,1.11076e-5,4.87361e-5,4.87361e-5,6.37276e-6,3.07747
6,577,14.1184,16.4947,16.4947,13.8763,0.0722441
6,578,55.7275,54.0071,54.0071,46.4696,0.825203
6,581,192.072,181.534,181.534,165.326,0.670082
6,583,179.679,183.097,183.097,174.994,0.110878
6,600,13.7487,13.6933,13.6933,13.0794,0.211968
6,624,0.100216,0.204178,0.204178,0.109062,-0.33595
6,648,0.000680242,0.00302748,0.00302748,0.000828224,-0.740075
7,0,0,0,0,0,0
7,1,105.584,81.983,81.983,93.9954,0.510674
7,2,309.74,160.718,160.718,249.876,0.992327
7,5,475.93,200.033,200.033,399.666,0.790386
7,7,336.377,160.367,160.367,315.505,0.274019
7,24,13.5629,9.20135,9.20135,11.6307,0.688119
7,48,0.102467,0.137771,0.137771,0.0863769,0.771566
7,72,0.000652125,0.00205776,0.00205776,0.000636777,0.0998344
7,96,5.1657e-6,3.06058e-5,3.06058e-5,4.68055e-6,0.429339
7,97,43.6396,13.8025,13.8025,36.4153,0.821729
7,98,123.823,45.1368,45.1368,117.447,0.224862
7,101,311.426,145.957,145.957,357.675,-0.535585
7,103,360.388,143.012,143.012,332.476,0.347735
7,120,15.0323,10.0839,10.0839,14.8162,0.0604318
7,144,0.0835912,0.150708,0.150708,0.111509,-1.03703
7,168,0.00104831,0.00224592,0.00224592,0.000834991,1.05819
7,192,4.78146e-6,3.34719e-5,3.34719e-5,6.22073e-6,-0.958334
7,193,39.9792,17.5882,17.5882,40.3791,-0.041017
7,194,124.054,57.5557,57.5557,130.524,-0.205333
7,197,453.263,189.841,189.841,408.619,0.452547
7,199,440.079,187.801,187.801,386.934,0.568905
7,216,19.0759,13.572,13.572,17.745,0.310642
7,240,0.175321,0.203236,0.203236,0.133352,1.30358
7,264,0.00103909,0.00303094,0.00303094,0.000992801,0.193114
7,288,7.00769e-6,4.50363e-5,4.50363e-5,7.40981e-6,-0.224784
7,289,62.5883,31.8866,31.8866,68.1761,-0.339489
7,290,205.033,104.051,104.051,219.73,-0.277047
7,293,657.452,341.007,341.007,692.433,-0.209254
7,295,633.593,338.493,338.493,653.396,-0.125536
7,312,30.8096,24.4719,24.4719,30.1848,0.0857416
7,336,0.230205,0.366913,0.366913,0.227408,0.0509363
7,360,0.00143769,0.00542847,0.00542847,0.00170008,-0.639279
8,0,0,0,0,0,0
8,1,77.5954,81.983,81.983,63.193,0.944022
8,2,102.44,160.718,160.718,103.518,-0.0431331
8,5,121.375,200.033,200.033,116.29,0.181116
8,7,88.3403,160.367,160.367,92.6896,-0.194355
8,24,6.90053,9.20135,9.20135,7.82781,-0.490668
8,48,0.242039,0.137771,0.137771,0.231883,0.181412
8,72,0.00788717,0.00205776,0.00205776,0.00686092,0.619564
8,96,0.000245556,3.06058e-5,3.06058e-5,0.000202365,0.884042
8,97,9.35751,13.8025,13.8025,8.64699,0.340353
8,98,29.3754,45.1368,45.1368,26.8201,0.394631
8,101,87.1885,145.957,145.957,77.544,0.515169
8,103,74.8582,143.012,143.012,71.0121,0.224338
8,120,6.60694,10.0839,10.0839,6.37231,0.15251
8,144,0.178453,0.150708,0.150708,0.183923,-0.123182
8,168,0.006197,0.00224592,0.00224592,0.0052898,0.71036
8,192,0.000162017,3.34719e-5,3.34719e-5,0.000152469,0.259376
8,193,14.1485,17.5882,17.5882,12.2116,0.656989
8,194,33.5041,57.5557,57.5557,37.8876,-0.479226
8,197,106.665,189.841,189.841,110.969,-0.160658
8,199,93.1578,187.801,187.801,101.888,-0.354906
8,216,9.69383,13.572,13.572,9.21284,0.216251
8,240,0.296411,0.203236,0.203236,0.269978,0.405531
8,264,0.00728679,0.00303094,0.00303094,0.00791423,-0.32838
8,288,0.000259087,4.50363e-5,4.50363e-5,0.00023202,0.483194
8,289,26.7209,31.8866,31.8866,23.2921,0.609747
8,290,78.9462,104.051,104.051,72.1113,0.392598
8,293,220.542,341.007,341.007,209.893,0.210133
8,295,139.419,338.493,338.493,193.128,-1.15192
8,312,14.9771,24.4719,24.4719,17.4044,-0.577671
8,336,0.569113,0.366913,0.366913,0.507656,0.501437
8,360,0.0158558,0.00542847,0.00542847,0.0148201,0.289463
8,384,0.000441417,8.0546e-5,8.0546e-5,0.000432116,0.0891559
8,385,19.7995,24.0458,24.0458,18.4522,0.302444
8,386,66.708,78.6067,78.6067,57.2288,0.686079
8,389,176.872,263.035,263.035,169.937,0.16905
8,391,148.326,264.103,264.103,157.459,-0.240252
8,408,14.9834,19.6332,19.6332,14.2273,0.220122
8,432,0.433631,0.291753,0.291753,0.413156,0.205266
8,456,0.0129938,0.00432709,0.00432709,0.0121326,0.294015
8,480,0.000397619,6.41058e-5,6.41058e-5,0.000357731,0.461849
8,481,18.1828,21.2127,21.2127,16.6905,0.370352
8,482,59.0035,69.375,69.375,51.7873,0.577169
8,485,152.61,235.341,235.341,153.953,-0.0361453
8,487,142.386,235.931,235.931,143.031,-0.0186705
8,504,14.0447,17.6823,17.6823,13.0007,0.33262
8,528,0.376956,0.265736,0.265736,0.381319,-0.0473911
8,552,0.0115388,0.00395903,0.00395903,0.0111992,0.125606
8,576,0.000394024,5.87531e-5,5.87531e-5,0.000328766,0.822172
8,577,18.2855,19.617,19.617,15.7078,0.679737
8,578,58.991,64.1691,64.1691,48.7475,0.870386
8,581,160.403,215.125,215.125,145.332,0.42953
8,583,147.436,217.126,217.126,135.148,0.376617
8,600,11.3878,16.376,16.376,12.3403,-0.319702
8,624,0.386445,0.247544,0.247544,0.361514,0.285638
8,648,0.0103273,0.00372171,0.00372171,0.0105934,-0.104063
9,0,0,0,0,0,0
9,1,29.5131,81.983,81.983,20.0775,1.94659
9,2,43.3178,160.718,160.718,49.5617,-0.521826
9,5,40.6062,200.033,200.033,71.5274,-1.7906
9,7,25.0552,160.367,160.367,54.611,-2.2417
9,24,0.486679,9.20135,9.20135,2.15436,-3.20635
9,48,0.00195571,0.137771,0.137771,0.0203541,-3.74406
9,72,6.82337e-6,0.00205776,0.00205776,0.000193124,-3.99571
9,96,8.33788e-6,3.06058e-5,3.06058e-5,1.7659e-6,15.415
9,97,6.35881,13.8025,13.8025,7.30611,-0.537054
9,98,17.4428,45.1368,45.1368,22.6253,-0.948761
9,101,52.6333,145.957,145.957,62.316,-0.643591
9,103,35.0499,143.012,143.012,54.1695,-1.46198
9,120,0.938487,10.0839,10.0839,2.33416,-2.47667
9,144,0.00278411,0.150708,0.150708,0.0221732,-3.62197
9,168,9.52789e-6,0.00224592,0.00224592,0.000210719,-3.95476
9,192,1.81203e-6,3.34719e-5,3.34719e-5,2.10011e-6,-0.568191
9,193,8.64806,17.5882,17.5882,8.40545,0.119554
9,194,27.1946,57.5557,57.5557,26.0905,0.175284
9,197,52.6013,189.841,189.841,73.6394,-1.18335
9,199,50.961,187.801,187.801,64.8675,-0.887988
9,216,1.3701,13.572,13.572,2.82983,-2.13662
9,240,0.00446074,0.203236,0.203236,0.0265201,-3.44535
9,264,1.18295e-5,0.00303094,0.00303094,0.000248634,-3.94498
9,288,1.84848e-7,4.50363e-5,4.50363e-5,2.28001e-6,-3.80624
9,289,18.041,31.8866,31.8866,14.3133,1.07873
9,290,51.2588,104.051,104.051,44.3158,0.64894
9,293,125.927,341.007,341.007,127.204,-0.0416072
9,295,110.551,338.493,338.493,111.314,-0.0284123
9,312,2.52999,24.4719,24.4719,4.88066,-1.99493
9,336,0.00718197,0.366913,0.366913,0.0474824,-3.51554
9,360,2.46301e-5,0.00542847,0.00542847,0.00046063,-3.92057
9,384,6.97791e-7,8.0546e-5,8.0546e-5,4.42188e-6,-3.48842
9,385,12.5718,24.0458,24.0458,9.90389,1.11577
9,386,39.7886,78.6067,78.6067,30.7544,1.21674
9,389,98.088,263.035,263.035,88.7879,0.433862
9,391,99.3842,264.103,264.103,79.3451,1.0461
9,408,2.46958,19.6332,19.6332,3.51267,-1.22998
9,432,0.00796144,0.291753,0.291753,0.0334808,-3.15711
9,456,2.15365e-5,0.00432709,0.00432709,0.00031891,-3.86233
9,480,5.40278e-8,6.41058e-5,6.41058e-5,3.08798e-6,-4.06958
9,481,10.5969,21.2127,21.2127,8.35071,1.11414
9,482,48.9093,69.375,69.375,25.9501,3.66465
9,485,101.278,235.341,235.341,75.4248,1.41976
9,487,103.554,235.931,235.931,67.6597,2.19741
9,504,2.15404,17.6823,17.6823,3.01006,-1.17795
9,528,0.00709185,0.265736,0.265736,0.028856,-3.12407
9,552,2.76901e-5,0.00395903,0.00395903,0.000276413,-3.72712
9,576,1.55887e-6,5.87531e-5,5.87531e-5,2.41699e-6,-1.47058
9,577,12.1002,19.617,19.617,7.46487,2.57202
9,578,41.5732,64.1691,64.1691,23.205,3.27869
9,581,97.547,215.125,215.125,67.7598,1.82084
9,583,95.5388,217.126,217.126,60.8605,2.36014
9,600,2.085,16.376,16.376,2.71635,-0.962722
9,624,0.00789051,0.247544,0.247544,0.025863,-2.87836
9,648,2.45805e-5,0.00372171,0.00372171,0.000246353,-3.72877
10,0,0,0,0,0,0
10,1,163.361,81.983,81.983,127.082,1.18247
10,2,442.403,160.718,160.718,328.225,1.44088
10,5,641.876,200.033,200.033,532.071,0.854809
10,7,486.048,160.367,160.367,459.959,0.234939
10,24,43.5126,9.20135,9.20135,35.0903,0.994173
10,48,0.717903,0.137771,0.137771,0.578748,0.99592
10,72,0.0101196,0.00205776,0.00205776,0.00879686,0.622806
10,96,0.000104041,3.06058e-5,3.06058e-5,0.000132543,-0.89071
10,97,31.337,13.8025,13.8025,28.5565,0.403303
10,98,100.924,45.1368,45.1368,98.4412,0.104487
10,101,382.549,145.957,145.957,368.558,0.157247
10,103,443.574,143.012,143.012,407.357,0.368264
10,120,48.975,10.0839,10.0839,50.6342,-0.135722
10,144,1.17535,0.150708,0.150708,0.92017,1.14866
10,168,0.0172294,0.00224592,0.00224592,0.0142016,0.883082
10,192,0.000182733,3.34719e-5,3.34719e-5,0.00021326,-0.592913
10,193,36.0578,17.5882,17.5882,33.3112,0.341522
10,194,107.694,57.5557,57.5557,114.877,-0.258972
10,197,407.297,189.841,189.841,438.104,-0.29127
10,199,565.769,187.801,187.801,491.673,0.624211
10,216,69.6457,13.572,13.572,65.1727,0.28428
10,240,1.18844,0.203236,0.203236,1.20756,-0.0655808
10,264,0.020466,0.00303094,0.00303094,0.0188598,0.352759
10,288,0.000275213,4.50363e-5,4.50363e-5,0.000285046,-0.142883
10,289,55.5023,31.8866,31.8866,57.949,-0.174886
10,290,215.713,104.051,104.051,199.148,0.344533
10,293,551.374,341.007,341.007,753.527,-1.11121
10,295,864.122,338.493,338.493,847.669,0.0803923
10,312,113.575,24.4719,24.4719,113.807,-0.00846471
10,336,2.18588,0.366913,0.366913,2.11414,0.140563
10,360,0.0376374,0.00542847,0.00542847,0.0329661,0.586925
10,384,0.000442074,8.0546e-5,8.0546e-5,0.000497267,-0.459743
10,385,48.2622,24.0458,24.0458,41.8259,0.637385
10,386,131.739,78.6067,78.6067,143.923,-0.350663
10,389,478.249,263.035,263.035,557.741,-0.590343
10,391,622.29,264.103,264.103,633.661,-0.0743322
10,408,102.061,19.6332,19.6332,90.4405,0.532227
10,432,2.01135,0.291753,0.291753,1.71955,0.702893
10,456,0.0235593,0.00432709,0.00432709,0.0271537,-0.548292
10,480,0.00037236,6.41058e-5,6.41058e-5,0.000414442,-0.420575
10,481,36.1515,21.2127,21.2127,36.0034,0.0170443
10,482,119.208,69.375,69.375,123.926,-0.157697
10,485,347.438,235.341,235.341,479.574,-1.14126
10,487,573.674,235.931,235.931,548.488,0.190205
10,504,90.4051,17.6823,17.6823,79.7565,0.55302
10,528,1.78669,0.265736,0.265736,1.51663,0.737558
10,552,0.0297664,0.00395903,0.00395903,0.0239241,1.01149
10,576,0.000446767,5.87531e-5,5.87531e-5,0.000366672,0.904776
10,577,37.2049,19.617,19.617,32.7296,0.566358
10,578,107.675,64.1691,64.1691,112.674,-0.183767
10,581,379.06,215.125,215.125,437.867,-0.556294
10,583,497.372,217.126,217.126,500.777,-0.0281608
10,600,68.2836,16.376,16.376,73.4584,-0.291788
10,624,1.63398,0.247544,0.247544,1.39702,0.702564
10,648,0.0250047,0.00372171,0.00372171,0.0219854,0.568821
11,0,0,0,0,0,0
11,1,146.918,81.983,81.983,95.5839,2.22451
11,2,313.483,160.718,160.718,213.418,1.94208
11,5,358.735,200.033,200.033,279.468,1.17484
11,7,247.274,160.367,160.367,214.816,0.625854
11,24,8.32397,9.20135,9.20135,8.31411,0.00491645
11,48,0.0718881,0.137771,0.137771,0.0722176,-0.0188943
11,72,0.000535946,0.00205776,0.00205776,0.000638858,-0.667236
11,96,1.27695e-5,3.06058e-5,3.06058e-5,5.37828e-6,5.69228
11,97,29.1553,13.8025,13.8025,24.3652,0.814293
11,98,71.7299,45.1368,45.1368,77.4052,-0.303695
11,101,213.845,145.957,145.957,228.079,-0.25849
11,103,237.493,143.012,143.012,207.272,0.603923
11,120,11.0269,10.0839,10.0839,9.35938,0.73798
11,144,0.0746679,0.150708,0.150708,0.0829568,-0.413867
11,168,0.000353063,0.00224592,0.00224592,0.000735085,-2.15262
11,192,6.52737e-6,3.34719e-5,3.34719e-5,6.39703e-6,0.0843893
11,193,41.4302,17.5882,17.5882,29.046,1.76603
11,194,96.3167,57.5557,57.5557,92.4292,0.174208
11,197,290.945,189.841,189.841,277.952,0.193623
11,199,311.774,187.801,187.801,256.101,0.900417
11,216,11.3005,13.572,13.572,11.7483,-0.157877
11,240,0.084314,0.203236,0.203236,0.102564,-0.737014
11,264,0.000616056,0.00303094,0.00303094,0.000896304,-1.2951
11,288,5.45657e-6,4.50363e-5,4.50363e-5,7.79334e-6,-1.24196
11,289,59.7409,31.8866,31.8866,50.5388,0.754184
11,290,152.006,104.051,104.051,160.386,-0.216427
11,293,398.419,341.007,341.007,483.8,-0.730992
11,295,421.206,338.493,338.493,445.583,-0.226609
11,312,17.4213,24.4719,24.4719,20.5745,-0.634793
11,336,0.138092,0.366913,0.366913,0.181694,-0.993983
11,360,0.00117446,0.00542847,0.00542847,0.00160007,-1.10176
11,384,1.19967e-5,8.0546e-5,8.0546e-5,1.41737e-5,-0.636183
11,385,31.9263,24.0458,24.0458,36.0988,-0.478766
11,386,131.329,78.6067,78.6067,114.85,0.594298
11,389,373.627,263.035,263.035,354.324,0.225653
11,391,340.594,264.103,264.103,331.313,0.11602
11,408,13.7252,19.6332,19.6332,15.5817,-0.493514
11,432,0.139085,0.291753,0.291753,0.136362,0.0827292
11,456,0.000865527,0.00432709,0.00432709,0.00119256,-1.13586
11,480,9.73697e-6,6.41058e-5,6.41058e-5,1.04062e-5,-0.266364
11,481,35.4144,21.2127,21.2127,30.923,0.601618
11,482,101.195,69.375,69.375,98.4444,0.115724
11,485,348.578,235.341,235.341,307.336,0.555841
11,487,317.264,235.931,235.931,287.805,0.423973
11,504,14.3129,17.6823,17.6823,13.6519,0.200562
11,528,0.0981264,0.265736,0.265736,0.121126,-0.786492
11,552,0.000866411,0.00395903,0.00395903,0.00107387,-0.800186
11,576,7.15964e-6,5.87531e-5,5.87531e-5,9.4759e-6,-1.01247
11,577,30.8887,19.617,19.617,27.9851,0.429754
11,578,95.8753,64.1691,64.1691,89.1172,0.314107
11,581,314.002,215.125,215.125,275.957,0.571056
11,583,259.1,217.126,217.126,259.867,-0.0122279
11,600,13.4526,16.376,16.376,12.3644,0.364538
11,624,0.0936423,0.247544,0.247544,0.110172,-0.621448
11,648,0.000586548,0.00372171,0.00372171,0.00097371,-1.64694
12,0,0,0,0,0,0
12,1,86.7781,81.983,81.983,73.8578,0.724593
12,2,160.466,160.718,160.718,140.335,0.59418
12,5,186.472,200.033,200.033,169.853,0.405277
12,7,151.439,160.367,160.367,134.812,0.510873
12,24,7.26517,9.20135,9.20135,7.99165,-0.376531
12,48,0.136954,0.137771,0.137771,0.131599,0.168538
12,72,0.00221545,0.00205776,0.00205776,0.00216677,0.0930682
12,96,4.35726e-5,3.06058e-5,3.06058e-5,3.57354e-5,0.908401
12,97,13.2374,13.8025,13.8025,12.2956,0.317257
12,98,38.8712,45.1368,45.1368,39.5424,-0.0703012
12,101,143.444,145.957,145.957,122.533,0.706879
12,103,117.162,143.012,143.012,116.59,0.0203183
12,120,8.74774,10.0839,10.0839,8.04358,0.362609
12,144,0.143911,0.150708,0.150708,0.131989,0.374155
12,168,0.00227378,0.00224592,0.00224592,0.00217883,0.180513
12,192,3.99004e-5,3.34719e-5,3.34719e-5,3.61005e-5,0.43599
12,193,16.4977,17.5882,17.5882,15.9521,0.141663
12,194,55.8892,57.5557,57.5557,51.3358,0.367394
12,197,183.018,189.841,189.841,162.46,0.524144
12,199,143.986,187.801,187.801,155.684,-0.311213
12,216,11.2362,13.572,13.572,10.9031,0.126535
12,240,0.165059,0.203236,0.203236,0.180878,-0.362229
12,264,0.00319524,0.00303094,0.00303094,0.00300021,0.269256
12,288,5.74133e-5,4.50363e-5,4.50363e-5,4.95633e-5,0.656039
12,289,27.4888,31.8866,31.8866,29.059,-0.223806
12,290,94.4697,104.051,104.051,93.2688,0.0533314
12,293,323.391,341.007,341.007,293.182,0.426787
12,295,320.422,338.493,338.493,281.891,0.566174
12,312,17.7443,24.4719,24.4719,19.7721,-0.424806
12,336,0.319287,0.366913,0.366913,0.325197,-0.0752792
12,360,0.00563589,0.00542847,0.00542847,0.00533709,0.231899
12,384,9.56684e-5,8.0546e-5,8.0546e-5,8.77864e-5,0.371901
12,385,21.1573,24.0458,24.0458,21.9668,-0.152649
12,386,77.4055,78.6067,78.6067,70.6428,0.396523
12,389,267.672,263.035,263.035,227.126,0.739444
12,391,231.664,264.103,264.103,220.616,0.207416
12,408,14.5703,19.6332,19.6332,15.7511,-0.310521
12,432,0.264488,0.291753,0.291753,0.261396,0.0489872
12,456,0.00405289,0.00432709,0.00432709,0.00433589,-0.270348
12,480,7.62379e-5,6.41058e-5,6.41058e-5,7.17103e-5,0.261516
12,481,17.0796,21.2127,21.2127,19.3996,-0.495341
12,482,67.8645,69.375,69.375,62.4156,0.361603
12,485,209.881,235.341,235.341,202.562,0.149651
12,487,212.683,235.931,235.931,196.732,0.335831
12,504,15.1776,17.6823,17.6823,14.1257,0.308434
12,528,0.241162,0.265736,0.265736,0.234353,0.120353
12,552,0.00414928,0.00395903,0.00395903,0.00389058,0.275421
12,576,6.35551e-5,5.87531e-5,5.87531e-5,6.39103e-5,-0.0230247
12,577,18.6204,19.617,19.617,17.9541,0.1537
12,578,53.3756,64.1691,64.1691,57.777,-0.315535
12,581,210.787,215.125,215.125,186.573,0.537572
12,583,198.027,217.126,217.126,182.005,0.364639
12,600,13.3332,16.376,16.376,13.1203,0.0672015
12,624,0.245836,0.247544,0.247544,0.217856,0.531984
12,648,0.00307663,0.00372171,0.00372171,0.00361561,-0.617459
13,0,0,0,0,0,0
13,1,84.3123,81.983,81.983,75.0053,0.513965
13,2,160.38,160.718,160.718,120.699,1.36172
13,5,150.523,200.033,200.033,124.931,0.848475
13,7,111.896,160.367,160.367,91.9145,0.900471
13,24,2.18069,9.20135,9.20135,3.65822,-1.67294
13,48,0.0100819,0.137771,0.137771,0.0368192,-3.00786
13,72,4.42003e-5,0.00205776,0.00205776,0.000370944,-3.6485
13,96,3.62872e-6,3.06058e-5,3.06058e-5,3.71097e-6,-0.0917977
13,97,16.2007,13.8025,13.8025,12.6113,1.17889
13,98,47.9994,45.1368,45.1368,38.0341,1.08526
13,101,97.6778,145.957,145.957,100.04,-0.0978051
13,103,110.92,143.012,143.012,84.0007,1.32736
13,120,2.22731,10.0839,10.0839,3.57231,-1.55951
13,144,0.00978729,0.150708,0.150708,0.0364923,-3.03115
13,168,5.35167e-5,0.00224592,0.00224592,0.000372136,-3.54639
13,192,1.28517e-6,3.34719e-5,3.34719e-5,3.63485e-6,-2.67756
13,193,19.5888,17.5882,17.5882,16.724,0.709527
13,194,59.2186,57.5557,57.5557,50.5088,0.714258
13,197,132.275,189.841,189.841,136.448,-0.126677
13,199,110.176,187.801,187.801,115.162,-0.179339
13,216,2.73065,13.572,13.572,4.92652,-1.84621
13,240,0.0162368,0.203236,0.203236,0.0500156,-2.7974
13,264,7.85152e-5,0.00303094,0.00303094,0.000508169,-3.50208
13,288,4.7292e-6,4.50363e-5,4.50363e-5,5.03984e-6,-0.255307
13,289,42.4137,38.1056,38.1056,36.9725,0.609579
13,290,113.434,124.16,124.16,111.276,0.0803149
13,293,299.123,407.639,407.639,294.491,0.0651494
13,295,210.427,402.194,402.194,249.071,-0.642658
13,312,6.55392,28.8966,28.8966,10.6078,-1.58293
13,336,0.033674,0.429171,0.429171,0.108158,-2.85246
13,360,0.000152175,0.00633081,0.00633081,0.00109068,-3.56414
13,384,2.60951e-5,9.35678e-5,9.35678e-5,1.10887e-5,5.60552
13,385,31.813,27.7542,27.7542,27.66,0.621915
13,386,102.643,90.6421,90.6421,83.5303,0.947729
13,389,247.653,300.973,300.973,228.164,0.353793
13,391,205.707,302.762,302.762,195.075,0.22575
13,408,6.30526,22.5406,22.5406,8.42129,-1.04078
13,432,0.027149,0.338639,0.338639,0.0863506,-2.83977
13,456,0.000124409,0.00504183,0.00504183,0.00088337,-3.55871
13,480,1.27188e-6,7.50711e-5,7.50711e-5,8.98367e-6,-3.55563
13,481,28.2476,24.4379,24.4379,24.6396,0.606525
13,482,92.2506,79.8483,79.8483,74.4608,0.989598
13,485,212.13,267.528,267.528,204.19,0.161071
13,487,181.888,269.775,269.775,175.11,0.160324
13,504,5.03057,20.2157,20.2157,7.51234,-1.36837
13,528,0.0260794,0.300129,0.300129,0.0759144,-2.7191
13,552,0.000100287,0.00445229,0.00445229,0.000766902,-3.6004
13,576,3.85682e-6,6.60646e-5,6.60646e-5,7.81902e-6,-2.09894
13,577,28.5325,22.6201,22.6201,22.9995,0.996451
13,578,92.6809,73.9235,73.9235,69.5244,1.37959
13,581,225.898,248.993,248.993,191.657,0.740018
13,583,154.934,251.317,251.317,164.502,-0.240907
13,600,3.80737,18.8436,18.8436,7.13444,-1.9316
13,624,0.021195,0.280541,0.280541,0.0733916,-2.94585
13,648,9.86811e-5,0.00415788,0.00415788,0.000753059,-3.59928
14,0,0,0,0,0,0
14,1,170.744,81.983,81.983,165.95,0.119661
14,2,416.835,160.718,160.718,448.771,-0.294769
14,5,867.432,200.033,200.033,757.149,0.603313
14,7,639.512,160.367,160.367,641.433,-0.0124007
14,24,43.7619,9.20135,9.20135,37.7857,0.65511
14,48,0.507525,0.137771,0.137771,0.405995,1.03583
14,72,0.00481814,0.00205776,0.00205776,0.00396307,0.89368
14,96,4.36614e-5,3.06058e-5,3.06058e-5,3.76032e-5,0.667326
14,97,61.4333,13.8025,13.8025,46.9089,1.28251
14,98,168.159,45.1368,45.1368,160.257,0.204231
14,101,681.468,145.957,145.957,579.812,0.72621
14,103,696.517,143.012,143.012,620.63,0.506462
14,120,57.1419,10.0839,10.0839,58.8777,-0.122111
14,144,0.757584,0.150708,0.150708,0.710957,0.271649
14,168,0.0075842,0.00224592,0.00224592,0.0071237,0.267753
14,192,7.1163e-5,3.34719e-5,3.34719e-5,6.76256e-5,0.216668
14,193,51.261,17.5882,17.5882,52.468,-0.0952858
14,194,211.818,57.5557,57.5557,179.415,0.748068
14,197,644.369,189.841,189.841,664.081,-0.122949
14,199,788.466,187.801,187.801,724.924,0.363065
14,216,75.5527,13.572,13.572,74.402,0.0640585
14,240,0.991618,0.203236,0.203236,0.924437,0.301009
14,264,0.00825861,0.00303094,0.00303094,0.00934734,-0.482445
14,288,6.59372e-5,4.50363e-5,4.50363e-5,8.98263e-5,-1.10157
14,289,112.509,38.1056,38.1056,107.099,0.209218
14,290,366.343,124.16,124.16,364.358,0.0225677
14,293,1297.76,407.639,407.639,1342.38,-0.137693
14,295,1207.93,402.194,402.194,1457.96,-0.710324
14,312,150.876,28.8966,28.8966,148.251,0.0733391
14,336,1.85275,0.429171,0.429171,1.81893,0.076999
14,360,0.015017,0.00633081,0.00633081,0.0179781,-0.682219
15,0,0,0,0,0,0
15,1,18.5559,81.983,81.983,19.4567,-0.19176
15,2,24.7335,160.718,160.718,26.8356,-0.324445
15,5,25.2625,200.033,200.033,27.9933,-0.404059
15,7,20.7594,160.367,160.367,21.6839,-0.176603
15,24,0.711782,9.20135,9.20135,0.993079,-1.17327
15,48,0.00502462,0.137771,0.137771,0.0111171,-2.26995
15,72,3.93931e-5,0.00205776,0.00205776,0.000124413,-2.83054
15,96,4.22831e-6,3.06058e-5,3.06058e-5,1.53431e-6,7.27276
15,97,2.49522,13.8025,13.8025,2.80944,-0.463272
15,98,8.86423,45.1368,45.1368,8.96261,-0.0454657
15,101,25.73,145.957,145.957,27.2613,-0.232658
15,103,25.7979,143.012,143.012,25.2704,0.0864591
15,120,1.24388,10.0839,10.0839,1.35647,-0.343797
15,144,0.00901046,0.150708,0.150708,0.0152989,-1.70254
15,168,5.64024e-5,0.00224592,0.00224592,0.000171959,-2.78346
15,192,2.32502e-6,3.34719e-5,3.34719e-5,1.78533e-6,1.25211
15,193,4.03964,17.5882,17.5882,4.08209,-0.0430799
15,194,13.2648,57.5557,57.5557,13.038,0.0720371
15,197,43.5341,189.841,189.841,40.5947,0.299917
15,199,42.6792,187.801,187.801,38.1261,0.494652
15,216,1.64459,13.572,13.572,2.06036,-0.83584
15,240,0.0137677,0.203236,0.203236,0.0230611,-1.66921
15,264,8.87024e-5,0.00303094,0.00303094,0.000258178,-2.71897
15,288,2.414e-6,4.50363e-5,4.50363e-5,2.87501e-6,-0.664176
15,289,10.7433,38.1056,38.1056,10.0444,0.288237
15,290,32.5764,124.16,124.16,31.9725,0.0782376
15,293,105,407.639,407.639,98.6016,0.268768
15,295,87.6876,402.194,402.194,92.9007,-0.232432
15,312,3.80597,28.8966,28.8966,5.08759,-1.04343
15,336,0.0365335,0.429171,0.429171,0.057325,-1.5023
15,360,0.000228805,0.00633081,0.00633081,0.000645792,-2.67451
15,384,1.7159e-6,9.35678e-5,9.35678e-5,6.94068e-6,-3.11804
15,385,11.2217,27.7542,27.7542,8.69628,1.20286
15,386,26.5333,90.6421,90.6421,27.7273,-0.178354
15,389,102.625,300.973,300.973,87.205,0.732393
15,391,92.8688,302.762,302.762,82.9523,0.49516
15,408,3.95077,22.5406,22.5406,4.58538,-0.573252
15,432,0.0359588,0.338639,0.338639,0.0516531,-1.25853
15,456,0.000213292,0.00504183,0.00504183,0.000581502,-2.62277
15,480,4.98062e-6,7.50711e-5,7.50711e-5,6.16544e-6,-0.795987
15,481,9.0379,24.4379,24.4379,8.28855,0.374472
15,482,31.002,79.8483,79.8483,26.4349,0.715619
15,485,102.875,267.528,267.528,83.8575,0.939361
15,487,112.996,269.775,269.775,79.676,1.73217
15,504,4.63251,20.2157,20.2157,4.43059,0.188777
15,528,0.0316783,0.300129,0.300129,0.0506159,-1.54973
15,552,0.000171861,0.00445229,0.00445229,0.000576649,-2.90758
15,576,1.01264e-5,6.60646e-5,6.60646e-5,6.50778e-6,2.30319
15,577,9.30869,22.6201,22.6201,8.08087,0.629348
15,578,34.6136,73.9235,73.9235,25.7753,1.4203
15,581,113.855,248.993,248.993,81.6992,1.63024
15,583,81.8497,251.317,251.317,77.7006,0.221181
15,600,4.46217,18.8436,18.8436,4.31215,0.144097
15,624,0.028396,0.280541,0.280541,0.0485936,-1.72162
15,648,0.000242006,0.00415788,0.00415788,0.000547345,-2.31066
16,0,0,0,0,0,0
16,1,145.736,81.983,81.983,101.78,1.78887
16,2,240.692,160.718,160.718,217.312,0.445631
16,5,349.781,200.033,200.033,280.427,1.0244
16,7,269.49,160.367,160.367,219.314,0.947655
16,24,11.969,9.20135,9.20135,9.57409,1.03612
16,48,0.100647,0.137771,0.137771,0.096285,0.18766
16,72,0.00099381,0.00205776,0.00205776,0.00096752,0.11255
16,96,9.36115e-6,3.06058e-5,3.06058e-5,9.72802e-6,-0.156211
16,97,22.5814,13.8025,13.8025,21.7494,0.15844
16,98,81.493,45.1368,45.1368,70.3333,0.657209
16,101,246.037,145.957,145.957,219.9,0.492323
16,103,220.447,143.012,143.012,207.731,0.253539
16,120,10.9313,10.0839,10.0839,11.0476,-0.0436057
16,144,0.118631,0.150708,0.150708,0.111481,0.265685
16,168,0.00108606,0.00224592,0.00224592,0.00112151,-0.130918
16,192,9.30355e-6,3.34719e-5,3.34719e-5,1.11638e-5,-0.690198
16,193,33.9637,17.5882,17.5882,26.4361,1.17943
16,194,92.5266,57.5557,57.5557,85.5955,0.335402
16,197,305.097,189.841,189.841,270.674,0.526775
16,199,265.755,187.801,187.801,259.503,0.0997848
16,216,18.0471,13.572,13.572,14.1712,1.1329
16,240,0.151143,0.203236,0.203236,0.144715,0.183977
16,264,0.0013918,0.00303094,0.00303094,0.00146854,-0.21646
16,288,1.002e-5,4.50363e-5,4.50363e-5,1.48494e-5,-1.3471
16,289,55.8488,38.1056,38.1056,55.8049,0.00325873
16,290,192.245,124.16,124.16,179.887,0.284553
16,293,543.861,407.639,407.639,565.122,-0.155831
16,295,571.178,402.194,402.194,540.093,0.23839
16,312,32.3831,28.8966,28.8966,29.4053,0.419456
16,336,0.232392,0.429171,0.429171,0.294729,-0.876069
16,360,0.00285932,0.00633081,0.00633081,0.00294427,-0.119503
16,384,4.08777e-5,9.35678e-5,9.35678e-5,2.93992e-5,1.61721
16,385,46.1443,27.7542,27.7542,39.1144,0.744437
16,386,145.76,90.6421,90.6421,126.437,0.633017
16,389,384.988,300.973,300.973,408.11,-0.234664
16,391,368.43,302.762,302.762,397.116,-0.299198
16,408,23.5705,22.5406,22.5406,22.3688,0.222519
16,432,0.20003,0.338639,0.338639,0.226307,-0.480935
16,456,0.00210075,0.00504183,0.00504183,0.00227267,-0.31334
16,480,3.13019e-5,7.50711e-5,7.50711e-5,2.24284e-5,1.63874
16,481,36.0469,24.4379,24.4379,33.7431,0.282792
16,482,114.336,79.8483,79.8483,109.141,0.197165
16,485,305.328,267.528,267.528,354.218,-0.571698
16,487,355.682,269.775,269.775,346.24,0.112953
16,504,18.9692,20.2157,20.2157,19.6594,-0.145428
16,528,0.199857,0.300129,0.300129,0.198678,0.0245948
16,552,0.00187186,0.00445229,0.00445229,0.00199913,-0.263686
16,576,1.72429e-5,6.60646e-5,6.60646e-5,1.99943e-5,-0.569969
16,577,36.2178,22.6201,22.6201,30.7929,0.729713
16,578,102.255,73.9235,73.9235,99.6218,0.109482
16,581,323.475,248.993,248.993,324.307,-0.0106189
16,583,318.938,251.317,251.317,317.779,0.0150986
16,600,18.3298,18.8436,18.8436,18.1164,0.04879
16,624,0.183436,0.280541,0.280541,0.18477,-0.0298891
16,648,0.00148286,0.00415788,0.00415788,0.00187303,-0.862832
17,0,0,0,0,0,0
17,1,114.691,81.983,81.983,86.041,1.3792
17,2,200.86,160.718,160.718,161.628,1.00539
17,5,248.574,200.033,200.033,192.628,1.203
17,7,123.095,160.367,160.367,151.684,-0.780698
17,24,11.6913,9.20135,9.20135,11.6686,0.0080538
17,48,0.354464,0.137771,0.137771,0.302497,0.711577
17,72,0.00838306,0.00205776,0.00205776,0.00783494,0.28977
17,96,0.00023312,3.06058e-5,3.06058e-5,0.000202939,0.616005
17,97,14.5403,13.8025,13.8025,14.9023,-0.100607
17,98,48.7714,45.1368,45.1368,45.614,0.286709
17,101,120.032,145.957,145.957,127.761,-0.25058
17,103,137.633,143.012,143.012,113.916,0.862353
17,120,8.21486,10.0839,10.0839,9.20155,-0.444154
17,144,0.201607,0.150708,0.150708,0.23712,-0.620353
17,168,0.00694679,0.00224592,0.00224592,0.00611266,0.56522
17,192,0.000181032,3.34719e-5,3.34719e-5,0.000157513,0.618483
17,193,21.2319,17.5882,17.5882,20.0607,0.241837
17,194,62.9375,57.5557,57.5557,61.4337,0.101392
17,197,149.124,189.841,189.841,174.579,-0.603957
17,199,156.464,187.801,187.801,156.348,0.00306257
17,216,14.3085,13.572,13.572,12.7201,0.517241
17,240,0.391412,0.203236,0.203236,0.331068,0.75498
17,264,0.00910049,0.00303094,0.00303094,0.00861108,0.235414
17,288,0.000175881,4.50363e-5,4.50363e-5,0.000223791,-0.88675
17,289,51.8461,38.1056,38.1056,43.7587,0.765518
17,290,115.835,124.16,124.16,133.535,-0.54901
17,293,353.735,407.639,407.639,372.862,-0.212478
17,295,325.85,402.194,402.194,333.643,-0.0967526
17,312,33.2442,28.8966,28.8966,27.1534,0.929105
17,336,0.692071,0.429171,0.429171,0.705504,-0.0788664
17,360,0.0180721,0.00633081,0.00633081,0.018328,-0.0578314
17,384,0.00047407,9.35678e-5,9.35678e-5,0.000476043,-0.0171618
17,385,31.1066,27.7542,27.7542,31.6126,-0.0663052
17,386,119.013,90.6421,90.6421,96.741,0.953598
17,389,266.552,300.973,300.973,276.871,-0.154369
17,391,235.164,302.762,302.762,250.355,-0.251327
17,408,18.7023,22.5406,22.5406,20.5509,-0.372585
17,432,0.639287,0.338639,0.338639,0.535871,0.799364
17,456,0.0115462,0.00504183,0.00504183,0.0139516,-0.714145
17,480,0.00038306,7.50711e-5,7.50711e-5,0.000362752,0.231882
17,481,29.1431,24.4379,24.4379,27.6514,0.223446
17,482,83.7941,79.8483,79.8483,84.669,-0.0428021
17,485,242.894,267.528,267.528,248.121,-0.0872583
17,487,220.026,269.775,269.775,223.69,-0.0678475
17,504,19.572,20.2157,20.2157,18.358,0.273915
17,528,0.499101,0.300129,0.300129,0.476909,0.192741
17,552,0.0129669,0.00445229,0.00445229,0.0123885,0.193398
17,576,0.000334846,6.60646e-5,6.60646e-5,0.000321764,0.168406
17,577,29.6592,22.6201,22.6201,25.4483,0.685375
17,578,84.9366,73.9235,73.9235,77.9432,0.371642
17,581,218.273,248.993,248.993,227.636,-0.17037
17,583,216.168,251.317,251.317,205.601,0.212883
17,600,18.1796,18.8436,18.8436,16.8961,0.314645
17,624,0.448621,0.280541,0.280541,0.439399,0.0869276
17,648,0.0135184,0.00415788,0.00415788,0.0114264,0.758331
18,0,0,0,0,0,0
18,1,23.4274,81.983,81.983,41.9206,-1.82725
18,2,25.3567,160.718,160.718,62.883,-2.47183
18,5,31.2409,200.033,200.033,66.949,-2.20922
18,7,28.5254,160.367,160.367,51.7,-1.85668
18,24,1.28706,9.20135,9.20135,2.533,-2.03741
18,48,0.0141709,0.137771,0.137771,0.0322588,-2.3225
18,72,0.000160397,0.00205776,0.00205776,0.000410409,-2.52324
18,96,9.12319e-6,3.06058e-5,3.06058e-5,5.10372e-6,3.2621
18,97,4.56097,13.8025,13.8025,5.84442,-0.909607
18,98,15.3719,45.1368,45.1368,18.5637,-0.71218
18,101,47.248,145.957,145.957,55.552,-0.619161
18,103,43.4673,143.012,143.012,51.3573,-0.636343
18,120,2.48263,10.0839,10.0839,2.87837,-0.569484
18,144,0.0338345,0.150708,0.150708,0.0361575,-0.266119
18,168,0.000286662,0.00224592,0.00224592,0.000453156,-1.52183
18,192,5.41255e-6,3.34719e-5,3.34719e-5,5.66059e-6,-0.181498
18,193,7.61566,17.5882,17.5882,8.09358,-0.244585
18,194,30.5329,57.5557,57.5557,25.7323,0.772732
18,197,72.6839,189.841,189.841,79.0968,-0.335823
18,199,71.7785,187.801,187.801,73.5637,-0.100521
18,216,3.72693,13.572,13.572,4.19204,-0.459563
18,240,0.0475978,0.203236,0.203236,0.0538415,-0.480329
18,264,0.00049899,0.00303094,0.00303094,0.000689916,-1.14626
18,288,1.53422e-5,4.50363e-5,4.50363e-5,8.77638e-6,3.09877
18,289,23.2215,38.1056,38.1056,18.8474,0.961278
18,290,67.66,124.16,124.16,59.7061,0.551793
18,293,177.417,407.639,407.639,181.165,-0.0856945
18,295,158.215,402.194,402.194,169.316,-0.271566
18,312,9.72123,28.8966,28.8966,9.68728,0.014518
18,336,0.110887,0.429171,0.429171,0.123176,-0.413259
18,360,0.00113901,0.00633081,0.00633081,0.00156682,-1.13097
18,384,1.46505e-5,9.35678e-5,9.35678e-5,1.97827e-5,-1.07457
18,385,18.5568,27.7542,27.7542,15.2121,0.910702
18,386,63.0411,90.6421,90.6421,48.296,1.2646
18,389,155.22,300.973,300.973,149.472,0.159271
18,391,165.543,302.762,302.762,141.275,0.711517
18,408,11.6072,22.5406,22.5406,8.17598,1.73828
18,432,0.105221,0.338639,0.338639,0.103328,0.0759129
18,456,0.00108543,0.00504183,0.00504183,0.0013066,-0.701118
18,480,1.30075e-5,7.50711e-5,7.50711e-5,1.65089e-5,-0.878483
18,481,24.3078,24.4379,24.4379,14.066,3.01596
18,482,54.6551,79.8483,79.8483,44.6757,0.925223
18,485,185.738,267.528,267.528,139.928,1.35605
18,487,180.719,269.775,269.775,132.341,1.51416
18,504,10.2538,20.2157,20.2157,7.65651,1.40509
18,528,0.0987938,0.300129,0.300129,0.0962386,0.109971
18,552,0.00112755,0.00445229,0.00445229,0.0012053,-0.267178
18,576,1.37836e-5,6.60646e-5,6.60646e-5,1.51303e-5,-0.368678
18,577,22.0912,22.6201,22.6201,13.458,2.65706
18,578,58.1775,73.9235,73.9235,42.752,1.49451
18,581,157.949,248.993,248.993,133.759,0.749063
18,583,161.2,251.317,251.317,126.682,1.1286
18,600,10.8563,18.8436,18.8436,7.3452,1.97993
18,624,0.0886201,0.280541,0.280541,0.0924423,-0.171261
18,648,0.00111387,0.00415788,0.00415788,0.00115977,-0.163947
19,0,0,0,0,0,0
19,1,76.5954,81.983,81.983,69.1459,0.446251
19,2,134.746,160.718,160.718,119.417,0.531668
19,5,172.615,200.033,200.033,134.473,1.17485
19,7,109.407,160.367,160.367,104.315,0.202158
19,24,5.41546,9.20135,9.20135,5.83628,-0.29866
19,48,0.122904,0.137771,0.137771,0.0928463,1.34091
19,72,0.00146125,0.00205776,0.00205776,0.00147687,-0.0437868
19,96,2.92411e-5,3.06058e-5,3.06058e-5,2.33285e-5,1.0498
19,97,11.6347,13.8025,13.8025,10.8383,0.304371
19,98,37.023,45.1368,45.1368,34.0279,0.364569
19,101,98.309,145.957,145.957,99.2567,-0.0395473
19,103,88.5869,143.012,143.012,90.4187,-0.0839143
19,120,5.45951,10.0839,10.0839,5.62625,-0.122758
19,144,0.100129,0.150708,0.150708,0.0895002,0.491888
19,168,0.00168181,0.00224592,0.00224592,0.00142272,0.754316
19,192,2.36084e-5,3.34719e-5,3.34719e-5,2.21713e-5,0.268485
19,193,14.9126,17.5882,17.5882,14.439,0.135869
19,194,40.9017,57.5557,57.5557,45.3685,-0.407811
19,197,155.26,189.841,189.841,135.12,0.617371
19,199,140.5,187.801,187.801,123.792,0.559065
19,216,8.05265,13.572,13.572,7.7161,0.180659
19,240,0.117428,0.203236,0.203236,0.121527,-0.139708
19,264,0.00175681,0.00303094,0.00303094,0.00192526,-0.362425
19,288,2.86396e-5,4.50363e-5,4.50363e-5,3.04133e-5,-0.241555
19,289,50.397,56.573,56.573,47.4678,0.255603
19,290,155.282,183.529,183.529,147.965,0.204838
19,293,399.441,586.778,586.778,430.992,-0.303221
19,295,422.931,574.809,574.809,392.587,0.320144
19,312,25.0447,41.1974,41.1974,24.4721,0.0969081
19,336,0.37894,0.618251,0.618251,0.394579,-0.164168
19,360,0.00618222,0.00921134,0.00921134,0.00635065,-0.109853
19,384,9.75903e-5,0.00013703,0.00013703,0.000101963,-0.177636
19,385,34.839,38.0644,38.0644,32.9358,0.239349
19,386,104.207,123.963,123.963,103.129,0.0432895
19,389,336.436,413.241,413.241,309.968,0.353695
19,391,264.89,414.71,414.71,287.994,-0.332291
19,408,17.8159,30.7536,30.7536,18.3024,-0.110099
19,432,0.301329,0.459175,0.459175,0.291096,0.145608
19,456,0.0041967,0.00676706,0.00676706,0.00463157,-0.38891
20,0,0,0,0,0,0
20,1,190.189,81.983,81.983,145.975,1.25456
20,2,364.251,160.718,160.718,289.502,1.06947
20,5,367.319,200.033,200.033,320.228,0.609109
20,7,280.104,160.367,160.367,220.345,1.12335
20,24,8.06377,9.20135,9.20135,7.44957,0.3415
20,48,0.0649106,0.137771,0.137771,0.0621578,0.183439
20,72,0.000586349,0.00205776,0.00205776,0.000518529,0.541747
20,96,5.14832e-6,3.06058e-5,3.06058e-5,4.24271e-6,0.884115
20,97,76.5715,13.8025,13.8025,59.6073,1.17882
20,98,171.285,45.1368,45.1368,152.859,0.499288
20,101,313.778,145.957,145.957,296.174,0.246193
20,103,253.067,143.012,143.012,209.875,0.852442
20,120,7.18085,10.0839,10.0839,7.15029,0.0177018
20,144,0.0665513,0.150708,0.150708,0.0603367,0.426625
20,168,0.000536017,0.00224592,0.00224592,0.00050864,0.222946
20,192,5.43895e-6,3.34719e-5,3.34719e-5,3.96649e-6,1.53763
20,193,79.1503,17.5882,17.5882,69.8566,0.551055
20,194,183.085,57.5557,57.5557,179.895,0.0734565
20,197,370.422,189.841,189.841,354.053,0.191497
20,199,284.257,187.801,187.801,251.901,0.532028
20,216,9.00329,13.572,13.572,8.57226,0.208267
20,240,0.0860963,0.203236,0.203236,0.0720697,0.80615
20,264,0.000571585,0.00303094,0.00303094,0.000606204,-0.236546
20,288,7.99259e-6,4.50363e-5,4.50363e-5,4.96643e-6,2.52385
20,289,193.518,56.573,56.573,211.906,-0.359413
20,290,555.628,183.529,183.529,540.915,0.112665
20,293,1036.02,586.778,586.778,1037.52,-0.00599658
20,295,710.314,574.809,574.809,734.468,-0.136215
20,312,20.5263,41.1974,41.1974,24.9586,-0.735563
20,336,0.169126,0.618251,0.618251,0.209295,-0.794969
20,360,0.00126224,0.00921134,0.00921134,0.00175597,-1.16464
20,384,1.25391e-5,0.00013703,0.00013703,1.47771e-5,-0.627312
20,385,103.946,38.0644,38.0644,122.787,-0.635565
20,386,317.658,123.963,123.963,316.822,0.0109241
20,389,649.018,413.241,413.241,639.622,0.0608412
20,391,430.042,414.71,414.71,456.477,-0.239869
20,408,16.1905,30.7536,30.7536,15.4657,0.194122
20,432,0.110735,0.459175,0.459175,0.128561,-0.574336
20,456,0.000844338,0.00676706,0.00676706,0.00106949,-0.872005
20,480,8.35716e-6,9.93808e-5,9.93808e-5,8.85705e-6,-0.233777
20,481,92.3536,33.4723,33.4723,101.852,-0.386277
20,482,246.948,109.068,109.068,263.203,-0.255816
20,485,477.965,363.978,363.978,533.076,-0.428219
20,487,436.106,367.675,367.675,381.399,0.594136
20,504,13.355,27.698,27.698,12.9506,0.129348
20,528,0.0847865,0.41508,0.41508,0.108297,-0.899223
20,552,0.000852033,0.00619115,0.00619115,0.00090606,-0.246987
20,576,1.14949e-5,9.21786e-5,9.21786e-5,8.12022e-6,1.72137
20,577,83.1231,31.0999,31.0999,90.676,-0.345011
20,578,247.002,101.359,101.359,234.475,0.221288
20,581,461.812,338.167,338.167,477.855,-0.139068
20,583,376.731,341.783,341.783,342.183,0.418203
20,600,12.4457,25.8864,25.8864,11.6637,0.277715
20,624,0.0931813,0.387961,0.387961,0.0980307,-0.204902
20,648,0.000741434,0.00578623,0.00578623,0.000824484,-0.41723
21,0,0,0,0,0,0
21,1,109.812,81.983,81.983,85.524,1.17631
21,2,197.053,160.718,160.718,173.671,0.557661
21,5,290.157,200.033,200.033,243.736,0.788869
21,7,237.364,160.367,160.367,217.464,0.379048
21,24,22.458,9.20135,9.20135,26.8071,-0.671999
21,48,0.807148,0.137771,0.137771,0.883696,-0.358795
21,72,0.0209142,0.00205776,0.00205776,0.0256663,-0.766904
21,96,0.000693449,3.06058e-5,3.06058e-5,0.000704337,-0.0640324
21,97,10.1248,13.8025,13.8025,10.2398,-0.0465403
21,98,41.4598,45.1368,45.1368,36.3002,0.58874
21,101,151.46,145.957,145.957,149.801,0.0458597
21,103,162.558,143.012,143.012,180.244,-0.406434
21,120,44.691,10.0839,10.0839,43.1927,0.143678
21,144,1.66891,0.150708,0.150708,1.71985,-0.12268
21,168,0.0634505,0.00224592,0.00224592,0.053195,0.798545
21,192,0.00153195,3.34719e-5,3.34719e-5,0.00150144,0.084164
21,193,17.9863,17.5882,17.5882,13.0598,1.5625
21,194,45.5555,57.5557,57.5557,46.2824,-0.0650472
21,197,219.438,189.841,189.841,192.642,0.576161
21,199,227.862,187.801,187.801,234.75,-0.121539
21,216,66.8888,13.572,13.572,60.3707,0.447208
21,240,2.58322,0.203236,0.203236,2.47495,0.181214
21,264,0.08434,0.00303094,0.00303094,0.0772201,0.381908
21,288,0.00262249,4.50363e-5,4.50363e-5,0.00218535,0.828539
21,289,43.9358,56.573,56.573,43.5269,0.0389136
21,290,133.509,183.529,183.529,152.827,-0.52358
21,293,533.577,586.778,586.778,620.434,-0.57986
21,295,608.955,574.809,574.809,751.669,-0.78642
21,312,207.698,41.1974,41.1974,192.507,0.326854
21,336,8.4149,0.618251,0.618251,7.91641,0.260823
21,360,0.280469,0.00921134,0.00921134,0.247906,0.544062
21,384,0.00719747,0.00013703,0.00013703,0.00704214,0.0913627
21,385,40.5,38.0644,38.0644,31.9892,1.102
21,386,104.871,123.963,123.963,112.473,-0.279954
21,389,371.297,413.241,413.241,465.845,-0.840677
21,391,547.137,414.71,414.71,574.044,-0.194149
21,408,149.466,30.7536,30.7536,161.071,-0.29842
21,432,7.28987,0.459175,0.459175,6.8446,0.269457
21,456,0.28077,0.00676706,0.00676706,0.216304,1.23447
21,480,0.00648973,9.93808e-5,9.93808e-5,0.00616466,0.218414
21,481,37.5275,33.4723,33.4723,29.1613,1.18832
21,482,96.9237,109.068,109.068,102.55,-0.227267
21,485,409.947,363.978,363.978,426.069,-0.156725
21,487,536.183,367.675,367.675,526.229,0.0783515
21,504,144.539,27.698,27.698,150.214,-0.156486
21,528,5.96318,0.41508,0.41508,6.43117,-0.301412
21,552,0.204166,0.00619115,0.00619115,0.203746,0.00854489
21,576,0.00638396,9.21786e-5,9.21786e-5,0.00581334,0.406576
21,577,34.0832,31.0999,31.0999,27.7485,0.945588
21,578,96.9913,101.359,101.359,97.5889,-0.025364
21,581,314.008,338.167,338.167,405.814,-0.937046
21,583,542.928,341.783,341.783,501.696,0.340419
21,600,147.476,25.8864,25.8864,144.237,0.0930049
21,624,7.17959,0.387961,0.387961,6.19473,0.658522
21,648,0.217494,0.00578623,0.00578623,0.196491,0.442748
22,0,0,0,0,0,0
22,1,195.664,81.983,81.983,95.54,4.34079
22,2,394.633,160.718,160.718,265.687,2.01027
22,5,561.208,200.033,200.033,450.051,1.02304
22,7,405.363,160.367,160.367,356.538,0.567223
22,24,10.4063,9.20135,9.20135,10.0381,0.151961
22,48,0.0247755,0.137771,0.137771,0.0376563,-1.41685
22,72,8.0449e-5,0.00205776,0.00205776,0.000129763,-1.5741
22,96,2.73208e-6,3.06058e-5,3.06058e-5,3.8764e-7,25.0511
22,97,39.3883,13.8025,13.8025,41.4613,-0.207106
22,98,124.589,45.1368,45.1368,136.444,-0.359887
22,101,412.187,145.957,145.957,434.779,-0.215224
22,103,301.306,143.012,143.012,415.531,-1.13861
22,120,13.2944,10.0839,10.0839,16.5047,-0.805652
22,144,0.0574903,0.150708,0.150708,0.0658729,-0.527097
22,168,0.000132002,0.00224592,0.00224592,0.000231526,-1.7805
22,192,7.94528e-7,3.34719e-5,3.34719e-5,6.19125e-7,1.17348
22,193,43.4935,17.5882,17.5882,43.5397,-0.00440147
22,194,149.194,57.5557,57.5557,143.684,0.158834
22,197,425.114,189.841,189.841,475.259,-0.437031
22,199,413.516,187.801,187.801,466.944,-0.473935
22,216,21.6163,13.572,13.572,20.0768,0.317622
22,240,0.0564699,0.203236,0.203236,0.0812497,-1.26326
22,264,0.000192721,0.00303094,0.00303094,0.000286138,-1.35227
22,288,4.88199e-7,4.50363e-5,4.50363e-5,7.80415e-7,-1.55094
22,289,100.665,56.573,56.573,128.726,-0.902921
22,290,360.884,183.529,183.529,420.385,-0.586259
22,293,1126.12,586.778,586.778,1338.26,-0.656593
22,295,1155.67,574.809,574.809,1293.26,-0.440673
22,312,55.7825,41.1974,41.1974,53.486,0.177842
22,336,0.157729,0.618251,0.618251,0.215229,-1.10658
22,360,0.000442984,0.00921134,0.00921134,0.000760646,-1.72981
22,384,1.73227e-6,0.00013703,0.00013703,2.5565e-6,-1.33543
22,385,73.3039,38.0644,38.0644,74.8907,-0.0877638
22,386,193.213,123.963,123.963,245.833,-0.886596
22,389,740.808,413.241,413.241,826.255,-0.428348
22,391,819.368,414.71,414.71,827.276,-0.0395957
22,408,32.9692,30.7536,30.7536,38.5216,-0.59702
22,432,0.137218,0.459175,0.459175,0.15815,-0.548221
22,456,0.000301847,0.00676706,0.00676706,0.000558697,-1.90423
22,480,1.0001e-6,9.93808e-5,9.93808e-5,1.84414e-6,-1.89576
22,481,73.1634,33.4723,33.4723,61.6619,0.772592
22,482,220.662,109.068,109.068,202.561,0.370128
22,485,680.695,363.978,363.978,682.864,-0.0131608
22,487,694.088,367.675,367.675,690.497,0.0215411
22,504,37.8278,27.698,27.698,33.067,0.596347
22,528,0.10679,0.41508,0.41508,0.1365,-0.901546
22,552,0.000292065,0.00619115,0.00619115,0.000484189,-1.64355
22,576,2.34781e-6,9.21786e-5,9.21786e-5,1.61183e-6,1.8913
22,577,70.4705,31.0999,31.0999,54.7073,1.19347
22,578,204.072,101.359,101.359,179.772,0.559881
22,581,472.158,338.167,338.167,605.164,-0.910363
22,583,596.706,341.783,341.783,615.118,-0.123985
22,600,31.4408,25.8864,25.8864,29.8111,0.22644
22,624,0.141856,0.387961,0.387961,0.123555,0.613495
22,648,0.000331166,0.00578623,0.00578623,0.000434018,-0.981568
23,0,0,0,0,0,0
23,1,14.7156,81.983,81.983,17.6833,-0.695139
23,2,21.4155,160.718,160.718,23.8256,-0.418978
23,5,26.4859,200.033,200.033,29.4372,-0.415266
23,7,28.5309,160.367,160.367,25.9363,0.414357
23,24,2.87386,9.20135,9.20135,2.92725,-0.0755504
23,48,0.12193,0.137771,0.137771,0.105685,0.636665
23,72,0.00369736,0.00205776,0.00205776,0.00383078,-0.144267
23,96,0.000143044,3.06058e-5,3.06058e-5,0.000138816,0.126138
23,97,3.83943,13.8025,13.8025,3.29278,0.687637
23,98,11.99,45.1368,45.1368,11.035,0.358474
23,101,38.0728,145.957,145.957,39.2194,-0.12109
23,103,51.6224,143.012,143.012,41.828,0.96989
23,120,4.93972,10.0839,10.0839,5.74215,-0.578823
23,144,0.259753,0.150708,0.150708,0.208926,1.00767
23,168,0.00859324,0.00224592,0.00224592,0.00755116,0.571615
23,192,0.000254739,3.34719e-5,3.34719e-5,0.000273023,-0.277379
23,193,6.78026,17.5882,17.5882,5.64969,0.828878
23,194,18.9436,57.5557,57.5557,18.9355,0.00178184
23,197,76.4687,189.841,189.841,67.9044,0.522407
23,199,64.8051,187.801,187.801,72.841,-0.456953
23,216,11.4467,13.572,13.572,10.1435,0.532157
23,240,0.41291,0.203236,0.203236,0.371046,0.467333
23,264,0.0184462,0.00303094,0.00303094,0.0135004,1.51743
23,288,0.000541468,4.50363e-5,4.50363e-5,0.000491496,0.42114
23,289,23.1375,56.573,56.573,23.3189,-0.0322236
23,290,85.2495,183.529,183.529,77.6304,0.406525
23,293,295.904,586.778,586.778,275.324,0.309613
23,295,313.975,574.809,574.809,297.079,0.235582
23,312,41.1038,41.1974,41.1974,41.7097,-0.0601628
23,336,1.81951,0.618251,0.618251,1.53641,0.763225
23,360,0.057026,0.00921134,0.00921134,0.0563525,0.0495041
23,384,0.00140001,0.00013703,0.00013703,0.0020634,-1.33169
23,385,22.4883,38.0644,38.0644,22.4732,0.00278576
23,386,70.417,123.963,123.963,74.8479,-0.245202
23,389,287.054,413.241,413.241,266.987,0.311324
23,391,215.117,414.71,414.71,288.787,-1.05665
23,408,44.2301,30.7536,30.7536,40.6718,0.362382
23,432,1.4857,0.459175,0.459175,1.47961,0.0170582
23,456,0.049403,0.00676706,0.00676706,0.0534143,-0.311064
23,480,0.00224434,9.93808e-5,9.93808e-5,0.00193083,0.67255
23,481,21.5271,33.4723,33.4723,22.3116,-0.145652
23,482,74.3168,109.068,109.068,74.3129,0.000213641
23,485,253.583,363.978,363.978,265.215,-0.181661
23,487,315.178,367.675,367.675,286.899,0.408272
23,504,46.9238,27.698,27.698,40.5013,0.656822
23,528,1.54625,0.41508,0.41508,1.48198,0.179641
23,552,0.0511828,0.00619115,0.00619115,0.0539229,-0.210478
23,576,0.00206612,9.21786e-5,9.21786e-5,0.00196343,0.216619
23,577,21.6774,31.0999,31.0999,22.2423,-0.105189
23,578,86.0323,101.359,101.359,74.0825,0.668133
23,581,285.414,338.167,338.167,264.403,0.329158
23,583,321.26,341.783,341.783,286.066,0.5096
23,600,47.9385,25.8864,25.8864,40.3928,0.773763
23,624,1.66521,0.387961,0.387961,1.47811,0.524311
23,648,0.0496006,0.00578623,0.00578623,0.0537781,-0.321752
24,0,0,0,0,0,0
24,1,158.147,81.983,81.983,145.706,0.353653
24,2,539.492,160.718,160.718,460.236,0.713289
24,5,1173.91,200.033,200.033,1053.07,0.475298
24,7,1023.94,160.367,160.367,979.815,0.186532
24,24,117.042,9.20135,9.20135,104.5,0.497119
24,48,2.53473,0.137771,0.137771,2.57266,-0.0610657
24,72,0.0550901,0.00205776,0.00205776,0.0552822,-0.0143942
24,96,0.0011572,3.06058e-5,3.06058e-5,0.00110684,0.188432
24,97,76.931,13.8025,13.8025,54.8804,1.66425
24,98,240.133,45.1368,45.1368,193.157,1.00736
24,101,827.863,145.957,145.957,770.159,0.31034
24,103,1108.64,143.012,143.012,898.391,0.969364
24,120,151.483,10.0839,10.0839,166.945,-0.383625
24,144,4.87157,0.150708,0.150708,4.95184,-0.0671418
24,168,0.112958,0.00224592,0.00224592,0.114694,-0.0627001
24,192,0.00308067,3.34719e-5,3.34719e-5,0.00239263,1.19111
24,193,76.5189,17.5882,17.5882,58.7812,1.2499
24,194,231.93,57.5557,57.5557,206.959,0.499775
24,197,973.297,189.841,189.841,840.748,0.653018
24,199,970.798,187.801,187.801,999.035,-0.117073
24,216,163.586,13.572,13.572,205.587,-0.84622
24,240,6.80588,0.203236,0.203236,6.342,0.302969
24,264,0.179545,0.00303094,0.00303094,0.148226,0.875165
24,288,0.00354271,4.50363e-5,4.50363e-5,0.00314212,0.528064
24,289,146.042,56.573,56.573,174.668,-0.678852
24,290,613.296,183.529,183.529,608.894,0.0299458
24,293,2371.17,586.778,586.778,2393.68,-0.0389428
24,295,2300.84,574.809,574.809,2811.04,-0.751777
24,312,496.831,41.1974,41.1974,554.24,-0.429038
24,336,13.1024,0.618251,0.618251,16.8409,-0.919487
24,360,0.356599,0.00921134,0.00921134,0.39288,-0.382505
25,0,0,0,0,0,0
25,1,72.6765,81.983,81.983,64.9922,0.489737
25,2,143.061,160.718,160.718,119.282,0.825743
25,5,162.775,200.033,200.033,152.364,0.283019
25,7,138.859,160.367,160.367,129.988,0.282665
25,24,16.3904,9.20135,9.20135,14.6502,0.492028
25,48,0.629308,0.137771,0.137771,0.590148,0.274852
25,72,0.0273199,0.00205776,0.00205776,0.0236715,0.638396
25,96,0.00097423,3.06058e-5,3.06058e-5,0.000949488,0.107938
25,97,9.43262,13.8025,13.8025,7.99723,0.74344
25,98,20.257,45.1368,45.1368,26.685,-0.997752
25,101,80.6438,145.957,145.957,93.6156,-0.573942
25,103,104.796,143.012,143.012,98.2829,0.274498
25,120,13.7031,10.0839,10.0839,13.6147,0.0269074
25,144,0.538044,0.150708,0.150708,0.556053,-0.134144
25,168,0.0201819,0.00224592,0.00224592,0.0226787,-0.456022
25,192,0.000833938,3.34719e-5,3.34719e-5,0.000923006,-0.399702
25,193,12.6602,17.5882,17.5882,11.1075,0.579027
25,194,35.7479,57.5557,57.5557,37.0575,-0.146375
25,197,133.941,189.841,189.841,130.239,0.117741
25,199,133.645,187.801,187.801,137.69,-0.121679
25,216,21.6072,13.572,13.572,19.351,0.48294
25,240,0.808495,0.203236,0.203236,0.783264,0.133427
25,264,0.024,0.00303094,0.00303094,0.031604,-0.996596
25,288,0.00148693,4.50363e-5,4.50363e-5,0.00127617,0.684066
25,289,37.8088,56.573,56.573,37.5534,0.0281684
25,290,130.353,183.529,183.529,124.301,0.201686
25,293,435.917,586.778,586.778,428.635,0.07037
25,295,394.079,574.809,574.809,451.026,-0.522976
25,312,70.7883,41.1974,41.1974,62.9957,0.512378
25,336,2.16673,0.618251,0.618251,2.5501,-0.622696
25,360,0.104819,0.00921134,0.00921134,0.102889,0.0776767
25,384,0.00444833,0.00013703,0.00013703,0.00415416,0.29331
25,385,31.1793,38.0644,38.0644,27.2787,0.592272
25,386,90.7133,123.963,123.963,90.5096,0.00932437
25,389,342.484,413.241,413.241,321.791,0.26636
25,391,365.919,414.71,414.71,343.172,0.274553
25,408,44.506,30.7536,30.7536,49.3103,-0.40356
25,432,2.31098,0.459175,0.459175,1.98729,0.674656
25,456,0.0858182,0.00676706,0.00676706,0.0797003,0.317949
25,480,0.00331813,9.93808e-5,9.93808e-5,0.00319724,0.156604
25,481,25.3832,33.4723,33.4723,24.741,0.1075
25,482,87.9584,109.068,109.068,82.118,0.29459
25,485,282.683,363.978,363.978,291.884,-0.130563
25,487,326.881,367.675,367.675,313.006,0.183606
25,504,44.3726,27.698,27.698,45.049,-0.062196
25,528,2.21072,0.41508,0.41508,1.81519,0.90255
25,552,0.0843516,0.00619115,0.00619115,0.0727957,0.657528
26,0,0,0,0,0,0
26,1,60.7588,81.983,81.983,58.0237,0.19525
26,2,88.3151,160.718,160.718,90.1033,-0.0821997
26,5,88.2972,200.033,200.033,101.978,-0.55569
26,7,76.3492,160.367,160.367,82.1691,-0.293375
26,24,3.89931,9.20135,9.20135,4.35397,-0.432523
26,48,0.0434828,0.137771,0.137771,0.0500038,-0.540167
26,72,0.000427634,0.00205776,0.00205776,0.000563754,-1.0001
26,96,7.38933e-6,3.06058e-5,3.06058e-5,6.40746e-6,0.634724
26,97,7.46153,13.8025,13.8025,7.53559,-0.0407114
26,98,24.4413,45.1368,45.1368,25.1527,-0.117165
26,101,92.0295,145.957,145.957,86.0234,0.289198
26,103,105.393,143.012,143.012,87.9496,0.821527
26,120,7.90457,10.0839,10.0839,6.51297,0.885015
26,144,0.0714323,0.150708,0.150708,0.0753018,-0.212847
26,168,0.000783535,0.00224592,0.00224592,0.000839867,-0.277814
26,192,1.21243e-5,3.34719e-5,3.34719e-5,9.04928e-6,1.40749
26,193,11.9392,17.5882,17.5882,10.1949,0.708707
26,194,38.0198,57.5557,57.5557,34.0548,0.482269
26,197,138.626,189.841,189.841,118.777,0.692174
26,199,124.292,187.801,187.801,123.139,0.0387776
26,216,11.0445,13.572,13.572,9.40117,0.724037
26,240,0.110394,0.203236,0.203236,0.108585,0.0690093
26,264,0.000961485,0.00303094,0.00303094,0.00123091,-0.906619
26,288,1.87351e-5,4.50363e-5,4.50363e-5,1.3515e-5,1.59988
26,289,34.0776,56.573,56.573,35.4714,-0.162753
26,290,135.152,183.529,183.529,117.503,0.62215
26,293,443.567,586.778,586.778,399.512,0.456751
26,295,445.927,574.809,574.809,413.84,0.321151
26,312,29.6713,41.1974,41.1974,31.9303,-0.293036
26,336,0.340838,0.618251,0.618251,0.365983,-0.284579
26,360,0.00340799,0.00921134,0.00921134,0.00400656,-0.618815
26,384,4.07257e-5,0.00013703,0.00013703,4.4079e-5,-0.315108
26,385,33.6327,38.0644,38.0644,27.8637,0.857579
26,386,118.65,123.963,123.963,92.5439,1.16843
26,389,343.47,413.241,413.241,323.653,0.253609
26,391,301.909,414.71,414.71,341.297,-0.478023
26,408,28.3647,30.7536,30.7536,27.5096,0.128752
26,432,0.258989,0.459175,0.459175,0.318161,-0.77034
26,456,0.00304989,0.00676706,0.00676706,0.00352635,-0.559656
27,0,0,0,0,0,0
27,1,111.235,81.983,81.983,105.84,0.211155
27,2,316.395,160.718,160.718,265.757,0.789252
27,5,469.809,200.033,200.033,423.38,0.454227
27,7,430.676,160.367,160.367,365.6,0.737277
27,24,42.4261,9.20135,9.20135,34.4391,0.960609
27,48,0.995351,0.137771,0.137771,0.970047,0.108045
27,72,0.0283894,0.00205776,0.00205776,0.0271883,0.182978
27,96,0.000856705,3.06058e-5,3.06058e-5,0.000762232,0.513377
27,97,28.5175,13.8025,13.8025,22.3428,1.1447
27,98,75.0172,45.1368,45.1368,75.6116,-0.0325586
27,101,261.025,145.957,145.957,271.749,-0.163454
27,103,252.782,143.012,143.012,290.408,-0.536651
27,120,35.491,10.0839,10.0839,36.3456,-0.0973925
27,144,1.05296,0.150708,0.150708,1.02879,0.097319
27,168,0.028778,0.00224592,0.00224592,0.0286192,0.0229875
27,192,0.000877744,3.34719e-5,3.34719e-5,0.000796471,0.422661
27,193,26.3772,17.5882,17.5882,27.6621,-0.192398
27,194,104.649,57.5557,57.5557,93.6242,0.487747
27,197,358.288,189.841,189.841,339.948,0.223468
27,199,368.909,187.801,187.801,367.175,0.0195574
27,216,49.5777,13.572,13.572,47.2106,0.207677
27,240,1.46182,0.203236,0.203236,1.34591,0.356701
27,264,0.0411986,0.00303094,0.00303094,0.0377478,0.378651
27,288,0.00103466,4.50363e-5,4.50363e-5,0.00105944,-0.0969035
27,289,93.062,56.573,56.573,86.5188,0.313255
27,290,234.554,183.529,183.529,290.22,-0.794474
27,293,997.862,586.778,586.778,1024.62,-0.108156
27,295,1071.46,574.809,574.809,1095.83,-0.0920859
27,312,120.106,41.1974,41.1974,138.173,-0.541579
27,336,4.24415,0.618251,0.618251,3.9143,0.349042
27,360,0.0801569,0.00921134,0.00921134,0.108965,-1.09506
28,0,0,0,0,0,0
28,1,150.511,81.983,81.983,85.5727,3.14325
28,2,213.982,160.718,160.718,166.177,1.19156
28,5,196.558,200.033,200.033,209.056,-0.24762
28,7,192.101,160.367,160.367,169.639,0.548444
28,24,13.4528,9.20135,9.20135,11.5543,0.680578
28,48,0.199287,0.137771,0.137771,0.226482,-0.497362
28,72,0.00488746,0.00205776,0.00205776,0.00448804,0.368635
28,96,0.000116819,3.06058e-5,3.06058e-5,8.96046e-5,1.258
28,97,14.2138,13.8025,13.8025,13.5818,0.192756
28,98,46.8319,45.1368,45.1368,44.3649,0.230332
28,101,139.169,145.957,145.957,143.977,-0.138347
28,103,149.478,143.012,143.012,142.037,0.216982
28,120,12.1443,10.0839,10.0839,11.8111,0.116831
28,144,0.241995,0.150708,0.150708,0.239323,0.046248
28,168,0.0052449,0.00224592,0.00224592,0.00481338,0.371333
28,192,9.80332e-5,3.34719e-5,3.34719e-5,9.67447e-5,0.0551648
28,193,18.0395,17.5882,17.5882,17.7346,0.0712031
28,194,70.4269,57.5557,57.5557,57.954,0.891452
28,197,132.551,189.841,189.841,190.929,-1.26647
28,199,219.298,187.801,187.801,189.772,0.644451
28,216,15.7682,13.572,13.572,16.0547,-0.0739102
28,240,0.368741,0.203236,0.203236,0.324406,0.566085
28,264,0.00731884,0.00303094,0.00303094,0.00654351,0.490785
28,288,0.000158621,4.50363e-5,4.50363e-5,0.000131961,0.836803
28,289,34.6975,38.1056,38.1056,38.7807,-0.436108
28,290,135.635,124.16,124.16,126.197,0.309784
28,293,369.244,407.639,407.639,413.78,-0.445822
28,295,398.065,402.194,402.194,410.16,-0.122151
28,312,31.2683,28.8966,28.8966,34.6799,-0.407469
28,336,0.641616,0.429171,0.429171,0.706399,-0.379864
28,360,0.0137514,0.00633081,0.00633081,0.0143563,-0.174522
28,384,0.000329218,9.35678e-5,9.35678e-5,0.000291187,0.540969
28,385,31.5072,27.7542,27.7542,28.4657,0.442577
28,386,90.5883,90.6421,90.6421,92.8322,-0.100121
28,389,315.328,300.973,300.973,309.501,0.0779757
28,391,308.227,302.762,302.762,311.926,-0.0491114
28,408,27.2857,22.5406,22.5406,26.9768,0.047426
28,432,0.51189,0.338639,0.338639,0.542043,-0.230418
28,456,0.0123277,0.00504183,0.00504183,0.010876,0.552883
28,480,0.00017448,7.50711e-5,7.50711e-5,0.000217998,-0.826856
28,481,28.9102,24.4379,24.4379,25.1463,0.619992
28,482,83.5189,79.8483,79.8483,82.0433,0.0744966
28,485,303.838,267.528,267.528,275.647,0.42363
28,487,305.559,269.775,269.775,278.495,0.402523
28,504,22.2152,20.2157,20.2157,24.1792,-0.33645
28,528,0.555903,0.300129,0.300129,0.481018,0.644833
28,552,0.0103776,0.00445229,0.00445229,0.00948884,0.387976
28,576,0.000238427,6.60646e-5,6.60646e-5,0.00018827,1.10348
28,577,25.1138,22.6201,22.6201,23.3301,0.316689
28,578,57.691,73.9235,73.9235,76.1322,-1.00331
28,581,278.309,248.993,248.993,256.1,0.3592
28,583,289.62,251.317,251.317,259.056,0.488686
28,600,21.2101,18.8436,18.8436,22.6505,-0.26341
28,624,0.416969,0.280541,0.280541,0.454406,-0.341249
28,648,0.00999885,0.00415788,0.00415788,0.0090753,0.421516
29,0,0,0,0,0,0
29,1,95.0463,81.983,81.983,72.2966,1.30339
29,2,170.514,160.718,160.718,144.566,0.743444
29,5,181.642,200.033,200.033,187.921,-0.138399
29,7,158.907,160.367,160.367,155.902,0.0798531
29,24,13.5778,9.20135,9.20135,12.0047,0.542786
29,48,0.249249,0.137771,0.137771,0.261613,-0.195748
29,72,0.00565053,0.00205776,0.00205776,0.00566445,-0.010182
29,96,0.000130514,3.06058e-5,3.06058e-5,0.000123062,0.250848
29,97,10.7685,13.8025,13.8025,11.1041,-0.125169
29,98,43.4852,45.1368,45.1368,36.9842,0.728085
29,101,125.333,145.957,145.957,127.023,-0.0550948
29,103,118.526,143.012,143.012,130.693,-0.385589
29,120,13.2899,10.0839,10.0839,12.8598,0.138531
29,144,0.298353,0.150708,0.150708,0.287385,0.158076
29,168,0.00595537,0.00224592,0.00224592,0.00637433,-0.272244
29,192,0.000151881,3.34719e-5,3.34719e-5,0.000141304,0.310057
29,193,16.4267,17.5882,17.5882,14.4056,0.581138
29,194,45.7031,57.5557,57.5557,47.9928,-0.197612
29,197,166.313,189.841,189.841,166.323,-0.000248622
29,199,162.181,187.801,187.801,172.823,-0.255047
29,216,17.3962,13.572,13.572,17.3954,0.00019268
29,240,0.405914,0.203236,0.203236,0.384525,0.230396
29,264,0.0091276,0.00303094,0.00303094,0.00841748,0.349435
29,288,0.000200694,4.50363e-5,4.50363e-5,0.000184402,0.36594
29,289,37.3811,38.1056,38.1056,31.5315,0.768411
29,290,94.3353,124.16,124.16,104.588,-0.40604
29,293,346.418,407.639,407.639,358.756,-0.142453
29,295,320.338,402.194,402.194,372.823,-0.583111
29,312,35.3539,28.8966,28.8966,37.4949,-0.236511
29,336,0.766781,0.429171,0.429171,0.829388,-0.312666
29,360,0.0181652,0.00633081,0.00633081,0.0182042,-0.00887871
29,384,0.000325491,9.35678e-5,9.35678e-5,0.000399211,-0.764894
29,385,23.5154,27.7542,27.7542,23.2495,0.0473725
29,386,91.0259,90.6421,90.6421,77.2623,0.73787
29,389,258.061,300.973,300.973,270.572,-0.191529
29,391,282.928,302.762,302.762,284.223,-0.0188831
29,408,39.8174,22.5406,22.5406,29.5482,1.43954
29,432,0.805334,0.338639,0.338639,0.653393,0.9632
29,456,0.0173626,0.00504183,0.00504183,0.014283,0.893091
29,480,0.000347807,7.50711e-5,7.50711e-5,0.000312864,0.462621
29,481,26.3432,24.4379,24.4379,20.5777,1.16052
29,482,77.9789,79.8483,79.8483,68.4102,0.579364
29,485,243.429,267.528,267.528,240.202,0.0556362
29,487,292.416,269.775,269.775,253.401,0.637734
29,504,35.4554,20.2157,20.2157,26.6409,1.37046
29,528,0.606478,0.300129,0.300129,0.593266,0.0922406
29,552,0.0146621,0.00445229,0.00445229,0.0130837,0.499704
29,576,0.000315619,6.60646e-5,6.60646e-5,0.000288733,0.385685
29,577,22.5155,22.6201,22.6201,19.1212,0.735275
29,578,75.5945,73.9235,73.9235,63.5787,0.782808
29,581,236.445,248.993,248.993,223.322,0.243409
29,583,250.825,251.317,251.317,236.47,0.251461
29,600,23.9301,18.8436,18.8436,24.8435,-0.15229
29,624,0.542241,0.280541,0.280541,0.551191,-0.0672573
29,648,0.0130347,0.00415788,0.00415788,0.0120405,0.342024
30,0,0,0,0,0,0
30,1,161.878,81.983,81.983,99.8112,2.57572
30,2,201.151,160.718,160.718,195.063,0.129275
30,5,251.785,200.033,200.033,232.814,0.337511
30,7,177.394,160.367,160.367,177.956,-0.0130653
30,24,6.05846,9.20135,9.20135,6.52105,-0.293825
30,48,0.052045,0.137771,0.137771,0.0514649,0.0466884
30,72,0.000377171,0.00205776,0.00205776,0.000400135,-0.237707
30,96,7.30401e-6,3.06058e-5,3.06058e-5,3.04486e-6,5.79392
30,97,25.3061,13.8025,13.8025,19.4582,1.24485
30,98,71.6708,45.1368,45.1368,62.4072,0.614844
30,101,192.174,145.957,145.957,190.037,0.0465691
30,103,169.755,143.012,143.012,175.479,-0.135119
30,120,8.85687,10.0839,10.0839,7.76592,0.581868
30,144,0.0621041,0.150708,0.150708,0.0609482,0.0785538
30,168,0.000379222,0.00224592,0.00224592,0.000476905,-0.848408
30,192,5.75643e-6,3.34719e-5,3.34719e-5,3.61013e-6,2.46255
30,193,26.2134,17.5882,17.5882,23.8972,0.401452
30,194,79.1185,57.5557,57.5557,76.7566,0.127459
30,197,248.653,189.841,189.841,236.941,0.204735
30,199,204.841,187.801,187.801,222.339,-0.325972
30,216,9.58369,13.572,13.572,10.0868,-0.206594
30,240,0.0742973,0.203236,0.203236,0.0797585,-0.283615
30,264,0.000550065,0.00303094,0.00303094,0.000628047,-0.514305
30,288,4.69224e-6,4.50363e-5,4.50363e-5,4.88172e-6,-0.160778
30,289,52.7021,38.1056,38.1056,51.0126,0.137181
30,290,152.605,124.16,124.16,163.139,-0.267436
30,293,506.828,407.639,407.639,500.033,0.0562934
30,295,423.786,402.194,402.194,467.715,-0.389038
30,312,20.5152,28.8966,28.8966,21.1771,-0.129467
30,336,0.127116,0.429171,0.429171,0.165252,-0.955889
30,360,0.00100372,0.00633081,0.00633081,0.00128382,-0.903701
30,384,7.02541e-6,9.35678e-5,9.35678e-5,1.00102e-5,-1.23504
30,385,37.7123,27.7542,27.7542,36.4553,0.142824
30,386,136.77,90.6421,90.6421,116.931,0.702786
30,389,359.255,300.973,300.973,367.319,-0.0909343
30,391,395.821,302.762,302.762,350.081,0.54119
30,408,19.8742,22.5406,22.5406,16.2528,0.922913
30,432,0.144427,0.338639,0.338639,0.126295,0.59467
30,456,0.00090663,0.00504183,0.00504183,0.000973155,-0.283152
30,480,6.42329e-6,7.50711e-5,7.50711e-5,7.46302e-6,-0.577063
30,481,41.2971,24.4379,24.4379,31.78,1.24042
30,482,98.4658,79.8483,79.8483,101.994,-0.143267
30,485,302.268,267.528,267.528,324.657,-0.285647
30,487,372.14,269.775,269.775,309.82,0.833168
30,504,16.5892,20.2157,20.2157,14.6325,0.553887
30,528,0.130136,0.300129,0.300129,0.115137,0.539588
30,552,0.000913526,0.00445229,0.00445229,0.000900243,0.0611183
30,576,6.66891e-6,6.60646e-5,6.60646e-5,6.76446e-6,-0.0585094
30,577,38.4426,22.6201,22.6201,29.211,1.30902
30,578,94.7801,73.9235,73.9235,93.7734,0.0444698
30,581,302.719,248.993,248.993,296.653,0.0846984
30,583,329.394,251.317,251.317,284.728,0.649778
30,600,16.6601,18.8436,18.8436,13.4404,0.992219
30,624,0.0978752,0.280541,0.280541,0.104947,-0.279119
30,648,0.000723599,0.00415788,0.00415788,0.000815758,-0.46794