rep,id,V,Cl,Emax,H,kdeg,K
1,1,3.99243435235091,2.06662317576997,599887.35972847,0.975739010314808,0.186251490585905,2.14429287528143
2,1,3.99243435235091,2.06361893010323,656029.738633136,0.975739010314808,0.186042510304938,2.19501687549125
1,2,3.99243435235091,0.842690195426638,501016.586897774,0.975739010314808,0.209864835408237,1.91090559783827
2,2,3.99243435235091,0.839821408179636,443218.007678336,0.975739010314808,0.2108313146915,1.82645713874432
1,3,3.99243435235091,1.33754460861178,418355.550423866,0.975739010314808,0.202517121172553,2.59582319051788
2,3,3.99243435235091,1.33890623583969,485076.974404783,0.975739010314808,0.203218089724374,2.65998773731362
1,4,3.99243435235091,1.55415304422313,512128.81396582,0.975739010314808,0.199422009434207,3.27371898455182
2,4,3.99243435235091,1.55207898911383,415456.588453081,0.975739010314808,0.200128228909588,3.06336661127975
1,5,3.99243435235091,3.24091750548994,408428.595104394,0.975739010314808,0.16984571246896,2.7277984309777
2,5,3.99243435235091,3.23933504066345,397891.942118869,0.975739010314808,0.169370299872427,2.71241642755633
1,6,3.99243435235091,1.42314734927815,509755.104149461,0.975739010314808,0.177061993333848,3.07944491261649
2,6,3.99243435235091,1.42278003489215,436040.590332763,0.975739010314808,0.174111814606059,3.01177987394628
1,7,3.99243435235091,3.42880295493105,366199.995673757,0.975739010314808,0.168341417928937,3.51305594987249
2,7,3.99243435235091,3.42006914065008,394105.850852982,0.975739010314808,0.166398764962528,3.56220997503369
1,8,3.99243435235091,1.75379314263607,490621.624079212,0.975739010314808,0.217276126680606,4.70876696495161
2,8,3.99243435235091,1.74292989620513,41720.7396544625,0.975739010314808,0.226688396396711,1.85001947321141
1,9,3.99243435235091,1.62110901100166,529302.946230867,0.975739010314808,0.160141503975757,4.01318743738922
2,9,3.99243435235091,1.62483937104488,510844.594019594,0.975739010314808,0.159422595919281,3.98296973508345
1,10,3.99243435235091,1.72212481666138,341503.866266347,0.975739010314808,0.189198481202158,3.15347714397677
2,10,3.99243435235091,1.72239805055474,411078.972927014,0.975739010314808,0.188625372167928,3.38403953460127
1,11,3.99243435235091,1.58875308660587,491888.196782416,0.975739010314808,0.174853445488346,2.3664901382302
2,11,3.99243435235091,1.59123063070967,388418.813159021,0.975739010314808,0.172473082543524,2.31491775966538
1,12,3.99243435235091,1.61448256035868,439894.344128536,0.975739010314808,0.192448960200914,3.51162578914892
2,12,3.99243435235091,1.61566492000268,405168.744927137,0.975739010314808,0.194619967503613,3.18335319942593
1,13,3.99243435235091,1.42210652972962,536649.671663123,0.975739010314808,0.166300225656114,3.06651625297035
2,13,3.99243435235091,1.42053654196477,486159.459050611,0.975739010314808,0.163047938204143,3.05394753726619
1,14,3.99243435235091,1.78580805203461,573770.244298018,0.975739010314808,0.210205921307155,2.48477732569263
2,14,3.99243435235091,1.78199350642555,348241.636120169,0.975739010314808,0.209205130289456,2.22391652565667
1,15,3.99243435235091,2.1675178620439,90498.7611087444,0.975739010314808,0.187643101260777,2.30554974260122
2,15,3.99243435235091,2.17412257858151,472352.633666365,0.975739010314808,0.186010304178027,4.05780103907918
1,16,3.99243435235091,1.65012785553934,639060.028334339,0.975739010314808,0.149564467958589,2.41012862760577
2,16,3.99243435235091,1.64809908169985,538153.203226031,0.975739010314808,0.149418920252939,2.24294150908115
1,17,3.99243435235091,2.07016444504438,501912.240423326,0.975739010314808,0.188940278959141,3.20869201301661
2,17,3.99243435235091,2.07186003065089,578180.039733235,0.975739010314808,0.189836165905948,3.46769977182569
1,18,3.99243435235091,2.96444912006672,357437.474543364,0.975739010314808,0.148040695834079,4.35580305888027
2,18,3.99243435235091,2.96590207364703,383384.757731164,0.975739010314808,0.148851053853208,4.66238841793677
1,19,3.99243435235091,1.26302930743847,447106.941769891,0.975739010314808,0.210228049990211,2.39367552613048
2,19,3.99243435235091,1.26184997435852,342533.771087396,0.975739010314808,0.211726308347248,2.16277163966949
1,20,3.99243435235091,1.0273380130094,522770.631721443,0.975739010314808,0.191469283803278,3.45867990438495
2,20,3.99243435235091,1.03235564276913,539815.330104829,0.975739010314808,0.195079745149294,3.10627207998515
1,21,3.99243435235091,0.862260277439199,407365.206611914,0.975739010314808,0.130971418459384,3.22029459059529
2,21,3.99243435235091,0.861987527257979,461887.20557148,0.975739010314808,0.134069178339316,3.40330095525927
1,22,3.99243435235091,1.89196895023679,457172.434986743,0.975739010314808,0.145180319619604,2.66612044607972
2,22,3.99243435235091,1.89077332795664,310102.845001511,0.975739010314808,0.146703421362198,2.29385289975535
1,23,3.99243435235091,1.26877420883353,488257.227505148,0.975739010314808,0.183681163366151,4.82312347485573
2,23,3.99243435235091,1.26846287732371,461668.68814362,0.975739010314808,0.184137432860245,5.12576857840735
1,24,3.99243435235091,1.75705653153315,385608.26707997,0.975739010314808,0.189118420400816,2.27271572035924
2,24,3.99243435235091,1.75237694688734,400117.62493365,0.975739010314808,0.191222689248803,2.18121187258933
1,25,3.99243435235091,1.9149555043103,570167.363830474,0.975739010314808,0.184995140870704,2.90262251514803
2,25,3.99243435235091,1.91361881981027,661616.879726283,0.975739010314808,0.184250813831794,2.97207897613603
1,26,3.99243435235091,2.30322354071535,472643.100075078,0.975739010314808,0.161021478835032,3.93480893355753
2,26,3.99243435235091,2.31044340954035,387831.959395047,0.975739010314808,0.156830654248511,3.67051999447059
1,27,3.99243435235091,1.64418743204488,980022.439832991,0.975739010314808,0.160827829737061,1.47059331909688
2,27,3.99243435235091,1.64582843479418,1257073.26052394,0.975739010314808,0.160255310347847,1.61919091647395
1,28,3.99243435235091,2.28860003949333,42124.3578412868,0.975739010314808,0.174639914220655,1.7854403512449
2,28,3.99243435235091,2.28693819354458,404585.522968316,0.975739010314808,0.175464410599012,4.75768741104114
1,29,3.99243435235091,0.972910442417187,546871.315849149,0.975739010314808,0.159931905205219,3.39414991146155
2,29,3.99243435235091,0.974544810055527,558674.07945538,0.975739010314808,0.158979700171296,3.31031979120546
1,30,3.99243435235091,1.90414975868802,455879.724832538,0.975739010314808,0.166540378962483,3.14019668701068
2,30,3.99243435235091,1.90286613971745,502150.48617091,0.975739010314808,0.16967508388571,3.07961846019349
