id,time,y2,popPred_medianCOV,popPred,indivPred_SAEM,indWRes_SAEM
1,0,0,0,0,0,0
1,1,138.645,88.8919,88.8919,152.532,-0.484684
1,2,417.98,163.961,163.961,359.825,0.860373
1,5,582.485,201.184,201.184,487.802,1.03329
1,7,425.433,163.889,163.889,361.671,0.938505
1,24,10.63,10.0637,10.0637,9.99533,0.338029
1,48,0.0471407,0.153351,0.153351,0.0553569,-0.790113
1,72,0.000179115,0.00231958,0.00231958,0.000306573,-2.2132
1,96,2.94505e-6,3.50828e-5,3.50828e-5,1.7318e-6,3.72941
1,97,62.3269,12.7035,12.7035,52.7388,0.96781
1,98,210.186,41.5221,41.5221,160.337,1.65505
1,101,478.733,139.037,139.037,429.361,0.612146
1,103,481.866,142.383,142.383,367.064,1.66492
1,120,12.2347,11.8817,11.8817,11.3957,0.391915
1,144,0.0484424,0.182724,0.182724,0.0639821,-1.29293
1,168,0.000293557,0.00274666,0.00274666,0.000358062,-0.95901
1,192,3.95188e-6,4.10811e-5,4.10811e-5,1.93254e-6,5.56248
1,193,57.6293,16.2054,16.2054,59.35,-0.154343
1,194,228.698,52.9838,52.9838,180.911,1.40615
1,197,651.779,180.282,180.282,500.686,1.60645
1,199,412.257,186.486,186.486,434.657,-0.274345
1,216,14.3511,16.0385,16.0385,13.6922,0.256161
1,240,0.0612369,0.249188,0.249188,0.0758777,-1.02716
1,264,0.000242277,0.0037941,0.0037941,0.000420494,-2.2562
1,288,2.0092e-6,5.7556e-5,5.7556e-5,2.36896e-6,-0.808433
1,289,81.1078,23.6295,23.6295,79.8424,0.0843694
1,290,285.032,77.1226,77.1226,243.148,0.916986
1,293,823.433,261.73,261.73,674.182,1.1785
1,295,599.631,272.611,272.611,588.766,0.0982325
1,312,18.3784,23.7472,23.7472,18.5994,-0.0632452
1,336,0.0846329,0.360969,0.360969,0.10241,-0.924054
1,360,0.00032721,0.00533426,0.00533426,0.000562777,-2.22826
1,384,2.19974e-6,7.91946e-5,7.91946e-5,3.1601e-6,-1.61779
1,385,66.4824,18.9596,18.9596,58.8838,0.686952
1,386,178.485,61.9477,61.9477,179.727,-0.0367699
1,389,503.75,214.833,214.833,510.276,-0.0680903
1,391,506.621,224.683,224.683,450.424,0.664172
1,408,13.7768,20.1006,20.1006,14.4297,-0.240897
1,432,0.0598068,0.309711,0.309711,0.0797305,-1.33026
1,456,0.000246031,0.0046636,0.0046636,0.000442632,-2.36445
1,480,9.24875e-7,7.02594e-5,7.02594e-5,2.3813e-6,-3.25583
1,481,55.1576,17.0026,17.0026,50.1356,0.533241
1,482,153.988,55.5713,55.5713,153.128,0.0299176
1,485,496.349,192.783,192.783,435.523,0.743483
1,487,440.861,202.687,202.687,386.285,0.752122
1,504,10.6799,18.2814,18.2814,12.501,-0.775484
1,528,0.0465063,0.281794,0.281794,0.0686286,-1.71599
1,552,0.000282343,0.00424251,0.00424251,0.000377656,-1.34352
1,576,1.65898e-6,6.37741e-5,6.37741e-5,2.30872e-6,-1.49815
1,577,40.4013,15.8599,15.8599,44.9638,-0.540174
1,578,162.091,51.8444,51.8444,137.377,0.957663
1,581,375.381,179.535,179.535,393.795,-0.248926
1,583,454.316,189.17,189.17,349.358,1.59932
1,600,10.7232,17.1475,17.1475,11.3633,-0.299848
1,624,0.0429069,0.264473,0.264473,0.0629957,-1.69759
1,648,0.00020847,0.00398252,0.00398252,0.000349369,-2.1469
2,0,0,0,0,0,0
2,1,208.038,88.8919,88.8919,174.183,1.03467
2,2,504.643,163.961,163.961,461.249,0.500821
2,5,779.023,201.184,201.184,762.83,0.113001
2,7,697.957,163.889,163.889,591.204,0.961235
2,24,27.9805,10.0637,10.0637,25.8531,0.438061
2,48,0.299843,0.153351,0.153351,0.2887,0.205465
2,72,0.00370721,0.00231958,0.00231958,0.00320528,0.833627
2,96,3.80315e-5,3.50828e-5,3.50828e-5,3.5757e-5,0.338619
2,97,100.768,12.7035,12.7035,90.5721,0.599249
2,98,298.248,41.5221,41.5221,271.926,0.515301
2,101,787.36,139.037,139.037,717.046,0.522018
2,103,701.53,142.383,142.383,611.909,0.779676
2,120,28.7289,11.8817,11.8817,28.4752,0.0474389
2,144,0.349707,0.182724,0.182724,0.318143,0.528156
2,168,0.00398864,0.00274666,0.00274666,0.00355766,0.644883
2,192,4.25677e-5,4.10811e-5,4.10811e-5,3.94775e-5,0.416704
2,193,110.424,16.2054,16.2054,98.5603,0.640772
2,194,292.65,52.9838,52.9838,296.772,-0.0739371
2,197,884.578,180.282,180.282,810.669,0.485336
2,199,685.378,186.486,186.486,702.613,-0.130579
2,216,33.2359,16.0385,16.0385,33.1214,0.0184022
2,240,0.42032,0.249188,0.249188,0.373786,0.662724
2,264,0.00421449,0.0037941,0.0037941,0.004211,0.00441963
2,288,5.61471e-5,5.7556e-5,5.7556e-5,4.73968e-5,0.98279
2,289,138.238,23.6295,23.6295,130.346,0.322329
2,290,394.595,77.1226,77.1226,392.167,0.032956
2,293,1272.86,261.73,261.73,1070.66,1.00535
2,295,896.96,272.611,272.611,933.166,-0.206541
2,312,37.1059,23.7472,23.7472,44.0583,-0.840041
2,336,0.47517,0.360969,0.360969,0.492222,-0.184419
2,360,0.00430797,0.00533426,0.00533426,0.00550497,-1.15752
2,384,6.0223e-5,7.91946e-5,7.91946e-5,6.13764e-5,-0.10004
2,385,90.3024,18.9596,18.9596,94.426,-0.232471
2,386,188.742,61.9477,61.9477,284.715,-1.79443
2,389,759.539,214.833,214.833,794.563,-0.234657
2,391,769.844,224.683,224.683,698.344,0.545037
2,408,31.6272,20.1006,20.1006,33.3109,-0.269077
2,432,0.342783,0.309711,0.309711,0.372161,-0.420213
2,456,0.00378129,0.0046636,0.0046636,0.00416261,-0.487654
2,480,5.27299e-5,7.02594e-5,7.02594e-5,4.63654e-5,0.730733
2,481,95.1468,17.0026,17.0026,79.4891,1.0486
2,482,226.569,55.5713,55.5713,239.849,-0.294752
2,485,649.452,192.783,192.783,669.724,-0.161138
2,487,666.635,202.687,202.687,591.275,0.678488
2,504,29.4836,18.2814,18.2814,28.0809,0.265916
2,528,0.308695,0.281794,0.281794,0.31227,-0.060939
2,552,0.003391,0.00424251,0.00424251,0.00347211,-0.124343
2,576,4.28938e-5,6.37741e-5,6.37741e-5,3.85948e-5,0.592957
2,577,63.1977,15.8599,15.8599,70.6599,-0.562186
2,578,202.661,51.8444,51.8444,213.278,-0.264988
2,581,624.467,179.535,179.535,601.064,0.207263
2,583,523.047,189.17,189.17,530.513,-0.0749177
2,600,22.6254,17.1475,17.1475,25.3796,-0.577694
2,624,0.290815,0.264473,0.264473,0.283592,0.135582
2,648,0.00297233,0.00398252,0.00398252,0.0031722,-0.335408
3,0,0,0,0,0,0
3,1,111.4,88.8919,88.8919,95.1882,0.906627
3,2,247.155,163.961,163.961,194.976,1.42463
3,5,270.642,201.184,201.184,258.228,0.255918
3,7,188.653,163.889,163.889,215.688,-0.667268
3,24,21.6066,10.0637,10.0637,19.5671,0.554875
3,48,0.739749,0.153351,0.153351,0.581544,1.4482
3,72,0.0159839,0.00231958,0.00231958,0.0172794,-0.399111
3,96,0.000608108,3.50828e-5,3.50828e-5,0.000513549,0.980187
3,97,16.5942,12.7035,12.7035,14.839,0.629661
3,98,50.1207,41.5221,41.5221,47.9116,0.245454
3,101,147.767,139.037,139.037,157.564,-0.331025
3,103,153.048,142.383,142.383,159.607,-0.218762
3,120,17.9973,11.8817,11.8817,17.3216,0.207645
3,144,0.59507,0.182724,0.182724,0.512608,0.856367
3,168,0.0144987,0.00274666,0.00274666,0.0151256,-0.220649
3,192,0.000411031,4.10811e-5,4.10811e-5,0.000447009,-0.428457
3,193,21.5933,16.2054,16.2054,19.3426,0.619418
3,194,58.5168,52.9838,52.9838,62.4489,-0.335184
3,197,242.375,180.282,180.282,206.297,0.930979
3,199,207.68,186.486,186.486,210.091,-0.0610826
3,216,25.2808,16.0385,16.0385,23.1918,0.479497
3,240,0.667763,0.249188,0.249188,0.690433,-0.174797
3,264,0.0223434,0.0037941,0.0037941,0.0205159,0.474181
3,288,0.000594513,5.7556e-5,5.7556e-5,0.000610019,-0.135314
3,289,23.5727,23.6295,23.6295,27.9045,-0.826386
3,290,82.0708,77.1226,77.1226,89.9426,-0.465907
3,293,291.656,261.73,261.73,298.889,-0.128812
3,295,292.512,272.611,272.611,305.971,-0.234166
3,312,35.384,23.7472,23.7472,33.9563,0.223837
3,336,1.2286,0.360969,0.360969,1.0113,1.14385
3,360,0.0266263,0.00533426,0.00533426,0.0300457,-0.60584
3,384,0.000790945,7.91946e-5,7.91946e-5,0.000892963,-0.60818
3,385,26.8415,18.9596,18.9596,21.8851,1.20562
3,386,70.8744,61.9477,61.9477,70.6173,0.0193788
3,389,252.972,214.833,214.833,235.671,0.390806
3,391,203.833,224.683,224.683,243.415,-0.865651
3,408,22.301,20.1006,20.1006,27.3666,-0.98536
3,432,0.751056,0.309711,0.309711,0.810399,-0.389812
3,456,0.0187707,0.0046636,0.0046636,0.0238969,-1.14194
3,480,0.000723949,7.02594e-5,7.02594e-5,0.000705639,0.138128
3,481,19.8309,17.0026,17.0026,19.3556,0.130734
3,482,57.3655,55.5713,55.5713,62.4759,-0.43544
3,485,200.195,192.783,192.783,209.322,-0.232108
3,487,199.28,202.687,202.687,216.717,-0.428335
3,504,23.2863,18.2814,18.2814,24.5202,-0.267893
3,528,0.855137,0.281794,0.281794,0.725848,0.948207
3,552,0.0230455,0.00424251,0.00424251,0.0214082,0.407134
3,576,0.000704983,6.37741e-5,6.37741e-5,0.000632419,0.610813
3,577,18.5115,15.8599,15.8599,17.8568,0.195172
3,578,59.3618,51.8444,51.8444,57.6471,0.158343
3,581,193.412,179.535,179.535,193.746,-0.00917362
3,583,197.271,189.17,189.17,200.753,-0.0923233
3,600,25.311,17.1475,17.1475,22.8095,0.583807
3,624,0.744109,0.264473,0.264473,0.679335,0.507582
3,648,0.0203108,0.00398252,0.00398252,0.0201863,0.0328334
4,0,0,0,0,0,0
4,1,54.6029,88.8919,88.8919,50.8745,0.390135
4,2,86.5979,163.961,163.961,84.5434,0.129362
4,5,74.5462,201.184,201.184,88.8434,-0.856671
4,7,51.5477,163.889,163.889,65.7657,-1.15088
4,24,1.94476,10.0637,10.0637,2.80105,-1.62738
4,48,0.0172861,0.153351,0.153351,0.0316048,-2.41179
4,72,0.000130008,0.00231958,0.00231958,0.00035738,-3.38685
4,96,6.74705e-6,3.50828e-5,3.50828e-5,4.08308e-6,3.4732
4,97,8.29138,12.7035,12.7035,8.64049,-0.215089
4,98,29.4901,41.5221,41.5221,25.5845,0.812637
4,101,61.2016,139.037,139.037,66.2926,-0.40881
4,103,57.4569,142.383,142.383,55.9092,0.147367
4,120,1.66569,11.8817,11.8817,2.53396,-1.82407
4,144,0.0151446,0.182724,0.182724,0.0281834,-2.46281
4,168,0.000152541,0.00274666,0.00274666,0.00031356,-2.73366
4,192,7.43464e-6,4.10811e-5,4.10811e-5,3.37672e-6,6.39729
4,193,11.5744,16.2054,16.2054,11.2497,0.153677
4,194,38.3968,52.9838,52.9838,33.3462,0.806276
4,197,90.3009,180.282,180.282,88.0139,0.138326
4,199,69.0122,186.486,186.486,74.6649,-0.40302
4,216,3.08648,16.0385,16.0385,3.37685,-0.457739
4,240,0.0246657,0.249188,0.249188,0.0374813,-1.82017
4,264,0.000192515,0.0037941,0.0037941,0.000417508,-2.86875
4,288,3.90587e-6,5.7556e-5,5.7556e-5,4.68393e-6,-0.88429
4,289,24.2069,29.1909,29.1909,20.1329,1.07721
4,290,63.6884,95.1283,95.1283,59.5439,0.370532
4,293,168.513,322.612,322.612,157.459,0.373695
4,295,136.263,334.481,334.481,133.764,0.0994268
4,312,4.98688,28.9889,28.9889,6.0729,-0.951987
4,336,0.0447913,0.448694,0.448694,0.0675448,-1.79327
4,360,0.000384718,0.0068012,0.0068012,0.000749095,-2.58942
4,384,3.54366e-6,0.00010306,0.00010306,7.7375e-6,-2.88536
4,385,14.3608,22.6397,22.6397,15.3217,-0.333876
4,386,41.5907,73.8859,73.8859,45.4325,-0.45014
4,389,145.075,253.265,253.265,123.21,0.944669
4,391,128.389,266.193,266.193,105.568,1.15075
4,408,4.70838,23.7693,23.7693,4.83555,-0.14
4,432,0.0432998,0.363636,0.363636,0.0538099,-1.03976
4,456,0.000322589,0.00543428,0.00543428,0.000599346,-2.45816
4,480,5.3889e-6,8.10425e-5,8.10425e-5,6.56872e-6,-0.956143
4,481,16.3162,20.2266,20.2266,13.5352,1.09374
4,482,44.5941,66.0347,66.0347,40.1613,0.587569
4,485,134.386,228.369,228.369,108.581,1.26516
4,487,113.192,240.385,240.385,93.3566,1.13106
4,504,4.00328,21.7313,21.7313,4.28114,-0.345502
4,528,0.0366691,0.331481,0.331481,0.0473502,-1.20083
4,552,0.000280184,0.00496084,0.00496084,0.000525339,-2.48421
4,576,3.97434e-6,7.41533e-5,7.41533e-5,5.17963e-6,-1.23874
4,577,15.7343,18.8651,18.8651,12.528,1.36244
4,578,54.4956,61.5997,61.5997,37.1836,2.47848
4,581,131.952,214.573,214.573,100.395,1.67326
4,583,118.159,225.754,225.754,86.5676,1.94267
4,600,4.03864,20.4432,20.4432,3.96726,0.0957781
4,624,0.0388006,0.315789,0.315789,0.0439129,-0.61974
4,648,0.00025329,0.00474879,0.00474879,0.000485956,-2.54874
5,0,0,0,0,0,0
5,1,52.0777,88.8919,88.8919,37.9754,1.97686
5,2,83.5615,163.961,163.961,75.0012,0.607583
5,5,80.8044,201.184,201.184,92.4588,-0.67101
5,7,59.6512,163.889,163.889,72.9808,-0.972291
5,24,2.6608,10.0637,10.0637,4.8258,-2.38824
5,48,0.0268691,0.153351,0.153351,0.0974891,-3.8562
5,72,0.000377403,0.00231958,0.00231958,0.00196827,-4.30267
5,96,9.80692e-5,3.50828e-5,3.50828e-5,3.95393e-5,7.88019
5,97,7.73841,12.7035,12.7035,6.8747,0.668808
5,98,23.1101,41.5221,41.5221,21.2424,0.468054
5,101,57.2803,139.037,139.037,61.6843,-0.380073
5,103,46.2687,142.383,142.383,56.8482,-0.990688
5,120,2.75751,11.8817,11.8817,4.1527,-1.78852
5,144,0.0377682,0.182724,0.182724,0.0844699,-2.9432
5,168,0.000360671,0.00274666,0.00274666,0.00171656,-4.20488
5,192,5.66299e-6,4.10811e-5,4.10811e-5,3.48194e-5,-4.4576
5,193,8.72918,16.2054,16.2054,8.8427,-0.0683386
5,194,26.0919,52.9838,52.9838,27.336,-0.242287
5,197,72.385,180.282,180.282,80.4693,-0.534815
5,199,73.2642,186.486,186.486,74.7046,-0.102641
5,216,4.10354,16.0385,16.0385,5.49871,-1.35069
5,240,0.0509514,0.249188,0.249188,0.112493,-2.91226
5,264,0.000419739,0.0037941,0.0037941,0.00229925,-4.35158
5,288,8.35401e-6,5.7556e-5,5.7556e-5,4.68474e-5,-4.37411
5,289,18.7172,29.1909,29.1909,15.5576,1.08112
5,290,58.4141,95.1283,95.1283,47.9651,1.15969
5,293,140.736,322.612,322.612,141.309,-0.0215831
5,295,127.544,334.481,334.481,131.192,-0.148029
5,312,7.10602,28.9889,28.9889,9.6327,-1.39634
5,336,0.0798827,0.448694,0.448694,0.193582,-3.12667
5,360,0.00121573,0.0068012,0.0068012,0.00389239,-3.66071
5,384,1.73645e-5,0.00010306,0.00010306,7.81671e-5,-4.14082
5,385,15.4548,22.6397,22.6397,11.5559,1.79607
5,386,45.6088,73.8859,73.8859,35.7012,1.47731
5,389,108.159,253.265,253.265,106.562,0.0798037
5,391,106.175,266.193,266.193,99.7756,0.34145
5,408,5.62868,23.7693,23.7693,7.43394,-1.29274
5,432,0.0779074,0.363636,0.363636,0.151529,-2.5864
5,456,0.000798163,0.00543428,0.00543428,0.00308479,-3.94601
5,480,3.00037e-5,8.10425e-5,8.10425e-5,6.2692e-5,-2.77567
5,481,11.0223,20.2266,20.2266,10.0745,0.500792
5,482,37.4169,66.0347,66.0347,31.141,1.07283
5,485,132.044,228.369,228.369,93.2278,2.21643
5,487,105.518,240.385,240.385,87.8363,1.07163
5,504,5.10768,21.7313,21.7313,6.54679,-1.17018
5,528,0.0587455,0.331481,0.331481,0.131309,-2.9418
5,552,0.000933114,0.00496084,0.00496084,0.00264332,-3.44419
5,576,1.51437e-5,7.41533e-5,7.41533e-5,5.31569e-5,-3.80683
5,577,13.3583,18.8651,18.8651,9.22652,2.38389
5,578,31.6045,61.5997,61.5997,28.5268,0.574338
5,581,101.194,214.573,214.573,85.6274,0.967771
5,583,111.049,225.754,225.754,80.7932,1.99355
5,600,5.86013,20.4432,20.4432,6.04105,-0.159423
5,624,0.0656139,0.315789,0.315789,0.120651,-2.42837
5,648,0.000809852,0.00474879,0.00474879,0.00240555,-3.53122
6,0,0,0,0,0,0
6,1,121.875,88.8919,88.8919,99.186,1.21775
6,2,183.448,163.961,163.961,185.633,-0.0626378
6,5,238.395,201.184,201.184,236.072,0.0523641
6,7,218.143,163.889,163.889,199.762,0.489833
6,24,15.4598,10.0637,10.0637,15.5934,-0.0456107
6,48,0.254607,0.153351,0.153351,0.275961,-0.41192
6,72,0.00464235,0.00231958,0.00231958,0.00436044,0.344163
6,96,6.24008e-5,3.50828e-5,3.50828e-5,6.53044e-5,-0.236686
6,97,13.0898,12.7035,12.7035,12.7689,0.133771
6,98,39.8272,41.5221,41.5221,43.6159,-0.462414
6,101,162.652,139.037,139.037,166.237,-0.114794
6,103,208.876,142.383,142.383,189.362,0.548587
6,120,30.3512,11.8817,11.8817,29.379,0.176151
6,144,0.679043,0.182724,0.182724,0.656306,0.184423
6,168,0.0103378,0.00274666,0.00274666,0.0114155,-0.502573
6,192,0.000215886,4.10811e-5,4.10811e-5,0.000180132,1.05664
6,193,15.9271,16.2054,16.2054,15.5113,0.142676
6,194,45.7421,52.9838,52.9838,52.9904,-0.728157
6,197,213.297,180.282,180.282,205.235,0.209098
6,199,234.567,186.486,186.486,237.808,-0.0725474
6,216,47.2022,16.0385,16.0385,40.4861,0.883091
6,240,0.986517,0.249188,0.249188,0.941187,0.25639
6,264,0.0189699,0.0037941,0.0037941,0.0165513,0.777881
6,288,0.000249342,5.7556e-5,5.7556e-5,0.000262175,-0.260563
6,289,33.1713,29.1909,29.1909,28.149,0.949773
6,290,107.055,95.1283,95.1283,95.7858,0.626304
6,293,398.935,322.612,322.612,368.628,0.437668
6,295,471.579,334.481,334.481,428.659,0.533013
6,312,73.0177,28.9889,28.9889,75.2463,-0.157664
6,336,1.89901,0.448694,0.448694,1.77531,0.370905
6,360,0.0302875,0.0068012,0.0068012,0.0316514,-0.229384
6,384,0.000460553,0.00010306,0.00010306,0.000504293,-0.461729
6,385,24.6662,22.6397,22.6397,22.3742,0.545321
6,386,85.0302,73.8859,73.8859,76.2059,0.616421
6,389,339.894,253.265,253.265,295.355,0.80276
6,391,391.221,266.193,266.193,347.956,0.661911
6,408,67.9451,23.7693,23.7693,65.1805,0.225787
6,432,1.58788,0.363636,0.363636,1.5668,0.071606
6,456,0.0266198,0.00543428,0.00543428,0.0279255,-0.248911
6,480,0.000411406,8.10425e-5,8.10425e-5,0.00044417,-0.392678
6,481,19.9122,20.2266,20.2266,20.2833,-0.0973968
6,482,65.8186,66.0347,66.0347,69.0995,-0.252759
6,485,259.792,228.369,228.369,268.976,-0.181753
6,487,366.095,240.385,240.385,317.554,0.813727
6,504,66.7714,21.7313,21.7313,60.6607,0.536257
6,528,1.41729,0.331481,0.331481,1.46862,-0.18607
6,552,0.0272208,0.00496084,0.00496084,0.0262563,0.195549
6,576,0.00043143,7.41533e-5,7.41533e-5,0.000418143,0.16916
6,577,20.3674,18.8651,18.8651,19.127,0.345227
6,578,64.5502,61.5997,61.5997,65.1663,-0.0503295
6,581,260.407,214.573,214.573,254.43,0.125043
6,583,259.459,225.754,225.754,300.532,-0.727531
6,600,57.7148,20.4432,20.4432,57.8333,-0.0109062
6,624,1.4784,0.315789,0.315789,1.41334,0.245035
6,648,0.030118,0.00474879,0.00474879,0.0253544,1.00016
7,0,0,0,0,0,0
7,1,74.8387,88.8919,88.8919,59.8422,1.33405
7,2,106.336,163.961,163.961,118.91,-0.562943
7,5,106.8,201.184,201.184,145.455,-1.41472
7,7,80.3758,163.889,163.889,113.794,-1.56334
7,24,3.46866,10.0637,10.0637,4.03827,-0.750872
7,48,0.0158816,0.153351,0.153351,0.023132,-1.66853
7,72,9.13627e-5,0.00231958,0.00231958,0.000127049,-1.49527
7,96,7.37459e-7,3.50828e-5,3.50828e-5,6.26659e-7,0.94123
7,97,8.01391,12.7035,12.7035,11.0251,-1.45393
7,98,30.5616,41.5221,41.5221,35.784,-0.776912
7,101,93.4396,139.037,139.037,115.939,-1.03309
7,103,119.567,142.383,142.383,114.247,0.247869
7,120,5.27432,11.8817,11.8817,5.93451,-0.592211
7,144,0.0266294,0.182724,0.182724,0.0359884,-1.38438
7,168,0.00014227,0.00274666,0.00274666,0.000201534,-1.56541
7,192,1.11813e-6,4.10811e-5,4.10811e-5,1.11202e-6,0.029249
7,193,11.1238,16.2054,16.2054,12.9995,-0.768121
7,194,37.0564,52.9838,52.9838,42.243,-0.65361
7,197,137.796,180.282,180.282,138.991,-0.045767
7,199,125.236,186.486,186.486,139.848,-0.556203
7,216,8.80878,16.0385,16.0385,7.67134,0.789303
7,240,0.0454647,0.249188,0.249188,0.0466246,-0.13244
7,264,0.00024521,0.0037941,0.0037941,0.000257683,-0.257677
7,288,1.45556e-6,5.7556e-5,5.7556e-5,1.36007e-6,0.373765
7,289,30.199,34.6841,34.6841,26.8465,0.664768
7,290,90.1821,112.858,112.858,86.7962,0.20766
7,293,300.282,379.182,379.182,284.008,0.305024
7,295,219.092,392.875,392.875,284.959,-1.23048
7,312,15.153,33.9309,33.9309,15.7056,-0.187305
7,336,0.0987904,0.520358,0.520358,0.0961273,0.147476
7,360,0.000503832,0.00779592,0.00779592,0.000537039,-0.329162
7,384,3.52737e-6,0.000116802,0.000116802,2.90085e-6,1.14973
7,385,22.3044,26.1322,26.1322,19.3783,0.80383
7,386,67.2562,85.1894,85.1894,62.7998,0.377758
7,389,223.025,291.44,291.44,210.443,0.318269
7,391,270.16,305.982,305.982,215.372,1.35422
7,408,11.527,27.5237,27.5237,12.5852,-0.447621
7,432,0.104869,0.425656,0.425656,0.0784287,1.79466
7,456,0.000415738,0.00645127,0.00645127,0.000443656,-0.334985
7,480,5.22516e-6,9.67258e-5,9.67258e-5,2.23354e-6,7.13016
7,481,22.731,23.2968,23.2968,16.9047,1.83474
7,482,76.8027,75.9753,75.9753,54.8118,2.13578
7,485,240.057,260.792,260.792,185.748,1.55644
7,487,246.48,275.078,275.078,190.231,1.57406
7,504,13.927,24.8374,24.8374,11.3415,1.21353
7,528,0.0844984,0.378129,0.378129,0.0701776,1.08632
7,552,0.000500403,0.00557928,0.00557928,0.000393194,1.45149
7,576,2.44039e-6,8.26905e-5,8.26905e-5,2.22465e-6,0.516252
7,577,23.5277,21.7481,21.7481,15.545,2.73367
7,578,58.1752,70.9363,70.9363,50.4145,0.819476
7,581,200.98,244.251,244.251,170.884,0.937549
7,583,230.228,258,258,175.766,1.64949
7,600,13.174,23.4001,23.4001,10.5256,1.33943
7,624,0.076072,0.358011,0.358011,0.0658555,0.825845
7,648,0.000324894,0.00536059,0.00536059,0.000371711,-0.670483
8,0,0,0,0,0,0
8,1,88.7445,88.8919,88.8919,77.0935,0.804517
8,2,118.27,163.961,163.961,127.706,-0.393353
8,5,131.186,201.184,201.184,147.735,-0.596305
8,7,117.966,163.889,163.889,119.626,-0.0738874
8,24,8.15849,10.0637,10.0637,7.68943,0.324725
8,48,0.137939,0.153351,0.153351,0.130595,0.299349
8,72,0.00183648,0.00231958,0.00231958,0.00221093,-0.901585
8,96,4.11485e-5,3.50828e-5,3.50828e-5,3.74353e-5,0.528035
8,97,10.7956,12.7035,12.7035,9.90492,0.478673
8,98,31.3401,41.5221,41.5221,32.0584,-0.119269
8,101,96.1436,139.037,139.037,105.436,-0.469148
8,103,102.784,142.383,142.383,105.845,-0.153965
8,120,9.03768,11.8817,11.8817,8.69631,0.208969
8,144,0.160444,0.182724,0.182724,0.149637,0.384442
8,168,0.00258932,0.00274666,0.00274666,0.00255776,0.0656753
8,192,4.50692e-5,4.10811e-5,4.10811e-5,4.3598e-5,0.179631
8,193,17.3264,16.2054,16.2054,13.177,1.67633
8,194,48.1422,52.9838,52.9838,42.6606,0.684028
8,197,134.722,180.282,180.282,140.85,-0.231606
8,199,136.465,186.486,186.486,143.259,-0.252466
8,216,12.2408,16.0385,16.0385,12.0441,0.0869624
8,240,0.18131,0.249188,0.249188,0.207343,-0.66838
8,264,0.0038633,0.0037941,0.0037941,0.00354367,0.480164
8,288,7.54451e-5,5.7556e-5,5.7556e-5,6.0434e-5,1.32227
8,289,27.5116,34.6841,34.6841,29.1153,-0.293227
8,290,95.3874,112.858,112.858,93.8372,0.087941
8,293,322.579,379.182,379.182,310.933,0.199385
8,295,292.589,392.875,392.875,315.408,-0.385146
8,312,29.0954,33.9309,33.9309,26.3802,0.547918
8,336,0.506048,0.520358,0.520358,0.449169,0.674114
8,360,0.00733994,0.00779592,0.00779592,0.0075254,-0.131194
9,0,0,0,0,0,0
9,1,100.628,88.8919,88.8919,88.8586,0.705107
9,2,230.416,163.961,163.961,186.758,1.24442
9,5,255.488,201.184,201.184,251.449,0.085517
9,7,214.408,163.889,163.889,210.403,0.10134
9,24,15.7539,10.0637,10.0637,13.9157,0.70318
9,48,0.2009,0.153351,0.153351,0.189808,0.311107
9,72,0.00264719,0.00231958,0.00231958,0.00241635,0.508561
9,96,3.73025e-5,3.50828e-5,3.50828e-5,3.04305e-5,1.20217
9,97,13.1473,12.7035,12.7035,14.252,-0.412645
9,98,45.353,41.5221,41.5221,47.7726,-0.269625
9,101,171.71,139.037,139.037,171.436,0.00851292
9,103,158.055,142.383,142.383,185.778,-0.794391
9,120,22.3162,11.8817,11.8817,19.9824,0.62174
9,144,0.297791,0.182724,0.182724,0.299935,-0.0380469
9,168,0.00405226,0.00274666,0.00274666,0.00389972,0.208221
9,192,5.30947e-5,4.10811e-5,4.10811e-5,4.94975e-5,0.386879
9,193,19.5754,16.2054,16.2054,17.1993,0.735431
9,194,64.6242,52.9838,52.9838,57.6659,0.642359
9,197,195.655,180.282,180.282,210.369,-0.372343
9,199,261.764,186.486,186.486,231.209,0.703514
9,216,30.9401,16.0385,16.0385,26.3176,0.935013
9,240,0.352968,0.249188,0.249188,0.401341,-0.641616
9,264,0.00509657,0.0037941,0.0037941,0.00521501,-0.120899
9,288,6.26375e-5,5.7556e-5,5.7556e-5,6.58479e-5,-0.259535
9,289,38.9367,34.6841,34.6841,35.8762,0.454127
9,290,114.317,112.858,112.858,119.654,-0.237448
9,293,381.227,379.182,379.182,432.48,-0.630872
9,295,422.13,392.875,392.875,474.871,-0.591241
9,312,62.7835,33.9309,33.9309,54.3459,0.826492
9,336,1.03506,0.520358,0.520358,0.82977,1.31704
9,360,0.00911096,0.00779592,0.00779592,0.0107873,-0.827244
9,384,0.000137445,0.000116802,0.000116802,0.00013662,0.0321479
9,385,24.9444,26.1322,26.1322,26.2664,-0.267936
9,386,66.5858,85.1894,85.1894,87.7451,-1.28371
9,389,325.054,291.44,291.44,321.134,0.0649669
9,391,355.633,305.982,305.982,358.83,-0.0474291
9,408,40.3392,27.5237,27.5237,44.1136,-0.455484
9,432,0.636339,0.425656,0.425656,0.676724,-0.317685
9,456,0.00917366,0.00645127,0.00645127,0.00875363,0.255437
9,480,0.000136745,9.67258e-5,9.67258e-5,0.000110019,1.29318
9,481,23.2893,23.2968,23.2968,23.0847,0.0471885
9,482,77.5329,75.9753,75.9753,77.1425,0.0269349
9,485,309.593,260.792,260.792,285.008,0.459197
9,487,301.286,275.078,275.078,319.207,-0.29887
9,504,41.9548,24.8374,24.8374,39.5239,0.327421
9,528,0.536335,0.378129,0.378129,0.611069,-0.651058
9,552,0.00747905,0.00557928,0.00557928,0.00800056,-0.347002
9,576,8.70033e-5,8.26905e-5,8.26905e-5,0.000101044,-0.739717
9,577,19.9023,21.7481,21.7481,21.3383,-0.358232
9,578,76.3272,70.9363,70.9363,71.317,0.373982
9,581,248.176,244.251,244.251,265.676,-0.350632
9,583,272.115,258,258,296.799,-0.442723
9,600,40.2477,23.4001,23.4001,37.1488,0.444066
9,624,0.649117,0.358011,0.358011,0.577968,0.655321
9,648,0.00645844,0.00536059,0.00536059,0.00755638,-0.773486
10,0,0,0,0,0,0
10,1,55.1077,88.8919,88.8919,52.947,0.217245
10,2,78.208,163.961,163.961,79.7962,-0.105953
10,5,89.8335,201.184,201.184,96.8192,-0.384095
10,7,83.2258,163.889,163.889,84.842,-0.101408
10,24,9.52487,10.0637,10.0637,9.17452,0.203287
10,48,0.247626,0.153351,0.153351,0.234227,0.304531
10,72,0.00482562,0.00231958,0.00231958,0.00512553,-0.311487
10,96,0.000110283,3.50828e-5,3.50828e-5,0.000105239,0.255145
10,97,5.63449,12.7035,12.7035,5.61309,0.0203007
10,98,24.4086,41.5221,41.5221,19.32,1.40209
10,101,71.4096,139.037,139.037,76.4472,-0.350794
10,103,89.3288,142.383,142.383,89.6714,-0.0203381
10,120,19.0469,11.8817,11.8817,18.0062,0.307654
10,144,0.54816,0.182724,0.182724,0.541498,0.0654942
10,168,0.0114202,0.00274666,0.00274666,0.0124398,-0.436315
10,192,0.000244773,4.10811e-5,4.10811e-5,0.000259096,-0.294283
10,193,9.2721,16.2054,16.2054,7.88193,0.938912
10,194,30.1324,52.9838,52.9838,27.1227,0.59072
10,197,87.8081,180.282,180.282,107.559,-0.977513
10,199,122.456,186.486,186.486,128.25,-0.240479
10,216,28.2174,16.0385,16.0385,27.7436,0.090916
10,240,0.9631,0.249188,0.249188,0.854709,0.675091
10,264,0.0176956,0.0037941,0.0037941,0.0199819,-0.609092
10,288,0.000444957,5.7556e-5,5.7556e-5,0.000418138,0.341432
10,289,23.6384,50.8346,50.8346,27.8386,-0.803188
10,290,98.6722,164.678,164.678,94.8945,0.21192
10,293,338.374,547.046,547.046,369.478,-0.448146
10,295,413.239,562.203,562.203,440.575,-0.3303
10,312,97.3772,48.0076,48.0076,97.3883,-0.000606383
10,336,3.75186,0.727559,0.727559,3.04934,1.22642
10,360,0.0883458,0.0107201,0.0107201,0.0713643,1.26673
10,384,0.0015723,0.000158627,0.000158627,0.00151059,0.217476
10,385,31.1975,35.7492,35.7492,24.0149,1.59215
10,386,79.905,116.166,116.166,81.9425,-0.132369
10,389,329.915,395.574,395.574,322.305,0.125692
10,391,324.413,416.13,416.13,388.572,-0.878968
10,408,93.0174,37.447,37.447,90.1471,0.169498
10,432,2.83252,0.58169,0.58169,2.86501,-0.06038
10,456,0.0754663,0.00882813,0.00882813,0.0673625,0.640413
10,480,0.00126149,0.000133943,0.000133943,0.00142662,-0.6162
10,481,25.9464,31.8713,31.8713,23.1249,0.649513
10,482,77.8353,103.611,103.611,78.9145,-0.0727966
10,485,304.338,357.562,357.562,310.816,-0.110956
10,487,336.651,376.526,376.526,375.233,-0.547364
10,504,115.796,34.1405,34.1405,87.7814,1.69889
10,528,2.90218,0.52744,0.52744,2.79928,0.195675
10,552,0.074616,0.00793024,0.00793024,0.0658755,0.706322
11,0,0,0,0,0,0
11,1,121.271,88.8919,88.8919,99.8072,1.14483
11,2,220.664,163.961,163.961,213.218,0.185902
11,5,304.711,201.184,201.184,307.799,-0.0534032
11,7,246.927,163.889,163.889,274.979,-0.543067
11,24,39.0526,10.0637,10.0637,34.5562,0.692665
11,48,1.06502,0.153351,0.153351,1.24782,-0.779825
11,72,0.0427369,0.00231958,0.00231958,0.0425994,0.0171816
11,96,0.00150231,3.50828e-5,3.50828e-5,0.00144255,0.220515
11,97,10.9852,12.7035,12.7035,12.7219,-0.726728
11,98,41.7215,41.5221,41.5221,43.7507,-0.246898
11,101,162.887,139.037,139.037,171.595,-0.27013
11,103,235.264,142.383,142.383,201.603,0.888825
11,120,42.0691,11.8817,11.8817,43.1,-0.127324
11,144,1.79356,0.182724,0.182724,1.70114,0.289222
11,168,0.0670999,0.00274666,0.00274666,0.0591265,0.717878
11,192,0.00221482,4.10811e-5,4.10811e-5,0.00201335,0.53269
11,193,17.563,16.2054,16.2054,16.2123,0.4435
11,194,61.5813,52.9838,52.9838,55.7244,0.559515
11,197,215.879,180.282,180.282,219.969,-0.0989635
11,199,243.518,186.486,186.486,260.978,-0.356145
11,216,56.9753,16.0385,16.0385,58.2536,-0.116817
11,240,2.56891,0.249188,0.249188,2.31093,0.594274
11,264,0.0859042,0.0037941,0.0037941,0.0787549,0.483259
11,288,0.00237828,5.7556e-5,5.7556e-5,0.00262104,-0.493066
11,289,54.6119,50.8346,50.8346,50.8872,0.389647
11,290,164.17,164.678,164.678,173.228,-0.278353
11,293,731.154,547.046,547.046,666.545,0.516001
11,295,863.367,562.203,562.203,786.276,0.521934
11,312,197.733,48.0076,48.0076,174.542,0.707302
11,336,6.00929,0.727559,0.727559,6.95224,-0.722023
11,360,0.267241,0.0107201,0.0107201,0.240836,0.583657
11,384,0.00824102,0.000158627,0.000158627,0.00817993,0.0397573
11,385,37.4588,35.7492,35.7492,35.9301,0.226492
11,386,123.135,116.166,116.166,122.506,0.0273256
11,389,590.313,395.574,395.574,482.28,1.19248
11,391,572.799,416.13,416.13,578.282,-0.0504757
11,408,152.343,37.447,37.447,138.146,0.547103
11,432,4.55717,0.58169,0.58169,5.59791,-0.989706
11,456,0.176583,0.00882813,0.00882813,0.194466,-0.489552
11,480,0.00698186,0.000133943,0.000133943,0.00660767,0.301463
11,481,34.6534,31.8713,31.8713,32.0533,0.431832
11,482,106.732,103.611,103.611,109.316,-0.125844
11,485,454.157,357.562,357.562,430.405,0.293775
11,487,577.905,376.526,376.526,518.199,0.613356
11,504,131.057,34.1405,34.1405,126.175,0.205978
11,528,5.32166,0.52744,0.52744,5.14278,0.185161
11,552,0.198003,0.00793024,0.00793024,0.178621,0.577632
11,576,0.00519457,0.000119013,0.000119013,0.00606231,-0.761979
11,577,26.525,29.8613,29.8613,30.0586,-0.625796
11,578,99.2137,97.0931,97.0931,102.523,-0.171837
11,581,421.107,334.525,334.525,406.251,0.194673
11,583,451.623,353.082,353.082,488.853,-0.40542
11,600,148.848,32.254,32.254,119.258,1.32079
11,624,4.55249,0.497475,0.497475,4.8475,-0.323975
11,648,0.161867,0.00748725,0.00748725,0.167632,-0.183096
12,0,0,0,0,0,0
12,1,93.8282,88.8919,88.8919,77.4172,1.12846
12,2,123.444,163.961,163.961,124.403,-0.0410394
12,5,137.1,201.184,201.184,142.832,-0.213637
12,7,116.462,163.889,163.889,116.382,0.00365755
12,24,6.46265,10.0637,10.0637,6.17286,0.249908
12,48,0.0557478,0.153351,0.153351,0.0578628,-0.194584
12,72,0.000489427,0.00231958,0.00231958,0.00048376,0.0623601
12,96,3.78699e-6,3.50828e-5,3.50828e-5,3.82443e-6,-0.052127
12,97,9.69761,12.7035,12.7035,9.74919,-0.0281623
12,98,31.3511,41.5221,41.5221,32.4726,-0.183853
12,101,120.571,139.037,139.037,114.012,0.306216
12,103,109.914,142.383,142.383,121.392,-0.503321
12,120,14.2132,11.8817,11.8817,10.7627,1.70663
12,144,0.114494,0.182724,0.182724,0.112295,0.104241
12,168,0.00104538,0.00274666,0.00274666,0.000956416,0.495147
12,192,1.04993e-5,4.10811e-5,4.10811e-5,7.73054e-6,1.9066
12,193,13.5072,16.2054,16.2054,12.512,0.423429
12,194,47.3243,52.9838,52.9838,41.6975,0.718345
12,197,152.647,180.282,180.282,149.113,0.126187
12,199,154.319,186.486,186.486,161.419,-0.234144
12,216,14.3874,16.0385,16.0385,15.3217,-0.324621
12,240,0.16275,0.249188,0.249188,0.16165,0.0362229
12,264,0.00152198,0.0037941,0.0037941,0.00136448,0.614487
12,288,9.64059e-6,5.7556e-5,5.7556e-5,1.10153e-5,-0.664375
12,289,41.4872,50.8346,50.8346,40.8985,0.076633
12,290,126.13,164.678,164.678,135.004,-0.349914
12,293,452.21,547.046,547.046,471.488,-0.217663
12,295,452.438,562.203,562.203,509.069,-0.5922
12,312,47.4571,48.0076,48.0076,48.7335,-0.13942
12,336,0.502873,0.727559,0.727559,0.523236,-0.207167
12,360,0.00462026,0.0107201,0.0107201,0.0045376,0.0969753
12,384,3.33663e-5,0.000158627,0.000158627,3.73319e-5,-0.565491
12,385,35.2927,35.7492,35.7492,31.5119,0.638702
12,386,106.437,116.166,116.166,104.264,0.110957
12,389,331.72,395.574,395.574,374.318,-0.605812
12,391,409.371,416.13,416.13,411.736,-0.0305803
12,408,43.1348,37.447,37.447,42.2059,0.117166
12,432,0.443352,0.58169,0.58169,0.457763,-0.167592
12,456,0.00399591,0.00882813,0.00882813,0.0039416,0.0733502
12,480,3.61177e-5,0.000133943,0.000133943,3.21172e-5,0.66308
12,481,29.7368,31.8713,31.8713,29.1596,0.105364
12,482,104.182,103.611,103.611,96.5108,0.423144
12,485,365.061,357.562,357.562,347.755,0.264906
12,487,433.008,376.526,376.526,383.519,0.68693
12,504,43.9422,34.1405,34.1405,39.6255,0.579915
12,528,0.428107,0.52744,0.52744,0.431042,-0.0362516
12,552,0.00376977,0.00793024,0.00793024,0.00370332,0.0955285
12,576,3.68814e-5,0.000119013,0.000119013,3.00966e-5,1.20007
12,577,31.8973,29.8613,29.8613,27.9933,0.742414
12,578,104.324,97.0931,97.0931,92.6605,0.670052
12,581,350.189,334.525,334.525,332.727,0.279381
12,583,264.262,353.082,353.082,368.232,-1.50306
12,600,36.8169,32.254,32.254,38.6353,-0.250545
12,624,0.435976,0.497475,0.497475,0.424245,0.147193
12,648,0.00350637,0.00748725,0.00748725,0.00370245,-0.281919
13,0,0,0,0,0,0
13,1,51.0614,88.8919,88.8919,39.1857,1.61332
13,2,62.7103,163.961,163.961,53.8175,0.87964
13,5,72.0573,201.184,201.184,52.9974,1.9145
13,7,41.31,163.889,163.889,39.1812,0.289239
13,24,1.56094,10.0637,10.0637,1.3072,1.03333
13,48,0.00902594,0.153351,0.153351,0.00980279,-0.421871
13,72,5.67825e-5,0.00231958,0.00231958,7.31635e-5,-1.19189
13,96,4.20909e-7,3.50828e-5,3.50828e-5,4.85187e-7,-0.705246
13,97,6.51297,12.7035,12.7035,5.74612,0.710429
13,98,24.1637,41.5221,41.5221,17.5192,2.01899
13,101,52.012,139.037,139.037,48.3776,0.399923
13,103,48.2284,142.383,142.383,42.3241,0.742622
13,120,1.90464,11.8817,11.8817,1.57867,1.09919
13,144,0.0116556,0.182724,0.182724,0.0115752,0.0369763
13,168,7.96058e-5,0.00274666,0.00274666,8.47359e-5,-0.322285
13,192,1.6359e-6,4.10811e-5,4.10811e-5,7.43151e-7,6.39502
13,193,10.916,16.2054,16.2054,7.9389,1.99628
13,194,29.4438,52.9838,52.9838,24.239,1.14308
13,197,85.8427,180.282,180.282,68.5646,1.34148
13,199,61.4189,186.486,186.486,60.501,0.0807674
13,216,2.2901,16.0385,16.0385,2.29852,-0.0195036
13,240,0.0141589,0.249188,0.249188,0.0171712,-0.933861
13,264,8.85292e-5,0.0037941,0.0037941,0.000127869,-1.63778
13,288,5.38647e-7,5.7556e-5,5.7556e-5,8.92995e-7,-2.11237
13,289,29.8903,50.8346,50.8346,26.8039,0.612974
13,290,104.832,164.678,164.678,81.2177,1.54776
13,293,283.155,547.046,547.046,224.528,1.39001
13,295,276.354,562.203,562.203,198.536,2.08654
13,312,8.34339,48.0076,48.0076,7.55331,0.55683
13,336,0.0436822,0.727559,0.727559,0.0557201,-1.15008
13,360,0.000308294,0.0107201,0.0107201,0.000411263,-1.33283
13,384,2.25191e-6,0.000158627,0.000158627,2.9178e-6,-1.21488
13,385,24.3852,35.7492,35.7492,21.4217,0.736466
13,386,76.3115,116.166,116.166,65.1604,0.911015
13,389,210.891,395.574,395.574,187.632,0.659907
13,391,201.093,416.13,416.13,167.593,1.06411
13,408,7.12411,37.447,37.447,6.47703,0.531827
13,432,0.0355791,0.58169,0.58169,0.047749,-1.35678
13,456,0.000245492,0.00882813,0.00882813,0.000352088,-1.61169
13,480,2.21127e-6,0.000133943,0.000133943,2.39106e-6,-0.400273
13,481,24.8682,31.8713,31.8713,20.0844,1.26795
13,482,76.5441,103.611,103.611,61.1223,1.34315
13,485,170.186,357.562,357.562,174.918,-0.143998
13,487,177.612,376.526,376.526,157.063,0.696488
13,504,5.32693,34.1405,34.1405,6.10335,-0.677204
13,528,0.0395717,0.52744,0.52744,0.04542,-0.685436
13,552,0.000219352,0.00793024,0.00793024,0.000337126,-1.85971
13,576,2.78458e-6,0.000119013,0.000119013,2.4276e-6,0.782814
13,577,19.6357,29.8613,29.8613,19.4303,0.05629
13,578,60.3407,97.0931,97.0931,59.1417,0.10792
13,581,174.472,334.525,334.525,170.679,0.118296
13,583,155.838,353.082,353.082,153.434,0.0834213
13,600,6.66078,32.254,32.254,5.91769,0.668461
13,624,0.0375018,0.497475,0.497475,0.0428852,-0.668249
13,648,0.000229827,0.00748725,0.00748725,0.000310641,-1.3849
14,0,0,0,0,0,0
14,1,88.7491,88.8919,88.8919,70.0525,1.42078
14,2,86.07,163.961,163.961,111.373,-1.20944
14,5,111.61,201.184,201.184,129.381,-0.731183
14,7,101.035,163.889,163.889,106.708,-0.282988
14,24,5.95114,10.0637,10.0637,7.46035,-1.07691
14,48,0.142302,0.153351,0.153351,0.13183,0.422878
14,72,0.00188049,0.00231958,0.00231958,0.00230149,-0.973782
14,96,7.28751e-5,3.50828e-5,3.50828e-5,4.01503e-5,4.33888
14,97,8.11767,12.7035,12.7035,8.34219,-0.143272
14,98,24.6283,41.5221,41.5221,27.5009,-0.556047
14,101,88.776,139.037,139.037,94.5741,-0.326365
14,103,104.675,142.383,142.383,99.3205,0.287014
14,120,9.73706,11.8817,11.8817,9.73142,0.00308342
14,144,0.132996,0.182724,0.182724,0.172166,-1.21113
14,168,0.00259163,0.00274666,0.00274666,0.00298021,-0.694106
14,192,4.54043e-5,4.10811e-5,4.10811e-5,5.1638e-5,-0.642639
14,193,12.6694,16.2054,16.2054,11.2667,0.662788
14,194,37.6502,52.9838,52.9838,37.148,0.0719758
14,197,134.694,180.282,180.282,130.06,0.189667
14,199,141.803,186.486,186.486,137.895,0.150853
14,216,12.6887,16.0385,16.0385,13.9145,-0.468997
14,240,0.26932,0.249188,0.249188,0.251633,0.374162
14,264,0.00369999,0.0037941,0.0037941,0.00442459,-0.871799
14,288,6.16146e-5,5.7556e-5,5.7556e-5,7.75792e-5,-1.09547
14,289,36.322,50.8346,50.8346,37.3527,-0.146897
14,290,113.587,164.678,164.678,122.076,-0.370203
14,293,543.045,547.046,547.046,417.269,1.60462
14,295,502.593,562.203,562.203,442.098,0.728424
14,312,44.0568,48.0076,48.0076,44.5526,-0.0592385
14,336,0.835649,0.727559,0.727559,0.792761,0.287991
14,360,0.0125958,0.0107201,0.0107201,0.0136295,-0.403733
14,384,0.000182943,0.000158627,0.000158627,0.000234932,-1.17803
14,385,29.7214,35.7492,35.7492,29.0687,0.119529
14,386,107.755,116.166,116.166,95.2213,0.700678
14,389,291.047,395.574,395.574,332.595,-0.665003
14,391,357.312,416.13,416.13,358.276,-0.0143204
14,408,37.6585,37.447,37.447,37.7442,-0.012081
14,432,0.672342,0.58169,0.58169,0.679521,-0.0562469
14,456,0.0115043,0.00882813,0.00882813,0.0118418,-0.15168
14,480,0.000156051,0.000133943,0.000133943,0.0002055,-1.28096
14,481,34.0034,31.8713,31.8713,26.9903,1.38323
14,482,113.402,103.611,103.611,88.4396,1.50255
14,485,358.452,357.562,357.562,309.719,0.837619
14,487,327.154,376.526,376.526,334.607,-0.118571
14,504,41.4134,34.1405,34.1405,35.5829,0.872278
14,528,0.733473,0.52744,0.52744,0.643004,0.748996
14,552,0.00935216,0.00793024,0.00793024,0.0111782,-0.869633
14,576,0.000158139,0.000119013,0.000119013,0.000194128,-0.986897
14,577,28.9376,29.8613,29.8613,25.9552,0.611689
14,578,101.613,97.0931,97.0931,85.057,1.03619
14,581,330.412,334.525,334.525,298.185,0.575326
14,583,340.155,353.082,353.082,322.52,0.291075
14,600,33.5023,32.254,32.254,34.4157,-0.141279
14,624,0.59996,0.497475,0.497475,0.626156,-0.222717
14,648,0.0115561,0.00748725,0.00748725,0.0110413,0.248235
15,0,0,0,0,0,0
15,1,97.8908,88.8919,88.8919,94.4921,0.191474
15,2,315.882,163.961,163.961,313.442,0.0414506
15,5,1005.93,201.184,201.184,891.5,0.683322
15,7,786.3,163.889,163.889,879.818,-0.565838
15,24,112.108,10.0637,10.0637,108.466,0.178741
15,48,3.90754,0.153351,0.153351,3.54336,0.547128
15,72,0.108433,0.00231958,0.00231958,0.114454,-0.280048
15,96,0.00301659,3.50828e-5,3.50828e-5,0.00370949,-0.994362
15,97,61.0078,12.7035,12.7035,56.5423,0.420422
15,98,197.771,41.5221,41.5221,195.87,0.0516597
15,101,855.799,139.037,139.037,772.707,0.57244
15,103,1045.42,142.383,142.383,909.066,0.798478
15,120,188.634,11.8817,11.8817,190.629,-0.0557217
15,144,9.54703,0.182724,0.182724,7.55071,1.40745
15,168,0.204505,0.00274666,0.00274666,0.259942,-1.1353
15,192,0.00733138,4.10811e-5,4.10811e-5,0.00859824,-0.784343
15,193,50.6671,16.2054,16.2054,55.3854,-0.453496
15,194,172.796,52.9838,52.9838,191.95,-0.531188
15,197,921.585,180.282,180.282,773.987,1.01516
15,199,772.442,186.486,186.486,932.491,-0.913684
15,216,211.698,16.0385,16.0385,224.847,-0.311301
15,240,9.81238,0.249188,0.249188,9.47811,0.187742
15,264,0.360572,0.0037941,0.0037941,0.332824,0.443823
15,288,0.0106603,5.7556e-5,5.7556e-5,0.0111218,-0.220888
15,289,147.321,50.8346,50.8346,154.025,-0.231686
15,290,474.081,164.678,164.678,528.046,-0.544038
15,293,2212.39,547.046,547.046,2059.32,0.395687
15,295,2813.2,562.203,562.203,2450.96,0.786764
15,312,595.112,48.0076,48.0076,561.031,0.323386
15,336,24.6577,0.727559,0.727559,23.1989,0.334742
15,360,0.847333,0.0107201,0.0107201,0.80994,0.245766
16,0,0,0,0,0,0
16,1,33.3808,88.8919,88.8919,39.6601,-0.842838
16,2,51.1452,163.961,163.961,53.7308,-0.256176
16,5,55.6639,201.184,201.184,61.3928,-0.496761
16,7,40.1633,163.889,163.889,51.721,-1.18958
16,24,3.53354,10.0637,10.0637,3.80054,-0.373975
16,48,0.0493173,0.153351,0.153351,0.0658107,-1.33414
16,72,0.000817461,0.00231958,0.00231958,0.00111736,-1.42881
16,96,3.87581e-5,3.50828e-5,3.50828e-5,1.91338e-5,5.45989
16,97,7.18619,12.7035,12.7035,5.56693,1.54842
16,98,19.671,41.5221,41.5221,18.3719,0.376431
16,101,64.9445,139.037,139.037,63.9455,0.0831646
16,103,59.735,142.383,142.383,67.6559,-0.623247
16,120,6.94609,11.8817,11.8817,6.7908,0.121731
16,144,0.115806,0.182724,0.182724,0.119916,-0.182455
16,168,0.00154437,0.00274666,0.00274666,0.00203689,-1.28719
16,192,2.41644e-5,4.10811e-5,4.10811e-5,3.47324e-5,-1.61974
16,193,9.23238,16.2054,16.2054,8.537,0.433616
16,194,29.6805,52.9838,52.9838,28.1818,0.283094
16,197,83.6912,180.282,180.282,99.1474,-0.82987
16,199,125.078,186.486,186.486,106.188,0.946965
16,216,10.9759,16.0385,16.0385,11.0043,-0.0137036
16,240,0.195562,0.249188,0.249188,0.195983,-0.0114229
16,264,0.00251849,0.0037941,0.0037941,0.00337651,-1.35275
16,288,5.44709e-5,5.7556e-5,5.7556e-5,5.80672e-5,-0.329695
16,289,35.9004,50.8346,50.8346,31.8149,0.683588
16,290,88.7451,164.678,164.678,104.186,-0.788942
16,293,330.718,547.046,547.046,362.744,-0.46999
16,295,426.382,562.203,562.203,389.675,0.501451
16,312,44.7904,48.0076,48.0076,40.9181,0.503779
16,336,0.657001,0.727559,0.727559,0.733113,-0.552676
16,360,0.0111981,0.0107201,0.0107201,0.0126477,-0.61011
16,384,0.000167429,0.000158627,0.000158627,0.000217388,-1.22339
16,385,35.2156,35.7492,35.7492,29.1067,1.11727
16,386,88.2568,116.166,116.166,95.42,-0.399631
16,389,356.307,395.574,395.574,335.152,0.336014
16,391,314.454,416.13,416.13,362.387,-0.704127
16,408,32.3606,37.447,37.447,38.7707,-0.880136
16,432,0.729071,0.58169,0.58169,0.690188,0.299901
16,456,0.0113463,0.00882813,0.00882813,0.0117957,-0.202816
16,480,0.000158356,0.000133943,0.000133943,0.000202112,-1.15248
16,481,32.7001,31.8713,31.8713,28.5145,0.781424
16,482,123.484,103.611,103.611,93.4884,1.70799
16,485,290.031,357.562,357.562,328.686,-0.626051
16,487,389.076,376.526,376.526,355.746,0.498744
16,504,42.9905,34.1405,34.1405,38.1685,0.672533
16,528,0.622174,0.52744,0.52744,0.679446,-0.448724
16,552,0.00982775,0.00793024,0.00793024,0.0116083,-0.816532
16,576,0.000182927,0.000119013,0.000119013,0.000198809,-0.425273
16,577,28.4937,29.8613,29.8613,28.2457,0.046736
16,578,100.731,97.0931,97.0931,92.6103,0.466765
16,581,358.665,334.525,334.525,325.679,0.539187
16,583,397.999,353.082,353.082,352.879,0.680666
16,600,37.2383,32.254,32.254,37.9489,-0.0996703
16,624,0.625033,0.497475,0.497475,0.682777,-0.450214
16,648,0.0119831,0.00748725,0.00748725,0.0118231,0.0720665
17,0,0,0,0,0,0
17,1,171.46,88.8919,88.8919,127.523,1.83412
17,2,296.593,163.961,163.961,257.451,0.809351
17,5,312.598,201.184,201.184,337.338,-0.390412
17,7,321.297,163.889,163.889,281.684,0.748618
17,24,22.5198,10.0637,10.0637,19.6543,0.776151
17,48,0.381347,0.153351,0.153351,0.331024,0.80926
17,72,0.00585395,0.00231958,0.00231958,0.00547031,0.373337
17,96,9.28897e-5,3.50828e-5,3.50828e-5,9.02904e-5,0.15325
17,97,22.2107,12.7035,12.7035,19.345,0.788584
17,98,60.9106,41.5221,41.5221,64.2146,-0.273899
17,101,225.091,139.037,139.037,224.64,0.0106981
17,103,259.902,142.383,142.383,238.744,0.471785
17,120,27.3771,11.8817,11.8817,24.3763,0.655312
17,144,0.493481,0.182724,0.182724,0.42013,0.929421
17,168,0.00752481,0.00274666,0.00274666,0.00686184,0.514328
17,192,0.00011292,4.10811e-5,4.10811e-5,0.000111914,0.0478738
17,193,27.7308,16.2054,16.2054,24.0976,0.802602
17,194,87.2379,52.9838,52.9838,80.0023,0.481461
17,197,266.096,180.282,180.282,283.442,-0.32578
17,199,316.435,186.486,186.486,304.873,0.201887
17,216,30.0125,16.0385,16.0385,32.4172,-0.394884
17,240,0.642832,0.249188,0.249188,0.559423,0.793705
17,264,0.00971655,0.0037941,0.0037941,0.009102,0.35943
17,288,0.000159906,5.7556e-5,5.7556e-5,0.000148204,0.420311
17,289,69.2738,50.8346,50.8346,74.4751,-0.371781
17,290,257.607,164.678,164.678,244.902,0.276172
17,293,686.902,547.046,547.046,843.687,-0.989262
17,295,832.12,562.203,562.203,901.603,-0.410254
17,312,77.6577,48.0076,48.0076,94.607,-0.953713
17,336,1.38094,0.727559,0.727559,1.64898,-0.865324
17,360,0.0261669,0.0107201,0.0107201,0.0272836,-0.217879
17,384,0.000509447,0.000158627,0.000158627,0.000450703,0.69385
17,385,47.1952,35.7492,35.7492,51.0835,-0.405198
17,386,149.396,116.166,116.166,168.454,-0.602259
17,389,524.784,395.574,395.574,598.676,-0.657043
17,391,611.384,416.13,416.13,653.913,-0.346227
17,408,64.9655,37.447,37.447,73.3706,-0.609834
17,432,1.35095,0.58169,0.58169,1.27843,0.301946
17,456,0.0244791,0.00882813,0.00882813,0.0210183,0.876519
17,480,0.000279662,0.000133943,0.000133943,0.000343831,-0.993507
17,481,41.0209,31.8713,31.8713,45.0263,-0.473554
17,482,162.884,103.611,103.611,148.541,0.514053
17,485,566.87,357.562,357.562,531.713,0.351981
17,487,528.099,376.526,376.526,582.558,-0.497639
17,504,75.5989,34.1405,34.1405,66.0798,0.766864
17,528,0.881834,0.52744,0.52744,1.15351,-1.25376
17,552,0.0194057,0.00793024,0.00793024,0.0189785,0.119824
17,576,0.000287561,0.000119013,0.000119013,0.000310849,-0.398815
17,577,44.77,29.8613,29.8613,41.8808,0.367245
17,578,131.624,97.0931,97.0931,138.186,-0.252801
17,581,449.352,334.525,334.525,493.706,-0.478249
17,583,445.626,353.082,353.082,542.3,-0.948984
17,600,69.8246,32.254,32.254,62.2563,0.647142
17,624,1.12903,0.497475,0.497475,1.08813,0.200077
17,648,0.0162985,0.00748725,0.00748725,0.0178765,-0.46989
18,0,0,0,0,0,0
18,1,74.7506,88.8919,88.8919,59.9549,1.3137
18,2,107.995,163.961,163.961,92.7681,0.873789
18,5,101.876,201.184,201.184,100.153,0.0915418
18,7,71.418,163.889,163.889,78.8326,-0.500697
18,24,5.44802,10.0637,10.0637,5.72029,-0.253383
18,48,0.163531,0.153351,0.153351,0.133018,1.22115
18,72,0.00289784,0.00231958,0.00231958,0.00309151,-0.333495
18,96,7.4015e-5,3.50828e-5,3.50828e-5,7.35197e-5,0.0358678
18,97,7.4337,12.7035,12.7035,7.87506,-0.29835
18,98,24.5457,41.5221,41.5221,24.0023,0.120506
18,101,73.5127,139.037,139.037,68.5824,0.382691
18,103,42.0902,142.383,142.383,62.2117,-1.72178
18,120,5.31476,11.8817,11.8817,4.88348,0.470135
18,144,0.126235,0.182724,0.182724,0.115905,0.474452
18,168,0.0029366,0.00274666,0.00274666,0.00275057,0.360052
18,192,7.23141e-5,4.10811e-5,4.10811e-5,6.52656e-5,0.574915
18,193,9.62723,16.2054,16.2054,10.9939,-0.661767
18,194,37.2975,52.9838,52.9838,33.5175,0.60036
18,197,99.2512,180.282,180.282,96.1904,0.169387
18,199,88.9659,186.486,186.486,87.8755,0.0660551
18,216,7.71367,16.0385,16.0385,6.90832,0.620591
18,240,0.158573,0.249188,0.249188,0.16452,-0.192433
18,264,0.00418076,0.0037941,0.0037941,0.00390361,0.377958
18,288,9.64466e-5,5.7556e-5,5.7556e-5,9.20191e-5,0.256135
18,289,33.5411,50.8346,50.8346,36.0435,-0.369588
18,290,108.166,164.678,164.678,109.076,-0.0444315
18,293,340.547,547.046,547.046,308.014,0.562254
18,295,276.496,562.203,562.203,280.628,-0.0783971
18,312,25.8184,48.0076,48.0076,22.0705,0.903972
18,336,0.481029,0.727559,0.727559,0.525294,-0.448591
18,360,0.0131301,0.0107201,0.0107201,0.0124909,0.27239
18,384,0.000293795,0.000158627,0.000158627,0.000296718,-0.0524556
18,385,34.8588,35.7492,35.7492,26.7747,1.60731
18,386,84.165,116.166,116.166,81.3286,0.185654
18,389,224.793,395.574,395.574,237.5,-0.284816
18,391,183.882,416.13,416.13,218.727,-0.84807
18,408,18.7583,37.447,37.447,17.4259,0.407039
18,432,0.421061,0.58169,0.58169,0.41609,0.0635952
18,456,0.00972202,0.00882813,0.00882813,0.00992372,-0.108197
18,480,0.000220953,0.000133943,0.000133943,0.000236071,-0.340904
18,481,23.7293,31.8713,31.8713,24.3953,-0.14532
18,482,67.861,103.611,103.611,74.1395,-0.45081
18,485,233.93,357.562,357.562,216.683,0.423717
18,487,180.974,376.526,376.526,200.098,-0.50876
18,504,19.1717,34.1405,34.1405,15.9593,1.07154
18,528,0.331972,0.52744,0.52744,0.37715,-0.637676
18,552,0.00704526,0.00793024,0.00793024,0.00891729,-1.11755
18,576,0.000189727,0.000119013,0.000119013,0.000210814,-0.532478
18,577,24.4392,29.8613,29.8613,23.1819,0.288725
18,578,73.9087,97.0931,97.0931,70.4657,0.260102
18,581,231.482,334.525,334.525,204.713,0.696116
18,583,226.454,353.082,353.082,189.599,1.03479
18,600,15.0095,32.254,32.254,15.1459,-0.047937
18,624,0.328621,0.497475,0.497475,0.360455,-0.470149
18,648,0.0098259,0.00748725,0.00748725,0.00857387,0.777364
19,0,0,0,0,0,0
19,1,256.358,270.467,270.467,200.059,1.49805
19,2,259.812,403.514,403.514,281.879,-0.416743
19,5,328.397,453.431,453.431,281.74,0.881561
19,7,221.557,369.697,369.697,213.313,0.205736
19,24,15.1591,23.1395,23.1395,12.0418,1.37809
19,48,0.223535,0.346799,0.346799,0.201206,0.590769
19,72,0.00315915,0.00514787,0.00514787,0.00338315,-0.352463
19,96,6.2636e-5,7.63248e-5,7.63248e-5,5.69957e-5,0.5268
19,97,10.8113,13.6859,13.6859,11.5447,-0.338166
19,98,37.8048,44.7902,44.7902,34.14,0.571456
19,101,108.719,153.189,153.189,91.4944,1.0022
19,103,83.331,159.976,159.976,79.0158,0.290716
19,120,4.7604,14.0255,14.0255,4.74202,0.0206425
19,144,0.0791315,0.214458,0.214458,0.0809505,-0.119618
19,168,0.00131269,0.00320832,0.00320832,0.00137929,-0.257023
19,192,2.64516e-5,4.79678e-5,4.79678e-5,2.34247e-5,0.687898
19,193,21.9237,27.1469,27.1469,23.4515,-0.346794
19,194,69.3002,88.5143,88.5143,69.1502,0.0115498
19,197,176.335,299.938,299.938,183.356,-0.203859
19,199,177.982,312.898,312.898,158.106,0.669212
19,216,9.23802,27.3904,27.3904,9.44281,-0.115453
19,240,0.185705,0.417597,0.417597,0.159477,0.87548
19,264,0.00230002,0.0062018,0.0062018,0.00264711,-0.698021
19,288,4.52896e-5,9.24187e-5,9.24187e-5,4.38001e-5,0.181029
19,289,55.3604,62.0319,62.0319,53.7577,0.158712
19,290,130.447,200.105,200.105,157.324,-0.909456
19,293,394.076,667.807,667.807,417.707,-0.301163
19,295,377.65,698.76,698.76,359.382,0.270593
19,312,18.9705,61.8385,61.8385,21.5375,-0.634481
19,336,0.405656,0.946046,0.946046,0.363526,0.616936
19,360,0.00567148,0.0141478,0.0141478,0.00614084,-0.406884
19,384,0.000108496,0.000211229,0.000211229,0.000103655,0.248604
19,385,46.3802,50.3624,50.3624,42.5718,0.476217
19,386,124.573,162.696,162.696,124.884,-0.0132462
19,389,391.935,553.918,553.918,336.68,0.873657
19,391,274.099,584.561,584.561,292.469,-0.334369
19,408,15.7877,53.2791,53.2791,17.5479,-0.533976
19,432,0.276332,0.821867,0.821867,0.297977,-0.386694
19,456,0.00487194,0.0123778,0.0123778,0.00503822,-0.175696
19,480,8.34826e-5,0.000186506,0.000186506,8.4956e-5,-0.092327
19,481,40.1168,46.3425,46.3425,38.6079,0.208057
19,482,113.548,149.756,149.756,113.324,0.0104876
19,485,255.239,509.989,509.989,303.886,-0.852184
19,487,232.548,540.127,540.127,264.839,-0.649067
19,504,16.1784,49.6149,49.6149,15.8817,0.0994783
19,528,0.258732,0.769366,0.769366,0.26685,-0.161955
19,552,0.00519708,0.0115632,0.0115632,0.00448409,0.846448
19,576,8.06012e-5,0.000173678,0.000173678,7.53139e-5,0.373716
19,577,38.3322,44.1686,44.1686,36.4211,0.279341
19,578,109.219,142.749,142.749,106.93,0.11392
19,581,288.469,486.047,486.047,287.868,0.0111102
19,583,294.701,514.489,514.489,251.056,0.925439
19,600,15.9284,47.4165,47.4165,15.0782,0.300184
19,624,0.281291,0.72259,0.72259,0.253398,0.58597
19,648,0.00424962,0.0106619,0.0106619,0.00425859,-0.0112116
20,0,0,0,0,0,0
20,1,277.214,270.467,270.467,263.044,0.286773
20,2,450.881,403.514,403.514,402.978,0.632815
20,5,425.233,453.431,453.431,439.156,-0.168777
20,7,353.657,369.697,369.697,346.071,0.116691
20,24,11.2841,23.1395,23.1395,13.7416,-0.952009
20,48,0.0710692,0.346799,0.346799,0.0899223,-1.1161
20,72,0.000336163,0.00514787,0.00514787,0.000552155,-2.08241
20,96,6.60697e-6,7.63248e-5,7.63248e-5,3.42015e-6,4.96023
20,97,17.419,13.6859,13.6859,14.6048,1.02578
20,98,52.2815,44.7902,44.7902,47.8162,0.497116
20,101,150.224,153.189,153.189,162.555,-0.403801
20,103,189.227,159.976,159.976,167.437,0.692793
20,120,10.7262,14.0255,14.0255,10.7809,-0.0269882
20,144,0.0626337,0.214458,0.214458,0.0752983,-0.895351
20,168,0.00028002,0.00320832,0.00320832,0.000467188,-2.13269
20,192,4.82117e-6,4.79678e-5,4.79678e-5,2.79344e-6,3.8642
20,193,36.6435,27.1469,27.1469,27.8328,1.68515
20,194,112.118,88.5143,88.5143,90.7669,1.25225
20,197,283.343,299.938,299.938,306.761,-0.406397
20,199,359.458,312.898,312.898,315.783,0.736256
20,216,19.7324,27.3904,27.3904,20.3306,-0.156645
20,240,0.115681,0.417597,0.417597,0.143197,-1.02294
20,264,0.000623349,0.0062018,0.0062018,0.00089703,-1.62415
20,288,2.83121e-6,9.24187e-5,9.24187e-5,5.4511e-6,-2.55852
20,289,66.1707,62.0319,62.0319,61.337,0.419519
20,290,202.065,200.105,200.105,197.763,0.115803
20,293,723.442,667.807,667.807,652.427,0.579439
20,295,704.709,698.76,698.76,675.228,0.232422
20,312,38.1902,61.8385,61.8385,43.9809,-0.700904
20,336,0.263784,0.946046,0.946046,0.30941,-0.784997
20,360,0.00114394,0.0141478,0.0141478,0.00194513,-2.19269
20,384,5.07839e-6,0.000211229,0.000211229,1.1896e-5,-3.05084
20,385,54.4543,50.3624,50.3624,48.1038,0.702775
20,386,202.612,162.696,162.696,155.372,1.61854
20,389,510.497,553.918,553.918,527.119,-0.167865
20,391,653.301,584.561,584.561,550.75,0.991227
20,408,38.5187,53.2791,53.2791,37.8219,0.0980738
20,432,0.238062,0.821867,0.821867,0.271049,-0.647853
20,456,0.00124222,0.0123778,0.0123778,0.00169239,-1.41601
20,480,8.18264e-6,0.000186506,0.000186506,1.00113e-5,-0.972373
20,481,53.992,46.3425,46.3425,43.5613,1.27468
20,482,147.525,149.756,149.756,140.755,0.256043
20,485,425.557,509.989,509.989,477.928,-0.583339
20,487,631.384,540.127,540.127,502.373,1.36706
20,504,29.9127,49.6149,49.6149,34.937,-0.765564
20,528,0.249337,0.769366,0.769366,0.247468,0.0402022
20,552,0.00106902,0.0115632,0.0115632,0.00153666,-1.62001
21,0,0,0,0,0,0
21,1,523.995,270.467,270.467,536.157,-0.120755
21,2,1277.6,403.514,403.514,1135.2,0.667757
21,5,1546.85,453.431,453.431,1578.52,-0.106807
21,7,1485.91,369.697,369.697,1356.64,0.507257
21,24,112.21,23.1395,23.1395,115.544,-0.153602
21,48,2.0095,0.346799,0.346799,2.21935,-0.503353
21,72,0.0405158,0.00514787,0.00514787,0.0379778,0.355756
22,0,0,0,0,0,0
22,1,122.268,88.8919,88.8919,122.242,0.00117177
22,2,412.752,163.961,163.961,322.866,1.48203
22,5,551.364,201.184,201.184,541.896,0.0930104
22,7,395.297,163.889,163.889,447.558,-0.621614
22,24,40.1563,10.0637,10.0637,34.1452,0.937171
22,48,1.02273,0.153351,0.153351,0.816342,1.34588
22,72,0.0199686,0.00231958,0.00231958,0.0194899,0.130737
22,96,0.000521214,3.50828e-5,3.50828e-5,0.000465345,0.639125
22,97,45.816,12.7035,12.7035,43.1109,0.334031
22,98,124.747,41.5221,41.5221,134.831,-0.398128
22,101,358.373,139.037,139.037,401.878,-0.576273
22,103,309.069,142.383,142.383,379.75,-0.99082
22,120,33.7077,11.8817,11.8817,31.9156,0.298915
22,144,0.825571,0.182724,0.182724,0.773392,0.35916
22,168,0.0181639,0.00274666,0.00274666,0.0187321,-0.161485
22,192,0.000477749,4.10811e-5,4.10811e-5,0.000452645,0.295237
22,193,54.8534,16.2054,16.2054,50.5524,0.452913
22,194,187.904,52.9838,52.9838,158.254,0.997373
22,197,540.128,180.282,180.282,480.708,0.658019
22,199,477.277,186.486,186.486,458.105,0.222787
22,216,43.5252,16.0385,16.0385,38.8448,0.641418
22,240,0.935369,0.249188,0.249188,0.933919,0.0082614
22,264,0.0196873,0.0037941,0.0037941,0.0225079,-0.667095
22,288,0.000505565,5.7556e-5,5.7556e-5,0.000540599,-0.344982
22,289,131.557,50.8346,50.8346,147.221,-0.566398
22,290,491.282,164.678,164.678,456.776,0.402145
22,293,1126.74,547.046,547.046,1343.85,-0.860047
22,295,1077,562.203,562.203,1266.2,-0.795418
22,312,93.4497,48.0076,48.0076,106.691,-0.660684
22,336,2.18462,0.727559,0.727559,2.58619,-0.826574
22,360,0.064132,0.0107201,0.0107201,0.0626315,0.127542
23,0,0,0,0,0,0
23,1,106.025,88.8919,88.8919,76.7254,2.03289
23,2,194.027,163.961,163.961,165.633,0.912551
23,5,229.377,201.184,201.184,222.645,0.16094
23,7,190.207,163.889,163.889,183.13,0.205732
23,24,9.59183,10.0637,10.0637,9.63056,-0.0214033
23,48,0.0735846,0.153351,0.153351,0.0895007,-0.946674
23,72,0.00050241,0.00231958,0.00231958,0.000725704,-1.63797
23,96,8.8536e-6,3.50828e-5,3.50828e-5,5.61199e-6,3.07492
23,97,14.6194,12.7035,12.7035,13.8602,0.291577
23,98,48.6819,41.5221,41.5221,46.2844,0.275755
23,101,167.589,139.037,139.037,163.215,0.142652
23,103,193.914,142.383,142.383,173.895,0.612813
23,120,14.428,11.8817,11.8817,15.6667,-0.42089
23,144,0.13556,0.182724,0.182724,0.16776,-1.02178
23,168,0.000932884,0.00274666,0.00274666,0.00143347,-1.859
23,192,1.12352e-5,4.10811e-5,4.10811e-5,1.12965e-5,-0.028882
23,193,14.9833,16.2054,16.2054,16.1203,-0.37546
23,194,60.7962,52.9838,52.9838,53.8658,0.684904
23,197,182.506,180.282,180.282,193.778,-0.309664
23,199,230.718,186.486,186.486,210.229,0.518824
23,216,19.4178,16.0385,16.0385,20.4042,-0.25734
23,240,0.152929,0.249188,0.249188,0.223823,-1.68613
23,264,0.0016348,0.0037941,0.0037941,0.00192128,-0.793757
23,288,2.26873e-5,5.7556e-5,5.7556e-5,1.51402e-5,2.65362
23,289,59.2365,50.8346,50.8346,48.5405,1.17302
23,290,164.517,164.678,164.678,160.541,0.131823
23,293,562.693,547.046,547.046,559.86,0.0269339
23,295,572.302,562.203,562.203,602.234,-0.264584
23,312,52.2294,48.0076,48.0076,57.4511,-0.483845
23,336,0.651129,0.727559,0.727559,0.627871,0.197193
23,360,0.00276766,0.0107201,0.0107201,0.00539333,-2.59162
23,384,2.92791e-5,0.000158627,0.000158627,4.29732e-5,-1.69638
23,385,35.8852,35.7492,35.7492,32.2487,0.600287
23,386,130.415,116.166,116.166,106.979,1.16625
23,389,385.825,395.574,395.574,385.645,0.00249508
23,391,475.957,416.13,416.13,425.894,0.625756
23,408,46.6853,37.447,37.447,45.3344,0.158632
23,432,0.542926,0.58169,0.58169,0.510875,0.333977
23,456,0.00328639,0.00882813,0.00882813,0.0044286,-1.373
23,480,2.2962e-5,0.000133943,0.000133943,3.54574e-5,-1.876
23,481,30.9128,31.8713,31.8713,28.0253,0.54848
23,482,117.25,103.611,103.611,93.0094,1.38743
23,485,374.973,357.562,357.562,336.914,0.601355
23,487,353.181,376.526,376.526,373.91,-0.295115
23,504,36.3788,34.1405,34.1405,40.7539,-0.571486
23,528,0.477713,0.52744,0.52744,0.463457,0.163749
23,552,0.00353534,0.00793024,0.00793024,0.00401338,-0.634082
23,576,4.10799e-5,0.000119013,0.000119013,3.18531e-5,1.54201
23,577,28.7213,29.8613,29.8613,25.8295,0.595991
23,578,94.1132,97.0931,97.0931,85.7369,0.520078
23,581,282.402,334.525,334.525,310.351,-0.479404
23,583,339.122,353.082,353.082,345.432,-0.0972373
23,600,39.8928,32.254,32.254,38.1431,0.244203
23,624,0.357861,0.497475,0.497475,0.435071,-0.944719
23,648,0.0029483,0.00748725,0.00748725,0.00377967,-1.17092
24,0,0,0,0,0,0
24,1,68.511,88.8919,88.8919,62.2715,0.533391
24,2,89.3056,163.961,163.961,92.217,-0.168068
24,5,98.3473,201.184,201.184,101.229,-0.151535
24,7,64.0812,163.889,163.889,80.9132,-1.1074
24,24,4.08275,10.0637,10.0637,3.9529,0.174873
24,48,0.0384866,0.153351,0.153351,0.0392938,-0.109347
24,72,0.00037278,0.00231958,0.00231958,0.000383716,-0.15171
24,96,4.42667e-6,3.50828e-5,3.50828e-5,3.3114e-6,1.79292
24,97,8.4561,12.7035,12.7035,7.9207,0.35984
24,98,26.0738,41.5221,41.5221,25.8304,0.0501638
24,101,98.7944,139.037,139.037,85.55,0.824143
24,103,81.3426,142.383,142.383,86.7597,-0.332384
24,120,6.71591,11.8817,11.8817,5.97474,0.660364
24,144,0.0756946,0.182724,0.182724,0.0601406,1.37678
24,168,0.000526531,0.00274666,0.00274666,0.00058364,-0.520897
24,192,4.42896e-6,4.10811e-5,4.10811e-5,5.74267e-6,-1.2178
24,193,12.5194,16.2054,16.2054,10.7139,0.897092
24,194,38.5199,52.9838,52.9838,34.9628,0.541604
24,197,98.9429,180.282,180.282,118.149,-0.86537
24,199,99.5857,186.486,186.486,121.388,-0.956139
24,216,8.79452,16.0385,16.0385,8.66762,0.0779371
24,240,0.0927922,0.249188,0.249188,0.0884167,0.263438
24,264,0.000932243,0.0037941,0.0037941,0.000863945,0.420836
24,288,9.5328e-6,5.7556e-5,5.7556e-5,8.31518e-6,0.77952
24,289,42.333,50.8346,50.8346,36.1057,0.918147
24,290,130.243,164.678,164.678,116.797,0.612878
24,293,390.103,547.046,547.046,385.754,0.0600104
24,295,387.87,562.203,562.203,396.761,-0.119295
24,312,29.1207,48.0076,48.0076,28.5255,0.111069
24,336,0.249462,0.727559,0.727559,0.288085,-0.71369
24,360,0.00236599,0.0107201,0.0107201,0.00277209,-0.779848
24,384,2.99913e-5,0.000158627,0.000158627,2.67338e-5,0.64864
24,385,35.511,35.7492,35.7492,28.9956,1.19619
24,386,96.5658,116.166,116.166,94.0293,0.143606
24,389,321.017,395.574,395.574,321.46,-0.00735006
24,391,321.76,416.13,416.13,334.828,-0.207768
24,408,28.7829,37.447,37.447,25.0549,0.792102
24,432,0.241155,0.58169,0.58169,0.256855,-0.32539
24,456,0.00303208,0.00882813,0.00882813,0.00251411,1.09676
24,480,2.58121e-5,0.000133943,0.000133943,2.45325e-5,0.277672
24,481,32.3456,31.8713,31.8713,27.2397,0.997832
24,482,103.301,103.611,103.611,88.3628,0.89997
24,485,293.682,357.562,357.562,301.848,-0.144016
24,487,357.879,376.526,376.526,315.534,0.714413
24,504,24.8726,34.1405,34.1405,23.7231,0.257961
24,528,0.231661,0.52744,0.52744,0.241351,-0.213741
24,552,0.00233524,0.00793024,0.00793024,0.00233437,0.00197294
24,576,2.2743e-5,0.000119013,0.000119013,2.25836e-5,0.0375811
24,577,24.5519,29.8613,29.8613,26.3841,-0.369662
24,578,101.468,97.0931,97.0931,85.5963,0.987117
24,581,297.274,334.525,334.525,292.204,0.0923743
24,583,318.307,353.082,353.082,305.869,0.216484
24,600,18.3545,32.254,32.254,23.0406,-1.08269
24,624,0.24139,0.497475,0.497475,0.235275,0.138375
24,648,0.00204006,0.00748725,0.00748725,0.00231191,-0.625957
25,0,0,0,0,0,0
25,1,192.496,88.8919,88.8919,124.358,2.91679
25,2,332.929,163.961,163.961,256.212,1.59398
25,5,318.493,201.184,201.184,330.571,-0.194495
25,7,310.906,163.889,163.889,267.462,0.864667
25,24,24.6284,10.0637,10.0637,19.9439,1.25038
25,48,0.466108,0.153351,0.153351,0.469055,-0.0334524
25,72,0.0144662,0.00231958,0.00231958,0.0110354,1.655
25,96,0.000267142,3.50828e-5,3.50828e-5,0.000259297,0.161044
25,97,23.4803,12.7035,12.7035,22.4479,0.244825
25,98,70.2514,41.5221,41.5221,70.4813,-0.0173656
25,101,194.797,139.037,139.037,213.573,-0.467995
25,103,214.259,142.383,142.383,203.863,0.271447
25,120,17.8879,11.8817,11.8817,17.232,0.2026
25,144,0.418944,0.182724,0.182724,0.407213,0.153363
25,168,0.0101798,0.00274666,0.00274666,0.00962548,0.306594
25,192,0.000215305,4.10811e-5,4.10811e-5,0.000227435,-0.283915
25,193,30.852,16.2054,16.2054,28.8372,0.371922
25,194,89.255,52.9838,52.9838,90.5689,-0.077224
25,197,314.723,180.282,180.282,278.736,0.687295
25,199,253.242,186.486,186.486,267.121,-0.276604
25,216,23.4407,16.0385,16.0385,22.8114,0.146859
25,240,0.478856,0.249188,0.249188,0.539234,-0.596062
25,264,0.0124488,0.0037941,0.0037941,0.0127488,-0.125278
25,288,0.000328933,5.7556e-5,5.7556e-5,0.00030151,0.484169
25,289,81.1779,50.8346,50.8346,88.2371,-0.425887
25,290,218.177,164.678,164.678,274.756,-1.09623
25,293,658.895,547.046,547.046,826.084,-1.07739
25,295,648.836,562.203,562.203,786.389,-0.931153
25,312,71.8557,48.0076,48.0076,66.349,0.441815
25,336,1.27971,0.727559,0.727559,1.54796,-0.922516
25,360,0.0321543,0.0107201,0.0107201,0.0360075,-0.569663
25,384,0.000848412,0.000158627,0.000158627,0.000840931,0.0473532
25,385,65.0849,35.7492,35.7492,57.683,0.683107
25,386,144.533,116.166,116.166,180.332,-1.05679
25,389,603.954,395.574,395.574,555.679,0.462479
25,391,525.716,416.13,416.13,540.812,-0.148592
25,408,46.1276,37.447,37.447,46.8998,-0.0876484
25,432,1.34997,0.58169,0.58169,1.10841,1.16013
25,456,0.0204175,0.00882813,0.00882813,0.026197,-1.17444
25,480,0.000590379,0.000133943,0.000133943,0.000619294,-0.248547
25,481,49.0683,31.8713,31.8713,49.8666,-0.0852124
25,482,140.394,103.611,103.611,155.989,-0.532214
25,485,391.692,357.562,357.562,483.447,-1.01034
25,487,402.766,376.526,376.526,472.176,-0.782536
25,504,45.4438,34.1405,34.1405,41.1631,0.553594
25,528,0.864879,0.52744,0.52744,0.97282,-0.590665
25,552,0.0254365,0.00793024,0.00793024,0.0229909,0.566262
25,576,0.000632047,0.000119013,0.000119013,0.000543507,0.867213
25,577,51.7717,29.8613,29.8613,45.7218,0.704391
25,578,151.541,97.0931,97.0931,143.059,0.31563
25,581,360.908,334.525,334.525,444.851,-1.00452
25,583,397.771,353.082,353.082,434.955,-0.455099
25,600,33.3303,32.254,32.254,37.8805,-0.639447
25,624,0.897941,0.497475,0.497475,0.882857,0.0909518
25,648,0.0197633,0.00748725,0.00748725,0.0204829,-0.18702
26,0,0,0,0,0,0
26,1,67.9025,88.8919,88.8919,66.5915,0.104798
26,2,98.0079,163.961,163.961,96.5835,0.0785069
26,5,103.938,201.184,201.184,113.232,-0.436935
26,7,99.7553,163.889,163.889,97.1097,0.145024
26,24,9.01514,10.0637,10.0637,8.4612,0.348514
26,48,0.165016,0.153351,0.153351,0.167845,-0.0897201
26,72,0.00294085,0.00231958,0.00231958,0.00310953,-0.288777
26,96,5.52169e-5,3.50828e-5,3.50828e-5,5.70154e-5,-0.167916
26,97,8.59731,12.7035,12.7035,7.64861,0.660289
26,98,24.5398,41.5221,41.5221,25.8387,-0.267624
26,101,112.802,139.037,139.037,96.3067,0.911758
26,103,103.752,142.383,142.383,107.621,-0.191359
26,120,15.7206,11.8817,11.8817,15.0059,0.253537
26,144,0.34616,0.182724,0.182724,0.317242,0.485264
26,168,0.00498317,0.00274666,0.00274666,0.00588936,-0.819104
26,192,0.000157196,4.10811e-5,4.10811e-5,0.000107253,2.47886
26,193,11.1111,16.2054,16.2054,10.9896,0.0588256
26,194,41.8595,52.9838,52.9838,37.1259,0.678738
26,197,142.283,180.282,180.282,139.275,0.11498
26,199,141.097,186.486,186.486,157.963,-0.568408
26,216,21.3859,16.0385,16.0385,23.2248,-0.421502
26,240,0.436319,0.249188,0.249188,0.499867,-0.676766
26,264,0.00879918,0.0037941,0.0037941,0.00933612,-0.306164
26,288,0.000171557,5.7556e-5,5.7556e-5,0.000171228,0.0102328
26,289,37.1872,50.8346,50.8346,39.1621,-0.268447
26,290,124.014,164.678,164.678,131.126,-0.288764
26,293,476.319,547.046,547.046,485.967,-0.105684
26,295,551.159,562.203,562.203,550.88,0.00270239
26,312,77.5713,48.0076,48.0076,82.277,-0.304466
26,336,1.6917,0.727559,0.727559,1.76326,-0.216043
26,360,0.0298986,0.0107201,0.0107201,0.0327863,-0.46887
26,384,0.00052733,0.000158627,0.000158627,0.000597154,-0.622453
26,385,42.7361,35.7492,35.7492,34.0512,1.35776
26,386,130.832,116.166,116.166,114.152,0.777839
26,389,447.096,395.574,395.574,428.087,0.236379
26,391,471.168,416.13,416.13,490.846,-0.213414
26,408,86.0862,37.447,37.447,75.7699,0.724797
26,432,1.55454,0.58169,0.58169,1.63784,-0.270756
26,456,0.0345342,0.00882813,0.00882813,0.030632,0.678144
26,480,0.000580393,0.000133943,0.000133943,0.000562353,0.170775
26,481,34.6706,31.8713,31.8713,32.8677,0.292001
26,482,138,103.611,103.611,110.199,1.34294
26,485,447.225,357.562,357.562,414.23,0.424029
26,487,456.319,376.526,376.526,475.497,-0.214703
26,504,64.8281,34.1405,34.1405,73.8399,-0.649694
26,528,1.86465,0.52744,0.52744,1.59826,0.887283
26,552,0.0293731,0.00793024,0.00793024,0.0297136,-0.0610022
27,0,0,0,0,0,0
27,1,53.8111,88.8919,88.8919,47.5151,0.705385
27,2,65.0008,163.961,163.961,68.3635,-0.261849
27,5,66.134,201.184,201.184,71.347,-0.388952
27,7,50.1955,163.889,163.889,55.4447,-0.503993
27,24,2.93745,10.0637,10.0637,3.09028,-0.263269
27,48,0.0359223,0.153351,0.153351,0.0478229,-1.32472
27,72,0.0006481,0.00231958,0.00231958,0.000739918,-0.660593
27,96,1.90289e-5,3.50828e-5,3.50828e-5,1.14121e-5,3.55298
27,97,6.00741,12.7035,12.7035,6.27944,-0.230611
27,98,21.4706,41.5221,41.5221,19.4117,0.564612
27,101,68.3573,139.037,139.037,56.3306,1.13655
27,103,42.4347,142.383,142.383,51.7886,-0.961497
27,120,3.20949,11.8817,11.8817,3.25078,-0.0676113
27,144,0.0450283,0.182724,0.182724,0.0510845,-0.631106
27,168,0.000739983,0.00274666,0.00274666,0.000801869,-0.410845
27,192,1.15548e-5,4.10811e-5,4.10811e-5,1.21662e-5,-0.267507
27,193,8.9248,16.2054,16.2054,8.82399,0.0608212
27,194,25.6986,52.9838,52.9838,27.295,-0.31135
27,197,70.3706,180.282,180.282,80.5112,-0.670496
27,199,76.4657,186.486,186.486,74.5066,0.139978
27,216,4.19228,16.0385,16.0385,4.71701,-0.592186
27,240,0.0691132,0.249188,0.249188,0.0750057,-0.418213
27,264,0.000950321,0.0037941,0.0037941,0.00119015,-1.07272
27,288,2.6505e-5,5.7556e-5,5.7556e-5,1.88103e-5,2.17766
27,289,30.0355,50.8346,50.8346,29.7134,0.0577077
27,290,90.7757,164.678,164.678,91.2251,-0.0262232
27,293,246.714,547.046,547.046,263.501,-0.339149
27,295,212.109,562.203,562.203,243.847,-0.69287
27,312,16.3455,48.0076,48.0076,15.4146,0.321504
27,336,0.236255,0.727559,0.727559,0.243683,-0.162268
27,360,0.00345622,0.0107201,0.0107201,0.00384744,-0.541291
27,384,5.15899e-5,0.000158627,0.000158627,6.06969e-5,-0.798723
27,385,27.1644,35.7492,35.7492,23.4554,0.841802
27,386,85.5182,116.166,116.166,72.2519,0.977434
27,389,218.474,395.574,395.574,216.469,0.049313
27,391,241.683,416.13,416.13,202.209,1.03919
27,408,12.5814,37.447,37.447,12.9864,-0.166046
27,432,0.206436,0.58169,0.58169,0.203903,0.0661268
27,456,0.00321955,0.00882813,0.00882813,0.00320309,0.0273626
27,480,4.60762e-5,0.000133943,0.000133943,5.01389e-5,-0.431344
27,481,23.3618,31.8713,31.8713,21.8805,0.360405
27,482,75.0011,103.611,103.611,67.4296,0.597747
27,485,214.659,357.562,357.562,200.9,0.364602
27,487,209.527,376.526,376.526,188.656,0.588907
27,504,11.4426,34.1405,34.1405,12.0723,-0.277655
27,528,0.179045,0.52744,0.52744,0.189239,-0.286755
27,552,0.00275835,0.00793024,0.00793024,0.00296796,-0.375956
27,576,4.81342e-5,0.000119013,0.000119013,4.68078e-5,0.150854
27,577,25.0742,29.8613,29.8613,21.1028,1.00184
27,578,89.9586,97.0931,97.0931,65.0427,2.03923
27,581,180.664,334.525,334.525,195.314,-0.399305
27,583,230.019,353.082,353.082,183.544,1.34795
27,600,11.1748,32.254,32.254,11.8134,-0.287788
27,624,0.162451,0.497475,0.497475,0.185474,-0.660796
27,648,0.00285303,0.00748725,0.00748725,0.00291348,-0.110454
28,0,0,0,0,0,0
28,1,18.426,88.8919,88.8919,22.9291,-1.04547
28,2,32.7725,163.961,163.961,31.3767,0.236819
28,5,37.843,201.184,201.184,43.1889,-0.658933
28,7,40.4432,163.889,163.889,42.187,-0.22004
28,24,8.82098,10.0637,10.0637,9.347,-0.299582
28,48,0.567849,0.153351,0.153351,0.556216,0.111334
28,72,0.0291858,0.00231958,0.00231958,0.0276058,0.304676
28,96,0.00151388,3.50828e-5,3.50828e-5,0.00125717,1.08702
28,97,5.13782,12.7035,12.7035,4.27318,1.07714
28,98,16.3154,41.5221,41.5221,15.0366,0.452726
28,101,56.9607,139.037,139.037,63.9533,-0.582051
28,103,87.2723,142.383,142.383,81.039,0.409465
28,120,27.7653,11.8817,11.8817,30.9221,-0.543454
28,144,2.08342,0.182724,0.182724,2.124,-0.101719
28,168,0.119748,0.00274666,0.00274666,0.108908,0.529861
28,192,0.00556075,4.10811e-5,4.10811e-5,0.0050857,0.497245
28,193,9.93356,16.2054,16.2054,7.4627,1.76255
28,194,28.0035,52.9838,52.9838,26.2295,0.360036
28,197,118.489,180.282,180.282,111.876,0.314665
28,199,166.323,186.486,186.486,142.851,0.874676
28,216,46.3686,16.0385,16.0385,56.7966,-0.977383
28,240,4.03384,0.249188,0.249188,3.97334,0.0810594
28,264,0.230186,0.0037941,0.0037941,0.206551,0.609149
28,288,0.0112523,5.7556e-5,5.7556e-5,0.00968208,0.863349
28,289,34.2345,50.8346,50.8346,30.1552,0.720129
28,290,92.2773,164.678,164.678,104.983,-0.644265
28,293,441.949,547.046,547.046,441.401,0.00660846
28,295,560.122,562.203,562.203,562.989,-0.0271086
28,312,247.419,48.0076,48.0076,229.614,0.4128
28,336,15.9555,0.727559,0.727559,16.2554,-0.0981905
28,360,0.929133,0.0107201,0.0107201,0.84284,0.545031
28,384,0.0348638,0.000158627,0.000158627,0.0396495,-0.642528
28,385,35.3347,35.7492,35.7492,29.7202,1.00564
28,386,110.824,116.166,116.166,103.412,0.381552
28,389,398.221,395.574,395.574,433.009,-0.427686
28,391,512.231,416.13,416.13,554.187,-0.403024
28,408,187.891,37.447,37.447,228.086,-0.938122
28,432,13.9659,0.58169,0.58169,16.1851,-0.729903
28,456,0.800887,0.00882813,0.00882813,0.844108,-0.272575
28,480,0.0419173,0.000133943,0.000133943,0.0396238,0.308134
28,481,37.5614,31.8713,31.8713,29.6359,1.42364
28,482,113.287,103.611,103.611,103.119,0.524926
28,485,428.906,357.562,357.562,431.826,-0.036
28,487,471.46,376.526,376.526,552.727,-0.782697
28,504,243.741,34.1405,34.1405,227.633,0.376698
28,528,14.1878,0.52744,0.52744,16.1546,-0.648131
28,552,0.858584,0.00793024,0.00793024,0.842712,0.100264
28,576,0.0485412,0.000119013,0.000119013,0.0395301,1.21348
28,577,27.6951,29.8613,29.8613,29.6001,-0.342609
28,578,101.945,97.0931,97.0931,102.995,-0.0542433
28,581,383.55,334.525,334.525,431.314,-0.589517
28,583,514.961,353.082,353.082,552.088,-0.35799
28,600,203.374,32.254,32.254,227.439,-0.563274
28,624,14.0727,0.497475,0.497475,16.1826,-0.694065
28,648,0.790936,0.00748725,0.00748725,0.846183,-0.347565
29,0,0,0,0,0,0
29,1,117.757,88.8919,88.8919,112.019,0.272674
29,2,347.239,163.961,163.961,318.16,0.486549
29,5,581.711,201.184,201.184,594.909,-0.118103
29,7,590.968,163.889,163.889,511.949,0.821667
29,24,37.2093,10.0637,10.0637,34.702,0.384636
29,48,0.584816,0.153351,0.153351,0.537543,0.468155
29,72,0.00804818,0.00231958,0.00231958,0.00819484,-0.0952702
29,96,0.000127661,3.50828e-5,3.50828e-5,0.000124065,0.154279
29,97,43.2552,12.7035,12.7035,40.2629,0.395636
29,98,128.763,41.5221,41.5221,132.909,-0.166064
29,101,488.916,139.037,139.037,454.716,0.400391
29,103,484.334,142.383,142.383,472.84,0.129411
29,120,40.9198,11.8817,11.8817,43.1126,-0.270752
29,144,0.77955,0.182724,0.182724,0.678862,0.789558
29,168,0.0114938,0.00274666,0.00274666,0.0103063,0.613392
29,192,0.000165011,4.10811e-5,4.10811e-5,0.000156071,0.304929
29,193,52.2738,16.2054,16.2054,44.6545,0.908318
29,194,152.497,52.9838,52.9838,147.527,0.179323
29,197,446.969,180.282,180.282,512.868,-0.684014
29,199,590.026,186.486,186.486,542.84,0.462736
29,216,59.8682,16.0385,16.0385,51.9075,0.816416
29,240,0.82746,0.249188,0.249188,0.820747,0.0435436
29,264,0.0126089,0.0037941,0.0037941,0.0124622,0.0626946
29,288,0.000175989,5.7556e-5,5.7556e-5,0.000188715,-0.358981
29,289,127.685,50.8346,50.8346,128.657,-0.0402165
29,290,423.425,164.678,164.678,420.808,0.0330992
29,293,1578.86,547.046,547.046,1415.63,0.613795
29,295,1178.15,562.203,562.203,1480.97,-1.08849
29,312,144.059,48.0076,48.0076,138.25,0.223709
29,336,1.89356,0.727559,0.727559,2.17665,-0.692357
29,360,0.0337206,0.0107201,0.0107201,0.0327258,0.161816
30,0,0,0,0,0,0
30,1,191.562,88.8919,88.8919,160.511,1.02979
30,2,412.968,163.961,163.961,389.427,0.321802
30,5,661.657,201.184,201.184,595.782,0.588604
30,7,580.889,163.889,163.889,506.677,0.779705
30,24,56.8974,10.0637,10.0637,53.5061,0.337404
30,48,2.11009,0.153351,0.153351,2.04779,0.161953
30,72,0.0782439,0.00231958,0.00231958,0.0783701,-0.0085688
30,96,0.00259146,3.50828e-5,3.50828e-5,0.00299161,-0.712034
30,97,35.3534,12.7035,12.7035,35.0274,0.0495467
30,98,99.597,41.5221,41.5221,112.227,-0.599105
30,101,336.668,139.037,139.037,363.658,-0.395092
30,103,393.724,142.383,142.383,364.52,0.426494
30,120,44.554,11.8817,11.8817,44.0794,0.0573234
30,144,1.98513,0.182724,0.182724,1.66156,1.03666
30,168,0.0697954,0.00274666,0.00274666,0.062689,0.603466
30,192,0.00260499,4.10811e-5,4.10811e-5,0.00236379,0.543218
30,193,52.48,16.2054,16.2054,44.2634,0.988177
30,194,137.504,52.9838,52.9838,141.821,-0.162068
30,197,505.117,180.282,180.282,461.495,0.503178
30,199,389.399,186.486,186.486,466.137,-0.876369
30,216,53.0815,16.0385,16.0385,56.9375,-0.360524
30,240,2.31303,0.249188,0.249188,2.146,0.414338
30,264,0.0721763,0.0037941,0.0037941,0.0809725,-0.578291
30,288,0.0031613,5.7556e-5,5.7556e-5,0.00305349,0.187948
30,289,122.445,50.8346,50.8346,133.316,-0.434083
30,290,441.033,164.678,164.678,423.475,0.220713
30,293,1183.02,547.046,547.046,1335.5,-0.607797
30,295,1497.62,562.203,562.203,1340.71,0.62302
30,312,167.579,48.0076,48.0076,162.553,0.164592
30,336,6.02533,0.727559,0.727559,6.15847,-0.115089
30,360,0.229672,0.0107201,0.0107201,0.233208,-0.0807332