id,time,y1,popPred_medianCOV,popPred,indivPred_SAEM,indWRes_SAEM
1,0,0,0,0,0,0
1,1,4.59053,3.73206,3.73206,3.39423,2.10336
1,2,5.1882,6.33618,6.33618,5.32257,-0.150653
1,5,3.73879,6.5738,6.5738,3.99983,-0.38949
1,7,1.46808,3.20067,3.20067,1.29099,0.81866
1,24,9.51173e-5,0.00705257,0.00705257,8.63777e-5,0.603818
1,48,1.06162e-10,1.25152e-6,1.25152e-6,1.10398e-10,-0.228957
1,72,1.18794e-16,2.2209e-10,2.2209e-10,1.41098e-16,-0.100445
1,96,1.51642e-22,3.94113e-14,3.94113e-14,1.80335e-22,-1.2922e-7
1,97,19.8713,18.6603,18.6603,16.9712,1.01983
1,98,26.1659,31.6809,31.6809,26.6128,-0.100224
1,101,23.7569,32.869,32.869,19.9992,1.12132
1,103,7.48701,16.0033,16.0033,6.45494,0.954188
1,120,0.000555753,0.0352628,0.0352628,0.000431888,1.71156
1,144,5.28584e-10,6.25761e-6,6.25761e-6,5.51989e-10,-0.253041
1,168,5.98499e-16,1.11045e-9,1.11045e-9,7.05488e-16,-0.481838
1,192,6.69438e-22,1.97057e-13,1.97057e-13,9.01673e-22,-1.04589e-6
1,193,35.5639,37.3206,37.3206,33.9423,0.285114
1,194,75.6244,63.3618,63.3618,53.2257,2.51141
1,197,51.6406,65.738,65.738,39.9983,1.73704
1,199,13.2474,32.0067,32.0067,12.9099,0.156023
1,216,0.00101562,0.0705257,0.0705257,0.000863777,1.04906
1,240,1.15282e-9,1.25152e-5,1.25152e-5,1.10398e-9,0.264003
1,264,1.40533e-15,2.2209e-9,2.2209e-9,1.41098e-15,-0.0239029
1,288,1.7142e-21,3.94113e-13,3.94113e-13,1.80335e-21,-4.01478e-7
1,289,82.6224,74.6412,74.6412,67.8847,1.29561
1,290,116.984,126.724,126.724,106.451,0.590451
1,293,100.454,131.476,131.476,79.9967,1.52616
1,295,25.5364,64.0134,64.0134,25.8197,-0.0654891
1,312,0.00155112,0.141051,0.141051,0.00172755,-0.609504
1,336,2.35097e-9,2.50304e-5,2.50304e-5,2.20796e-9,0.38654
1,360,2.63325e-15,4.44181e-9,4.44181e-9,2.82195e-15,-0.399069
1,384,2.88023e-21,7.88227e-13,7.88227e-13,3.60669e-21,-3.2717e-6
1,385,76.4511,74.6412,74.6412,67.8847,0.753086
1,386,134.011,126.724,126.724,106.451,1.54504
1,389,94.8477,131.476,131.476,79.9967,1.10789
1,391,29.1287,64.0134,64.0134,25.8197,0.764803
1,408,0.00196495,0.141051,0.141051,0.00172755,0.820072
1,432,2.48697e-9,2.50304e-5,2.50304e-5,2.20796e-9,0.754132
1,456,2.4949e-15,4.44181e-9,4.44181e-9,2.82195e-15,-0.691639
1,480,3.0223e-21,7.88227e-13,7.88227e-13,3.60669e-21,-2.63187e-6
1,481,74.754,74.6412,74.6412,67.8847,0.603892
1,482,123.422,126.724,126.724,106.451,0.951398
1,485,86.9815,131.476,131.476,79.9967,0.521068
1,487,28.6562,64.0134,64.0134,25.8197,0.655589
1,504,0.00162173,0.141051,0.141051,0.00172755,-0.365571
1,528,1.98576e-9,2.50304e-5,2.50304e-5,2.20796e-9,-0.600565
1,552,3.09706e-15,4.44181e-9,4.44181e-9,2.82195e-15,0.581784
1,576,3.3457e-21,7.88227e-13,7.88227e-13,3.60669e-21,-1.17541e-6
1,577,64.956,74.6412,74.6412,67.8847,-0.257461
1,578,131.746,126.724,126.724,106.451,1.41804
1,581,87.9621,131.476,131.476,79.9967,0.594225
1,583,26.7305,64.0134,64.0134,25.8197,0.210505
1,600,0.00204416,0.141051,0.141051,0.00172755,1.0937
1,624,1.62624e-9,2.50304e-5,2.50304e-5,2.20796e-9,-1.57231
1,648,2.51874e-15,4.44181e-9,4.44181e-9,2.82195e-15,-0.64122
2,0,0,0,0,0,0
2,1,3.46357,3.73206,3.73206,3.25421,0.383938
2,2,5.68583,6.33618,6.33618,4.93752,0.904457
2,5,4.53069,6.5738,6.5738,3.23742,2.38399
2,7,1.08264,3.20067,3.20067,0.866236,1.49088
2,24,1.22346e-5,0.00705257,0.00705257,1.1772e-5,0.234487
2,48,1.4917e-12,1.25152e-6,1.25152e-6,1.58524e-12,-0.352136
2,72,1.93983e-19,2.2209e-10,2.2209e-10,2.1347e-19,-8.77644e-5
2,96,2.31498e-26,3.94113e-14,3.94113e-14,2.87462e-26,-2.52041e-11
2,97,16.1528,18.6603,18.6603,16.2711,-0.0433906
2,98,27.3934,31.6809,31.6809,24.6876,0.65409
2,101,20.3581,32.869,32.869,16.1871,1.53775
2,103,5.3116,16.0033,16.0033,4.33118,1.35089
2,120,5.9833e-5,0.0352628,0.0352628,5.886e-5,0.098651
2,144,8.4134e-12,6.25761e-6,6.25761e-6,7.92618e-12,0.366843
2,168,9.01299e-19,1.11045e-9,1.11045e-9,1.06735e-18,-0.000747829
2,192,1.33141e-25,1.97057e-13,1.97057e-13,1.43731e-25,-4.76919e-11
2,193,36.3588,37.3206,37.3206,32.5421,0.699938
2,194,63.8481,63.3618,63.3618,49.3752,1.74928
2,197,35.5481,65.738,65.738,32.3742,0.585057
2,199,10.0643,32.0067,32.0067,8.66236,0.965851
2,216,9.3115e-5,0.0705257,0.0705257,0.00011772,-1.24735
2,240,1.90654e-11,1.25152e-5,1.25152e-5,1.58524e-11,1.20959
2,264,1.93857e-18,2.2209e-9,2.2209e-9,2.1347e-18,-0.000883285
2,288,2.755e-25,3.94113e-13,3.94113e-13,2.87462e-25,-5.38716e-11
2,289,71.417,74.6412,74.6412,65.0842,0.580672
2,290,106.531,126.724,126.724,98.7505,0.47021
2,293,74.0951,131.476,131.476,64.7485,0.861476
2,295,19.5263,64.0134,64.0134,17.3247,0.758368
2,312,0.000251894,0.141051,0.141051,0.00023544,0.417065
2,336,2.96245e-11,2.50304e-5,2.50304e-5,3.17047e-11,-0.391566
2,360,3.28806e-18,4.44181e-9,4.44181e-9,4.2694e-18,-0.00441958
2,384,4.80699e-25,7.88227e-13,7.88227e-13,5.74924e-25,-4.24353e-10
2,385,65.9705,74.6412,74.6412,65.0842,0.0812623
2,386,94.0639,126.724,126.724,98.7505,-0.283224
2,389,74.1301,131.476,131.476,64.7485,0.864695
2,391,20.417,64.0134,64.0134,17.3247,1.06518
2,408,0.000292073,0.141051,0.141051,0.00023544,1.43551
2,432,2.78067e-11,2.50304e-5,2.50304e-5,3.17047e-11,-0.733721
2,456,4.19322e-18,4.44181e-9,4.44181e-9,4.2694e-18,-0.000343075
2,480,4.4569e-25,7.88227e-13,7.88227e-13,5.74924e-25,-5.82019e-10
2,481,91.6818,74.6412,74.6412,65.0842,2.43883
2,482,106.253,126.724,126.724,98.7505,0.453397
2,485,79.9741,131.476,131.476,64.7485,1.40334
2,487,21.6863,64.0134,64.0134,17.3247,1.50242
2,504,0.000220476,0.141051,0.141051,0.00023544,-0.379301
2,528,3.02729e-11,2.50304e-5,2.50304e-5,3.17047e-11,-0.269508
2,552,3.7685e-18,4.44181e-9,4.44181e-9,4.2694e-18,-0.00225585
2,576,4.55687e-25,7.88227e-13,7.88227e-13,5.74924e-25,-5.36994e-10
2,577,80.8361,74.6412,74.6412,65.0842,1.44435
2,578,100.726,126.724,126.724,98.7505,0.119411
2,581,79.3602,131.476,131.476,64.7485,1.34676
2,583,20.4846,64.0134,64.0134,17.3247,1.08846
2,600,0.000239393,0.141051,0.141051,0.00023544,0.100208
2,624,3.25396e-11,2.50304e-5,2.50304e-5,3.17047e-11,0.157159
2,648,3.76915e-18,4.44181e-9,4.44181e-9,4.2694e-18,-0.00225295
3,0,0,0,0,0,0
3,1,4.68865,3.73206,3.73206,3.58833,1.82996
3,2,7.03268,6.33618,6.33618,5.89002,1.15774
3,5,6.35583,6.5738,6.5738,5.33258,1.14515
3,7,2.6078,3.20067,3.20067,2.19407,1.12533
3,24,0.00119293,0.00705257,0.00705257,0.00115586,0.191386
3,48,2.33083e-8,1.25152e-6,1.25152e-6,2.72053e-8,-0.854849
3,72,6.6075e-13,2.2209e-10,2.2209e-10,6.40327e-13,0.190332
3,96,1.32154e-17,3.94113e-14,3.94113e-14,1.50713e-17,-0.0083583
3,97,23.6348,18.6603,18.6603,17.9416,1.89367
3,98,37.1957,31.6809,31.6809,29.4501,1.56957
3,101,29.7941,32.869,32.869,26.6629,0.700838
3,103,10.9124,16.0033,16.0033,10.9703,-0.0315126
3,120,0.00639441,0.0352628,0.0352628,0.0057793,0.635172
3,144,1.37836e-7,6.25761e-6,6.25761e-6,1.36027e-7,0.0793663
3,168,3.43141e-12,1.11045e-9,1.11045e-9,3.20164e-12,0.428299
3,192,7.08922e-17,1.97057e-13,1.97057e-13,7.53565e-17,-0.0201053
3,193,40.9834,37.3206,37.3206,35.8833,0.848207
3,194,81.5469,63.3618,63.3618,58.9002,2.29458
3,197,60.7191,65.738,65.738,53.3258,0.827399
3,199,27.3456,32.0067,32.0067,21.9407,1.47014
3,216,0.0132923,0.0705257,0.0705257,0.0115586,0.895134
3,240,3.03901e-7,1.25152e-5,1.25152e-5,2.72053e-7,0.698631
3,264,6.14846e-12,2.2209e-9,2.2209e-9,6.40327e-12,-0.23749
3,288,1.17735e-16,3.94113e-13,3.94113e-13,1.50713e-16,-0.148522
3,289,79.9741,74.6412,74.6412,71.7665,0.682509
3,290,137.617,126.724,126.724,117.8,1.00391
3,293,113.064,131.476,131.476,106.652,0.358823
3,295,59.1865,64.0134,64.0134,43.8813,2.08149
3,312,0.0232735,0.141051,0.141051,0.0231172,0.0403402
3,336,5.72855e-7,2.50304e-5,2.50304e-5,5.44106e-7,0.315325
3,360,1.20899e-11,4.44181e-9,4.44181e-9,1.28065e-11,-0.333953
3,384,2.70994e-16,7.88227e-13,7.88227e-13,3.01426e-16,-0.137054
3,385,87.4447,74.6412,74.6412,71.7665,1.30373
3,386,134.152,126.724,126.724,117.8,0.828396
3,389,118.098,131.476,131.476,106.652,0.640486
3,391,47.2479,64.0134,64.0134,43.8813,0.457849
3,408,0.0284863,0.141051,0.141051,0.0231172,1.38607
3,432,5.40279e-7,2.50304e-5,2.50304e-5,5.44106e-7,-0.0419763
3,456,1.22435e-11,4.44181e-9,4.44181e-9,1.28065e-11,-0.262366
3,480,2.68426e-16,7.88227e-13,7.88227e-13,3.01426e-16,-0.14862
3,481,80.0934,74.6412,74.6412,71.7665,0.692427
3,482,159.675,126.724,126.724,117.8,2.12139
3,485,125.168,131.476,131.476,106.652,1.0361
3,487,58.1003,64.0134,64.0134,43.8813,1.93376
3,504,0.0279017,0.141051,0.141051,0.0231172,1.23514
3,528,4.79533e-7,2.50304e-5,2.50304e-5,5.44106e-7,-0.708247
3,552,1.13627e-11,4.44181e-9,4.44181e-9,1.28065e-11,-0.672831
3,576,2.49441e-16,7.88227e-13,7.88227e-13,3.01426e-16,-0.23412
3,577,94.6282,74.6412,74.6412,71.7665,1.90108
3,578,150.431,126.724,126.724,117.8,1.65308
3,581,130.829,131.476,131.476,106.652,1.35285
3,583,46.0917,64.0134,64.0134,43.8813,0.300612
3,600,0.0233099,0.141051,0.141051,0.0231172,0.0497503
3,624,5.76921e-7,2.50304e-5,2.50304e-5,5.44106e-7,0.359917
3,648,1.00618e-11,4.44181e-9,4.44181e-9,1.28065e-11,-1.27906
4,0,0,0,0,0,0
4,1,3.32058,3.73206,3.73206,3.15272,0.317751
4,2,5.49731,6.33618,6.33618,4.67085,1.05594
4,5,2.9049,6.5738,6.5738,2.77068,0.289107
4,7,0.670816,3.20067,3.20067,0.642444,0.263554
4,24,2.93174e-6,0.00705257,0.00705257,2.58495e-6,0.800615
4,48,6.8099e-14,1.25152e-6,1.25152e-6,6.24369e-14,0.541199
4,72,1.57263e-21,2.2209e-10,2.2209e-10,1.5081e-21,2.90621e-7
4,96,3.62605e-29,3.94113e-14,3.94113e-14,3.64266e-29,-7.47988e-16
4,97,20.4031,18.6603,18.6603,15.7636,1.75645
4,98,27.6074,31.6809,31.6809,23.3543,1.08682
4,101,18.3108,32.869,32.869,13.8534,1.92019
4,103,3.84519,16.0033,16.0033,3.21222,1.17596
4,120,1.29015e-5,0.0352628,0.0352628,1.29248e-5,-0.0107264
4,144,2.87314e-13,6.25761e-6,6.25761e-6,3.12184e-13,-0.475425
4,168,8.94318e-21,1.11045e-9,1.11045e-9,7.54049e-21,6.31715e-6
4,192,1.78358e-28,1.97057e-13,1.97057e-13,1.82133e-28,-1.70025e-14
4,193,46.0614,37.3206,37.3206,31.5272,2.75119
4,194,54.6988,63.3618,63.3618,46.7085,1.02089
4,197,31.3718,65.738,65.738,27.7068,0.789415
4,199,6.10154,32.0067,32.0067,6.42444,-0.299954
4,216,3.21715e-5,0.0705257,0.0705257,2.58495e-5,1.45954
4,240,6.6644e-13,1.25152e-5,1.25152e-5,6.24369e-13,0.402127
4,264,1.54751e-20,2.2209e-9,2.2209e-9,1.5081e-20,1.77479e-6
4,288,3.85634e-28,3.94113e-13,3.94113e-13,3.64266e-28,9.62332e-14
4,289,85.9036,93.3016,93.3016,78.818,0.536496
4,290,118.227,158.405,158.405,116.771,0.0744114
4,293,64.2603,164.345,164.345,69.267,-0.43136
4,295,18.7838,80.0167,80.0167,16.0611,1.01167
4,312,7.32591e-5,0.176314,0.176314,6.46238e-5,0.797448
4,336,1.60022e-12,3.12881e-5,3.12881e-5,1.56092e-12,0.150234
4,360,3.07986e-20,5.55226e-9,5.55226e-9,3.77025e-20,-3.10923e-5
4,384,7.94334e-28,9.85284e-13,9.85284e-13,9.10664e-28,-5.23905e-13
4,385,98.3083,93.3016,93.3016,78.818,1.47574
4,386,145.419,158.405,158.405,116.771,1.46409
4,389,70.6583,164.345,164.345,69.267,0.119867
4,391,15.777,80.0167,80.0167,16.0611,-0.105558
4,408,6.28592e-5,0.176314,0.176314,6.46238e-5,-0.162958
4,432,2.0012e-12,3.12881e-5,3.12881e-5,1.56092e-12,1.6833
4,456,3.6664e-20,5.55226e-9,5.55226e-9,3.77025e-20,-4.67669e-6
4,480,7.39732e-28,9.85284e-13,9.85284e-13,9.10664e-28,-7.69808e-13
4,481,87.2403,93.3016,93.3016,78.818,0.637708
4,482,118.684,158.405,158.405,116.771,0.097754
4,485,78.6946,164.345,164.345,69.267,0.812248
4,487,19.5748,80.0167,80.0167,16.0611,1.3056
4,504,7.647e-5,0.176314,0.176314,6.46238e-5,1.09396
4,528,1.73967e-12,3.12881e-5,3.12881e-5,1.56092e-12,0.683415
4,552,3.19474e-20,5.55226e-9,5.55226e-9,3.77025e-20,-2.59184e-5
4,576,8.43953e-28,9.85284e-13,9.85284e-13,9.10664e-28,-3.00438e-13
4,577,75.8701,93.3016,93.3016,78.818,-0.223205
4,578,164.776,158.405,158.405,116.771,2.45334
4,581,72.7583,164.345,164.345,69.267,0.3008
4,583,18.1931,80.0167,80.0167,16.0611,0.792198
4,600,7.84447e-5,0.176314,0.176314,6.46238e-5,1.27632
4,624,1.48684e-12,3.12881e-5,3.12881e-5,1.56092e-12,-0.283243
4,648,4.27523e-20,5.55226e-9,5.55226e-9,3.77025e-20,2.27426e-5
5,0,0,0,0,0,0
5,1,4.13337,3.73206,3.73206,3.35398,1.38677
5,2,6.27905,6.33618,6.33618,5.20982,1.2248
5,5,3.73185,6.5738,6.5738,3.76531,-0.0530404
5,7,1.43522,3.20067,3.20067,1.15281,1.46194
5,24,5.36246e-5,0.00705257,0.00705257,4.925e-5,0.530092
5,48,3.39691e-11,1.25152e-6,1.25152e-6,3.34124e-11,0.0994287
5,72,1.97641e-17,2.2209e-10,2.2209e-10,2.26678e-17,-0.0130771
5,96,1.18032e-23,3.94113e-14,3.94113e-14,1.53784e-23,-1.61013e-8
5,97,20.8626,18.6603,18.6603,16.7699,1.45644
5,98,29.2231,31.6809,31.6809,26.0491,0.727165
5,101,22.8266,32.869,32.869,18.8266,1.26797
5,103,7.83036,16.0033,16.0033,5.76407,2.13933
5,120,0.000269463,0.0352628,0.0352628,0.00024625,0.562567
5,144,1.67628e-10,6.25761e-6,6.25761e-6,1.67062e-10,0.0202196
5,168,1.05706e-16,1.11045e-9,1.11045e-9,1.13339e-16,-0.034375
5,192,5.77405e-23,1.97057e-13,1.97057e-13,7.68918e-23,-8.62496e-8
5,193,39.0324,37.3206,37.3206,33.5398,0.977303
5,194,68.111,63.3618,63.3618,52.0982,1.83425
5,197,37.1353,65.738,65.738,37.6531,-0.0820644
5,199,13.4892,32.0067,32.0067,11.5281,1.0152
5,216,0.000606763,0.0705257,0.0705257,0.0004925,1.38457
5,240,2.73007e-10,1.25152e-5,1.25152e-5,3.34124e-10,-1.09161
5,264,1.68376e-16,2.2209e-9,2.2209e-9,2.26678e-16,-0.262566
5,288,1.27684e-22,3.94113e-13,3.94113e-13,1.53784e-22,-1.1754e-7
5,289,114.641,93.3016,93.3016,83.8496,2.19152
5,290,159.941,158.405,158.405,130.246,1.36062
5,293,105.223,164.345,164.345,94.1328,0.703095
5,295,36.5463,80.0167,80.0167,28.8204,1.5998
5,312,0.00125145,0.176314,0.176314,0.00123125,0.0979112
5,336,8.36621e-10,3.12881e-5,3.12881e-5,8.35309e-10,0.00937214
5,360,4.75708e-16,5.55226e-9,5.55226e-9,5.66694e-16,-0.409767
5,384,3.19879e-22,9.85284e-13,9.85284e-13,3.84459e-22,-2.90841e-7
5,385,102.35,93.3016,93.3016,83.8496,1.31672
5,386,129.116,158.405,158.405,130.246,-0.051735
5,389,121.178,164.345,164.345,94.1328,1.71462
5,391,33.4598,80.0167,80.0167,28.8204,0.960684
5,408,0.0012884,0.176314,0.176314,0.00123125,0.277011
5,432,8.29709e-10,3.12881e-5,3.12881e-5,8.35309e-10,-0.040015
5,456,5.05854e-16,5.55226e-9,5.55226e-9,5.66694e-16,-0.274001
5,480,3.08316e-22,9.85284e-13,9.85284e-13,3.84459e-22,-3.4292e-7
5,481,108.32,93.3016,93.3016,83.8496,1.74167
5,482,146.961,158.405,158.405,130.246,0.765919
5,485,100.022,164.345,164.345,94.1328,0.373383
5,487,34.2316,80.0167,80.0167,28.8204,1.1205
5,504,0.00131752,0.176314,0.176314,0.00123125,0.418139
5,528,8.37456e-10,3.12881e-5,3.12881e-5,8.35309e-10,0.0153369
5,552,4.73721e-16,5.55226e-9,5.55226e-9,5.66694e-16,-0.418712
5,576,2.95622e-22,9.85284e-13,9.85284e-13,3.84459e-22,-4.00088e-7
5,577,94.4804,93.3016,93.3016,83.8496,0.756629
5,578,127.771,158.405,158.405,130.246,-0.113387
5,581,113.073,164.345,164.345,94.1328,1.20079
5,583,30.1965,80.0167,80.0167,28.8204,0.284953
5,600,0.00135458,0.176314,0.176314,0.00123125,0.597785
5,624,7.64725e-10,3.12881e-5,3.12881e-5,8.35309e-10,-0.504288
5,648,5.31901e-16,5.55226e-9,5.55226e-9,5.66694e-16,-0.156695
6,0,0,0,0,0,0
6,1,4.95373,3.73206,3.73206,4.05231,1.32752
6,2,9.53313,6.33618,6.33618,7.41228,1.70756
6,5,11.2209,6.5738,6.5738,10.3711,0.489017
6,7,6.76862,3.20067,3.20067,7.12996,-0.302447
6,24,0.316309,0.00705257,0.00705257,0.295004,0.430985
6,48,0.00331903,1.25152e-6,1.25152e-6,0.00328845,0.0554849
6,72,3.93382e-5,2.2209e-10,2.2209e-10,3.66569e-5,0.436524
6,96,3.9865e-7,3.94113e-14,3.94113e-14,4.08619e-7,-0.145595
6,97,22.5151,18.6603,18.6603,20.2616,0.66377
6,98,39.8828,31.6809,31.6809,37.0614,0.45432
6,101,62.1175,32.869,32.869,51.8553,1.18103
6,103,38.9067,16.0033,16.0033,35.6498,0.545203
6,120,1.5649,0.0352628,0.0352628,1.47502,0.363636
6,144,0.0191392,6.25761e-6,6.25761e-6,0.0164423,0.978864
6,168,0.000154881,1.11045e-9,1.11045e-9,0.000183284,-0.924824
6,192,2.19814e-6,1.97057e-13,1.97057e-13,2.0431e-6,0.452877
6,193,50.3707,37.3206,37.3206,40.5231,1.45025
6,194,78.7046,63.3618,63.3618,74.1228,0.368898
6,197,129.135,65.738,65.738,103.711,1.46298
6,199,82.4965,32.0067,32.0067,71.2996,0.937189
6,216,3.08008,0.0705257,0.0705257,2.95004,0.263066
6,240,0.0387098,1.25152e-5,1.25152e-5,0.0328845,1.05715
6,264,0.00041863,2.2209e-9,2.2209e-9,0.000366569,0.847568
6,288,4.10137e-6,3.94113e-13,3.94113e-13,4.08619e-6,0.0221631
6,289,111.307,93.3016,93.3016,101.308,0.589041
6,290,199.271,158.405,158.405,185.307,0.449705
6,293,339.334,164.345,164.345,259.277,1.84269
6,295,242.795,80.0167,80.0167,178.249,2.16103
6,312,8.697,0.176314,0.176314,7.3751,1.06966
6,336,0.0832495,3.12881e-5,3.12881e-5,0.0822113,0.075359
6,360,0.000818849,5.55226e-9,5.55226e-9,0.000916422,-0.6354
6,384,1.04742e-5,9.85284e-13,9.85284e-13,1.02155e-5,0.151115
6,385,111.212,93.3016,93.3016,101.308,0.583439
6,386,176.693,158.405,158.405,185.307,-0.277414
6,389,271.341,164.345,164.345,259.277,0.27769
6,391,204.908,80.0167,80.0167,178.249,0.892565
6,408,8.69632,0.176314,0.176314,7.3751,1.06911
6,432,0.0976217,3.12881e-5,3.12881e-5,0.0822113,1.11866
6,456,0.000944863,5.55226e-9,5.55226e-9,0.000916422,0.185211
6,480,1.07628e-5,9.85284e-13,9.85284e-13,1.02155e-5,0.319741
6,481,125.393,93.3016,93.3016,101.308,1.41879
6,482,205.622,158.405,158.405,185.307,0.654242
6,485,290.276,164.345,164.345,259.277,0.713508
6,487,217.896,80.0167,80.0167,178.249,1.3274
6,504,8.69751,0.176314,0.176314,7.3751,1.07007
6,528,0.0958382,3.12881e-5,3.12881e-5,0.0822113,0.989188
6,552,0.000850497,5.55226e-9,5.55226e-9,0.000916422,-0.429303
6,576,8.97841e-6,9.85284e-13,9.85284e-13,1.02155e-5,-0.722689
6,577,132.845,93.3016,93.3016,101.308,1.8578
6,578,207.136,158.405,158.405,185.307,0.702993
6,581,346.889,164.345,164.345,259.277,2.01659
6,583,223.306,80.0167,80.0167,178.249,1.50853
6,600,8.44493,0.176314,0.176314,7.3751,0.865692
6,624,0.0866397,3.12881e-5,3.12881e-5,0.0822113,0.321459
6,648,0.000754489,5.55226e-9,5.55226e-9,0.000916422,-1.05452
7,0,0,0,0,0,0
7,1,4.34859,3.73206,3.73206,3.78539,0.887916
7,2,7.72833,6.33618,6.33618,6.50743,1.11966
7,5,7.84689,6.5738,6.5738,7.09915,0.628583
7,7,3.99027,3.20067,3.20067,3.67092,0.519163
7,24,0.0145015,0.00705257,0.00705257,0.0134931,0.446002
7,48,5.72926e-6,1.25152e-6,1.25152e-6,4.93105e-6,0.966047
7,72,2.02337e-9,2.2209e-10,2.2209e-10,1.80205e-9,0.732942
7,96,6.13209e-13,3.94113e-14,3.94113e-14,6.58559e-13,-0.410957
7,97,22.2887,18.6603,18.6603,18.9269,1.06001
7,98,39.7077,31.6809,31.6809,32.5371,1.31519
7,101,30.9404,32.869,32.869,35.4957,-0.765869
7,103,17.4762,16.0033,16.0033,18.3546,-0.285602
7,120,0.0663077,0.0352628,0.0352628,0.0674654,-0.102411
7,144,2.44231e-5,6.25761e-6,6.25761e-6,2.46552e-5,-0.056194
7,168,7.4799e-9,1.11045e-9,1.11045e-9,9.01025e-9,-1.0136
7,192,3.33684e-12,1.97057e-13,1.97057e-13,3.29279e-12,0.0798296
7,193,46.8767,37.3206,37.3206,37.8539,1.42248
7,194,79.1123,63.3618,63.3618,65.0743,1.2874
7,197,89.9821,65.738,65.738,70.9915,1.59642
7,199,34.442,32.0067,32.0067,36.7092,-0.368578
7,216,0.149211,0.0705257,0.0705257,0.134931,0.631612
7,240,5.12587e-5,1.25152e-5,1.25152e-5,4.93105e-5,0.235785
7,264,1.65039e-8,2.2209e-9,2.2209e-9,1.80205e-8,-0.502264
7,288,6.10114e-12,3.94113e-13,3.94113e-13,6.58559e-12,-0.439001
7,289,120.299,111.962,111.962,113.562,0.354057
7,290,185.842,190.085,190.085,195.223,-0.286764
7,293,258.695,197.214,197.214,212.974,1.28116
7,295,141.195,96.0201,96.0201,110.128,1.68356
7,312,0.524079,0.211577,0.211577,0.404793,1.75863
7,336,0.000147131,3.75457e-5,3.75457e-5,0.000147931,-0.0323009
7,360,5.64819e-8,6.66271e-9,6.66271e-9,5.40615e-8,0.267191
7,384,1.67357e-11,1.18234e-12,1.18234e-12,1.97568e-11,-0.912565
7,385,127.218,111.962,111.962,113.562,0.717642
7,386,227.615,190.085,190.085,195.223,0.990206
7,389,226.597,197.214,197.214,212.974,0.381721
7,391,99.5099,96.0201,96.0201,110.128,-0.575377
7,408,0.462124,0.211577,0.211577,0.404793,0.845231
7,432,0.000135956,3.75457e-5,3.75457e-5,0.000147931,-0.483094
7,456,5.82701e-8,6.66271e-9,6.66271e-9,5.40615e-8,0.464587
7,480,1.75482e-11,1.18234e-12,1.18234e-12,1.97568e-11,-0.667133
7,481,109.237,111.962,111.962,113.562,-0.227267
7,482,203.721,190.085,190.085,195.223,0.259788
7,485,284.718,197.214,197.214,212.974,2.01034
7,487,135.429,96.0201,96.0201,110.128,1.37105
7,504,0.390884,0.211577,0.211577,0.404793,-0.205057
7,528,0.00014324,3.75457e-5,3.75457e-5,0.000147931,-0.189269
7,552,5.45424e-8,6.66271e-9,6.66271e-9,5.40615e-8,0.0530904
7,576,1.4497e-11,1.18234e-12,1.18234e-12,1.97568e-11,-1.58878
7,577,131.484,111.962,111.962,113.562,0.941844
7,578,255.943,190.085,190.085,195.223,1.85617
7,581,254.142,197.214,197.214,212.974,1.15356
7,583,143.976,96.0201,96.0201,110.128,1.83423
7,600,0.45801,0.211577,0.211577,0.404793,0.784577
7,624,0.000164134,3.75457e-5,3.75457e-5,0.000147931,0.653657
7,648,5.44168e-8,6.66271e-9,6.66271e-9,5.40615e-8,0.0392215
8,0,0,0,0,0,0
8,1,4.53846,3.73206,3.73206,3.65651,1.43944
8,2,7.51355,6.33618,6.33618,6.09888,1.38426
8,5,6.92404,6.5738,6.5738,5.89129,1.04617
8,7,3.26356,3.20067,3.20067,2.62845,1.442
8,24,0.00316084,0.00705257,0.00705257,0.00275648,0.875465
8,48,1.71542e-7,1.25152e-6,1.25152e-6,1.71483e-7,0.00204822
8,72,1.17077e-11,2.2209e-10,2.2209e-10,1.06681e-11,0.581552
8,96,8.1581e-16,3.94113e-14,3.94113e-14,6.6367e-16,0.685179
8,97,20.6539,18.6603,18.6603,18.2826,0.774054
8,98,34.1315,31.6809,31.6809,30.4944,0.711792
8,101,32.3101,32.869,32.869,29.4564,0.578146
8,103,14.793,16.0033,16.0033,13.1422,0.749591
8,120,0.0158402,0.0352628,0.0352628,0.0137824,0.891045
8,144,7.94672e-7,6.25761e-6,6.25761e-6,8.57413e-7,-0.436697
8,168,5.35364e-11,1.11045e-9,1.11045e-9,5.33404e-11,0.0219339
8,192,2.97767e-15,1.97057e-13,1.97057e-13,3.31835e-15,-0.612695
8,193,39.5443,37.3206,37.3206,36.5651,0.486229
8,194,67.1453,63.3618,63.3618,60.9888,0.60242
8,197,66.1954,65.738,65.738,58.9129,0.73771
8,199,28.1833,32.0067,32.0067,26.2845,0.431121
8,216,0.0328115,0.0705257,0.0705257,0.0275648,1.13592
8,240,1.59006e-6,1.25152e-5,1.25152e-5,1.71483e-6,-0.434216
8,264,1.07237e-10,2.2209e-9,2.2209e-9,1.06681e-10,0.0311328
8,288,6.7383e-15,3.94113e-13,3.94113e-13,6.6367e-15,0.0913597
8,289,124.141,111.962,111.962,109.695,0.785922
8,290,200.381,190.085,190.085,182.966,0.568003
8,293,194.602,197.214,197.214,176.739,0.603191
8,295,85.5645,96.0201,96.0201,78.8534,0.507914
8,312,0.0905793,0.211577,0.211577,0.0826943,0.569039
8,336,5.26589e-6,3.75457e-5,3.75457e-5,5.14448e-6,0.140845
8,360,3.18807e-10,6.66271e-9,6.66271e-9,3.20042e-10,-0.0230385
9,0,0,0,0,0,0
9,1,4.09404,3.73206,3.73206,3.90949,0.281727
9,2,8.50761,6.33618,6.33618,6.91815,1.37112
9,5,8.20187,6.5738,6.5738,8.47729,-0.193889
9,7,6.10679,3.20067,3.20067,5.02072,1.29094
9,24,0.0619822,0.00705257,0.00705257,0.0584911,0.356191
9,48,0.000122188,1.25152e-6,1.25152e-6,0.000108942,0.725621
9,72,2.25142e-7,2.2209e-10,2.2209e-10,2.02908e-7,0.653935
9,96,3.7874e-10,3.94113e-14,3.94113e-14,3.77923e-10,0.0128917
9,97,24.0789,18.6603,18.6603,19.5474,1.38346
9,98,41.9637,31.6809,31.6809,34.5908,1.27203
9,101,43.9419,32.869,32.869,42.3865,0.219004
9,103,24.6292,16.0033,16.0033,25.1036,-0.112764
9,120,0.364884,0.0352628,0.0352628,0.292456,1.47798
9,144,0.000614509,6.25761e-6,6.25761e-6,0.000544709,0.764731
9,168,9.47579e-7,1.11045e-9,1.11045e-9,1.01454e-6,-0.393878
9,192,1.70855e-9,1.97057e-13,1.97057e-13,1.88962e-9,-0.57186
9,193,42.754,37.3206,37.3206,39.0949,0.558574
9,194,70.8546,63.3618,63.3618,69.1815,0.144323
9,197,100.576,65.738,65.738,84.7729,1.11252
9,199,55.1569,32.0067,32.0067,50.2072,0.588339
9,216,0.617265,0.0705257,0.0705257,0.584911,0.330107
9,240,0.00125658,1.25152e-5,1.25152e-5,0.00108942,0.91571
9,264,2.06608e-6,2.2209e-9,2.2209e-9,2.02908e-6,0.108832
9,288,3.31925e-9,3.94113e-13,3.94113e-13,3.77923e-9,-0.726362
9,289,117.991,111.962,111.962,117.285,0.0359528
9,290,252.182,190.085,190.085,207.545,1.28352
9,293,265.172,197.214,197.214,254.319,0.254688
9,295,187.771,96.0201,96.0201,150.622,1.47193
9,312,1.90467,0.211577,0.211577,1.75473,0.509939
9,336,0.00324651,3.75457e-5,3.75457e-5,0.00326825,-0.0397067
9,360,6.69885e-6,6.66271e-9,6.66271e-9,6.08724e-6,0.599611
9,384,1.12685e-8,1.18234e-12,1.18234e-12,1.13377e-8,-0.0364263
9,385,131.99,111.962,111.962,117.285,0.748282
9,386,231.005,190.085,190.085,207.545,0.674594
9,389,290.853,197.214,197.214,254.319,0.857314
9,391,158.052,96.0201,96.0201,150.622,0.294415
9,408,2.13032,0.211577,0.211577,1.75473,1.27736
9,432,0.00278535,3.75457e-5,3.75457e-5,0.00326825,-0.881785
9,456,5.60544e-6,6.66271e-9,6.66271e-9,6.08724e-6,-0.472346
9,480,1.06147e-8,1.18234e-12,1.18234e-12,1.13377e-8,-0.380588
9,481,145.384,111.962,111.962,117.285,1.42977
9,482,207.868,190.085,190.085,207.545,0.00931048
9,485,312.431,197.214,197.214,254.319,1.36367
9,487,178.78,96.0201,96.0201,150.622,1.11566
9,504,2.14713,0.211577,0.211577,1.75473,1.33452
9,528,0.0031686,3.75457e-5,3.75457e-5,0.00326825,-0.181959
9,552,6.49137e-6,6.66271e-9,6.66271e-9,6.08724e-6,0.396208
9,576,9.21244e-9,1.18234e-12,1.18234e-12,1.13377e-8,-1.11867
9,577,147.033,111.962,111.962,117.285,1.5137
9,578,205.846,190.085,190.085,207.545,-0.0488392
9,581,270.452,197.214,197.214,254.319,0.378589
9,583,151.272,96.0201,96.0201,150.622,0.0257912
9,600,1.84339,0.211577,0.211577,1.75473,0.301533
9,624,0.00335424,3.75457e-5,3.75457e-5,0.00326825,0.157013
9,648,6.19044e-6,6.66271e-9,6.66271e-9,6.08724e-6,0.101177
10,0,0,0,0,0,0
10,1,5.2507,3.73206,3.73206,4.03592,1.79626
10,2,7.78058,6.33618,6.33618,7.3544,0.34583
10,5,13.4438,6.5738,6.5738,10.1353,1.94812
10,7,8.22437,3.20067,3.20067,6.85215,1.19512
10,24,0.291037,0.00705257,0.00705257,0.245899,1.09548
10,48,0.00248819,1.25152e-6,1.25152e-6,0.00224212,0.654968
10,72,1.8143e-5,2.2209e-10,2.2209e-10,2.04437e-5,-0.671605
10,96,1.75966e-7,3.94113e-14,3.94113e-14,1.86406e-7,-0.334248
10,97,23.6817,18.6603,18.6603,20.1796,1.0357
10,98,41.7519,31.6809,31.6809,36.772,0.808194
10,101,67.8777,32.869,32.869,50.6763,2.02569
10,103,43.6881,16.0033,16.0033,34.2608,1.64212
10,120,1.54267,0.0352628,0.0352628,1.2295,1.5201
10,144,0.0101493,6.25761e-6,6.25761e-6,0.0112106,-0.564976
10,168,8.28346e-5,1.11045e-9,1.11045e-9,0.000102219,-1.13169
10,192,8.97041e-7,1.97057e-13,1.97057e-13,9.32032e-7,-0.22405
10,193,44.4726,37.3206,37.3206,40.3592,0.60823
10,194,76.0983,63.3618,63.3618,73.544,0.207275
10,197,111.371,65.738,65.738,101.353,0.589903
10,199,65.5897,32.0067,32.0067,68.5215,-0.255345
10,216,3.06952,0.0705257,0.0705257,2.45899,1.4817
10,240,0.0249077,1.25152e-5,1.25152e-5,0.0224212,0.661844
10,264,0.000175075,2.2209e-9,2.2209e-9,0.000204437,-0.857124
10,288,2.03897e-6,3.94113e-13,3.94113e-13,1.86406e-6,0.559953
10,289,185.302,167.943,167.943,181.617,0.121106
10,290,399.59,285.128,285.128,330.948,1.23778
10,293,526.367,295.821,295.821,456.087,0.919599
10,295,374.671,144.03,144.03,308.347,1.28365
10,312,11.5683,0.317365,0.317365,11.0655,0.271167
10,336,0.107613,5.63185e-5,5.63185e-5,0.100895,0.397357
10,360,0.00100184,9.99407e-9,9.99407e-9,0.000919967,0.531104
10,384,8.6658e-6,1.77351e-12,1.77351e-12,8.38829e-6,0.197438
10,385,209.232,167.943,167.943,181.617,0.907438
10,386,399.545,285.128,285.128,330.948,1.23697
10,389,583.873,295.821,295.821,456.087,1.67205
10,391,386.92,144.03,144.03,308.347,1.52072
10,408,12.4205,0.317365,0.317365,11.0655,0.730786
10,432,0.127386,5.63185e-5,5.63185e-5,0.100895,1.56691
10,456,0.00104528,9.99407e-9,9.99407e-9,0.000919967,0.812886
10,480,7.5964e-6,1.77351e-12,1.77351e-12,8.38829e-6,-0.563383
10,481,197.493,167.943,167.943,181.617,0.521707
10,482,422.027,285.128,285.128,330.948,1.64238
10,485,533.083,295.821,295.821,456.087,1.00748
10,487,334.764,144.03,144.03,308.347,0.511292
10,504,13.255,0.317365,0.317365,11.0655,1.18084
10,528,0.0934931,5.63185e-5,5.63185e-5,0.100895,-0.437828
10,552,0.000916376,9.99407e-9,9.99407e-9,0.000919967,-0.0232907
11,0,0,0,0,0,0
11,1,4.43991,3.73206,3.73206,3.97876,0.691679
11,2,8.50618,6.33618,6.33618,7.15494,1.12704
11,5,10.5977,6.5738,6.5738,9.35145,0.79535
11,7,7.23995,3.20067,3.20067,5.95926,1.28253
11,24,0.173909,0.00705257,0.00705257,0.129376,2.0542
11,48,0.000599861,1.25152e-6,1.25152e-6,0.000580247,0.201732
11,72,3.13708e-6,2.2209e-10,2.2209e-10,2.60238e-6,1.22617
11,96,1.4183e-8,3.94113e-14,3.94113e-14,1.16716e-8,1.28412
11,97,20.2894,18.6603,18.6603,19.8938,0.118665
11,98,38.1844,31.6809,31.6809,35.7747,0.401978
11,101,49.494,32.869,32.869,46.7573,0.3493
11,103,28.3874,16.0033,16.0033,29.7963,-0.28219
11,120,0.856126,0.0352628,0.0352628,0.646881,1.93039
11,144,0.00251455,6.25761e-6,6.25761e-6,0.00290123,-0.795401
11,168,1.12153e-5,1.11045e-9,1.11045e-9,1.30119e-5,-0.823978
11,192,5.62875e-8,1.97057e-13,1.97057e-13,5.83578e-8,-0.211716
11,193,50.8608,37.3206,37.3206,39.7876,1.66089
11,194,78.95,63.3618,63.3618,71.5494,0.617267
11,197,113.678,65.738,65.738,93.5145,1.28678
11,199,75.6846,32.0067,32.0067,59.5926,1.61151
11,216,1.26872,0.0705257,0.0705257,1.29376,-0.115532
11,240,0.00628683,1.25152e-5,1.25152e-5,0.00580247,0.498172
11,264,2.18238e-5,2.2209e-9,2.2209e-9,2.60238e-5,-0.963144
11,288,1.01863e-7,3.94113e-13,3.94113e-13,1.16716e-7,-0.75943
11,289,163.773,167.943,167.943,179.044,-0.509014
11,290,366.911,285.128,285.128,321.972,0.832942
11,293,480.216,295.821,295.821,420.815,0.842387
11,295,258.948,144.03,144.03,268.167,-0.205143
11,312,7.11581,0.317365,0.317365,5.82193,1.3263
11,336,0.0274748,5.63185e-5,5.63185e-5,0.0261111,0.311682
11,360,0.000115853,9.99407e-9,9.99407e-9,0.000117107,-0.0639234
11,384,4.79139e-7,1.77351e-12,1.77351e-12,5.2522e-7,-0.5236
11,385,193.379,167.943,167.943,179.044,0.477801
11,386,350.82,285.128,285.128,321.972,0.534693
11,389,468.698,295.821,295.821,420.815,0.679051
11,391,329.799,144.03,144.03,268.167,1.37157
11,408,6.44476,0.317365,0.317365,5.82193,0.638443
11,432,0.026515,5.63185e-5,5.63185e-5,0.0261111,0.092316
11,456,0.000114524,9.99407e-9,9.99407e-9,0.000117107,-0.131656
11,480,4.94698e-7,1.77351e-12,1.77351e-12,5.2522e-7,-0.346805
11,481,210.871,167.943,167.943,179.044,1.06084
11,482,361.307,285.128,285.128,321.972,0.729079
11,485,446.97,295.821,295.821,420.815,0.370914
11,487,323.045,144.03,144.03,268.167,1.22127
11,504,5.92136,0.317365,0.317365,5.82193,0.101921
11,528,0.0298431,5.63185e-5,5.63185e-5,0.0261111,0.852979
11,552,0.000122372,9.99407e-9,9.99407e-9,0.000117107,0.268283
11,576,5.03278e-7,1.77351e-12,1.77351e-12,5.2522e-7,-0.249318
11,577,171.93,167.943,167.943,179.044,-0.237125
11,578,315.897,285.128,285.128,321.972,-0.112603
11,581,464.414,295.821,295.821,420.815,0.61829
11,583,292.741,144.03,144.03,268.167,0.546887
11,600,6.50193,0.317365,0.317365,5.82193,0.697046
11,624,0.0281802,5.63185e-5,5.63185e-5,0.0261111,0.472902
11,648,0.000113479,9.99407e-9,9.99407e-9,0.000117107,-0.184881
12,0,0,0,0,0,0
12,1,4.23139,3.73206,3.73206,3.90864,0.492777
12,2,8.91671,6.33618,6.33618,6.9153,1.7272
12,5,8.94958,6.5738,6.5738,8.46712,0.34005
12,7,5.46941,3.20067,3.20067,5.01017,0.54702
12,24,0.0673279,0.00705257,0.00705257,0.0579216,0.969153
12,48,9.51838e-5,1.25152e-6,1.25152e-6,0.000106718,-0.644987
12,72,1.9439e-7,2.2209e-10,2.2209e-10,1.96622e-7,-0.0677353
12,96,4.22039e-10,3.94113e-14,3.94113e-14,3.62265e-10,0.984679
12,97,23.9527,18.6603,18.6603,19.5432,1.34651
12,98,37.8801,31.6809,31.6809,34.5765,0.570201
12,101,49.4905,32.869,32.869,42.3356,1.00859
12,103,30.341,16.0033,16.0033,25.0508,1.26026
12,120,0.331435,0.0352628,0.0352628,0.289608,0.861902
12,144,0.0006582,6.25761e-6,6.25761e-6,0.000533588,1.3937
12,168,9.9167e-7,1.11045e-9,1.11045e-9,9.83109e-7,0.0519698
12,192,1.78705e-9,1.97057e-13,1.97057e-13,1.81133e-9,-0.0799953
12,193,48.2611,37.3206,37.3206,39.0864,1.40082
12,194,79.3251,63.3618,63.3618,69.153,0.877838
12,197,116.981,65.738,65.738,84.6712,2.27727
12,199,52.1394,32.0067,32.0067,50.1017,0.242728
12,216,0.588969,0.0705257,0.0705257,0.579216,0.100488
12,240,0.00119844,1.25152e-5,1.25152e-5,0.00106718,0.734074
12,264,1.80352e-6,2.2209e-9,2.2209e-9,1.96622e-6,-0.493804
12,288,3.45918e-9,3.94113e-13,3.94113e-13,3.62265e-9,-0.269303
12,289,220.597,167.943,167.943,175.889,1.51692
12,290,337.449,285.128,285.128,311.188,0.503615
12,293,520.519,295.821,295.821,381.02,2.18493
12,295,198.02,144.03,144.03,225.457,-0.726274
12,312,2.82962,0.317365,0.317365,2.60647,0.51092
12,336,0.00538868,5.63185e-5,5.63185e-5,0.00480229,0.72871
12,360,7.64431e-6,9.99407e-9,9.99407e-9,8.84798e-6,-0.81185
12,384,1.50302e-8,1.77351e-12,1.77351e-12,1.63019e-8,-0.465556
12,385,168.196,167.943,167.943,175.889,-0.261024
12,386,372.442,285.128,285.128,311.188,1.17469
12,389,384.649,295.821,295.821,381.02,0.0568378
12,391,248.19,144.03,144.03,225.457,0.601716
12,408,2.74675,0.317365,0.317365,2.60647,0.321194
12,432,0.00443215,5.63185e-5,5.63185e-5,0.00480229,-0.459979
12,456,8.95342e-6,9.99407e-9,9.99407e-9,8.84798e-6,0.0711216
12,480,1.3908e-8,1.77351e-12,1.77351e-12,1.63019e-8,-0.876365
12,481,194.303,167.943,167.943,175.889,0.624783
12,482,362.169,285.128,285.128,311.188,0.977686
12,485,423.928,295.821,295.821,381.02,0.672042
12,487,258.11,144.03,144.03,225.457,0.864304
12,504,3.24127,0.317365,0.317365,2.60647,1.45344
12,528,0.0048881,5.63185e-5,5.63185e-5,0.00480229,0.106632
12,552,9.74101e-6,9.99407e-9,9.99407e-9,8.84798e-6,0.60234
12,576,1.68843e-8,1.77351e-12,1.77351e-12,1.63019e-8,0.213197
12,577,208.499,167.943,167.943,175.889,1.10643
12,578,411.938,285.128,285.128,311.188,1.93213
12,581,442.843,295.821,295.821,381.02,0.968308
12,583,245.429,144.03,144.03,225.457,0.52864
12,600,2.40929,0.317365,0.317365,2.60647,-0.451462
12,624,0.00539621,5.63185e-5,5.63185e-5,0.00480229,0.73806
12,648,8.68787e-6,9.99407e-9,9.99407e-9,8.84798e-6,-0.107987
13,0,0,0,0,0,0
13,1,3.88081,3.73206,3.73206,3.3671,0.910497
13,2,6.50942,6.33618,6.33618,5.24639,1.43672
13,5,4.39915,6.5738,6.5738,3.84032,0.868418
13,7,1.33467,3.20067,3.20067,1.1963,0.690299
13,24,6.84171e-5,0.00705257,0.00705257,5.92035e-5,0.928742
13,48,5.0502e-11,1.25152e-6,1.25152e-6,4.94318e-11,0.129198
13,72,3.27167e-17,2.2209e-10,2.2209e-10,4.12729e-17,-0.0385339
13,96,2.85854e-23,3.94113e-14,3.94113e-14,3.44607e-23,-2.64602e-8
13,97,22.2255,18.6603,18.6603,16.8355,1.91064
13,98,23.0442,31.6809,31.6809,26.2319,-0.725206
13,101,22.3785,32.869,32.869,19.2016,0.987381
13,103,6.85149,16.0033,16.0033,5.98149,0.868017
13,120,0.000334973,0.0352628,0.0352628,0.000296018,0.785348
13,144,2.2242e-10,6.25761e-6,6.25761e-6,2.47159e-10,-0.597344
13,168,1.99045e-16,1.11045e-9,1.11045e-9,2.06365e-16,-0.0329666
13,192,1.24879e-22,1.97057e-13,1.97057e-13,1.72304e-22,-2.13581e-7
13,193,35.9956,37.3206,37.3206,33.671,0.412
13,194,67.486,63.3618,63.3618,52.4639,1.70879
13,197,51.5417,65.738,65.738,38.4032,2.04171
13,199,13.2647,32.0067,32.0067,11.963,0.649393
13,216,0.000610148,0.0705257,0.0705257,0.000592035,0.182585
13,240,4.4078e-10,1.25152e-5,1.25152e-5,4.94318e-10,-0.646351
13,264,3.22577e-16,2.2209e-9,2.2209e-9,4.12729e-16,-0.406013
13,288,2.70123e-22,3.94113e-13,3.94113e-13,3.44607e-22,-3.35448e-7
13,289,114.603,167.943,167.943,151.52,-1.45402
13,290,272.805,285.128,285.128,236.087,0.928146
13,293,269.461,295.821,295.821,172.814,3.33752
13,295,63.0599,144.03,144.03,53.8334,1.02282
13,312,0.00266565,0.317365,0.317365,0.00266416,0.00335039
13,336,2.03973e-9,5.63185e-5,5.63185e-5,2.22443e-9,-0.495522
13,360,1.98241e-15,9.99407e-9,9.99407e-9,1.85728e-15,0.402074
13,384,1.13699e-21,1.77351e-12,1.77351e-12,1.55073e-21,-1.86333e-6
13,385,132.48,167.943,167.943,151.52,-0.749908
13,386,263.762,285.128,285.128,236.087,0.699565
13,389,201.111,295.821,295.821,172.814,0.977152
13,391,60.6459,144.03,144.03,53.8334,0.75522
13,408,0.00329123,0.317365,0.317365,0.00266416,1.40467
13,432,2.20587e-9,5.63185e-5,5.63185e-5,2.22443e-9,-0.0497847
13,456,1.61617e-15,9.99407e-9,9.99407e-9,1.85728e-15,-0.774745
13,480,1.25391e-21,1.77351e-12,1.77351e-12,1.55073e-21,-1.33676e-6
13,481,170.768,167.943,167.943,151.52,0.75813
13,482,264.781,285.128,285.128,236.087,0.725322
13,485,185.046,295.821,295.821,172.814,0.422385
13,487,68.2801,144.03,144.03,53.8334,1.60153
13,504,0.00319474,0.317365,0.317365,0.00266416,1.18851
13,528,2.25118e-9,5.63185e-5,5.63185e-5,2.22443e-9,0.071766
13,552,1.99311e-15,9.99407e-9,9.99407e-9,1.85728e-15,0.436439
13,576,1.21427e-21,1.77351e-12,1.77351e-12,1.55073e-21,-1.5153e-6
13,577,169.271,167.943,167.943,151.52,0.699176
13,578,262.353,285.128,285.128,236.087,0.66395
13,581,196.721,295.821,295.821,172.814,0.825553
13,583,63.1078,144.03,144.03,53.8334,1.02814
13,600,0.00332524,0.317365,0.317365,0.00266416,1.48086
13,624,2.0995e-9,5.63185e-5,5.63185e-5,2.22443e-9,-0.335179
13,648,1.62397e-15,9.99407e-9,9.99407e-9,1.85728e-15,-0.749669
14,0,0,0,0,0,0
14,1,4.58552,3.73206,3.73206,3.76993,1.29107
14,2,8.05815,6.33618,6.33618,6.45749,1.47928
14,5,7.88622,6.5738,6.5738,6.94303,0.810708
14,7,3.99933,3.20067,3.20067,3.52854,0.796261
14,24,0.0114659,0.00705257,0.00705257,0.0111939,0.145002
14,48,3.77269e-6,1.25152e-6,1.25152e-6,3.323e-6,0.807604
14,72,8.64775e-10,2.2209e-10,2.2209e-10,9.86456e-10,-0.73614
14,96,2.97338e-13,3.94113e-14,3.94113e-14,2.92836e-13,0.0917372
14,97,20.6571,18.6603,18.6603,18.8497,0.572231
14,98,41.8139,31.6809,31.6809,32.2874,1.76082
14,101,38.1912,32.869,32.869,34.7151,0.597567
14,103,23.3785,16.0033,16.0033,17.6427,1.94019
14,120,0.0543871,0.0352628,0.0352628,0.0559696,-0.168742
14,144,1.92032e-5,6.25761e-6,6.25761e-6,1.6615e-5,0.929656
14,168,5.5295e-9,1.11045e-9,1.11045e-9,4.93228e-9,0.722605
14,192,1.28771e-12,1.97057e-13,1.97057e-13,1.46418e-12,-0.719291
14,193,42.1459,37.3206,37.3206,37.6993,0.703898
14,194,86.9733,63.3618,63.3618,64.5749,2.07
14,197,65.7162,65.738,65.738,69.4303,-0.319239
14,199,34.5137,32.0067,32.0067,35.2854,-0.130513
14,216,0.13883,0.0705257,0.0705257,0.111939,1.4336
14,240,3.70093e-5,1.25152e-5,1.25152e-5,3.323e-5,0.678729
14,264,1.06602e-8,2.2209e-9,2.2209e-9,9.86456e-9,0.481345
14,288,3.07191e-12,3.94113e-13,3.94113e-13,2.92836e-12,0.292538
14,289,209.983,167.943,167.943,169.647,1.41894
14,290,381.498,285.128,285.128,290.587,1.86705
14,293,399.646,295.821,295.821,312.436,1.66578
14,295,183.921,144.03,144.03,158.784,0.944751
14,312,0.581309,0.317365,0.317365,0.503727,0.919146
14,336,0.000185288,5.63185e-5,5.63185e-5,0.000149535,1.42686
14,360,4.58093e-8,9.99407e-9,9.99407e-9,4.43905e-8,0.190746
14,384,1.14604e-11,1.77351e-12,1.77351e-12,1.31776e-11,-0.777689
14,385,251.305,167.943,167.943,169.647,2.87255
14,386,399.615,285.128,285.128,290.587,2.23913
14,389,354.06,295.821,295.821,312.436,0.795057
14,391,211.59,144.03,144.03,158.784,1.98468
14,408,0.539873,0.317365,0.317365,0.503727,0.428236
14,432,0.000173558,5.63185e-5,5.63185e-5,0.000149535,0.958739
14,456,5.03503e-8,9.99407e-9,9.99407e-9,4.43905e-8,0.801236
14,480,1.24435e-11,1.77351e-12,1.77351e-12,1.31776e-11,-0.332472
14,481,216.802,167.943,167.943,169.647,1.6588
14,482,353.305,285.128,285.128,290.587,1.28806
14,485,344.779,295.821,295.821,312.436,0.617775
14,487,157.955,144.03,144.03,158.784,-0.0311788
14,504,0.54032,0.317365,0.317365,0.503727,0.43353
14,528,0.000138751,5.63185e-5,5.63185e-5,0.000149535,-0.430393
14,552,4.5695e-8,9.99407e-9,9.99407e-9,4.43905e-8,0.175376
14,576,1.17336e-11,1.77351e-12,1.77351e-12,1.31776e-11,-0.653983
14,577,216.667,167.943,167.943,169.647,1.65408
14,578,357.34,285.128,285.128,290.587,1.37092
14,581,414.831,295.821,295.821,312.436,1.95584
14,583,204.657,144.03,144.03,158.784,1.72412
14,600,0.594034,0.317365,0.317365,0.503727,1.0699
14,624,0.000158631,5.63185e-5,5.63185e-5,0.000149535,0.363025
14,648,4.40766e-8,9.99407e-9,9.99407e-9,4.43905e-8,-0.0422063
15,0,0,0,0,0,0
15,1,5.42195,3.73206,3.73206,4.12729,1.872
15,2,9.58685,6.33618,6.33618,7.681,1.48076
15,5,14.2826,6.5738,6.5738,11.5166,1.43331
15,7,10.2165,3.20067,3.20067,8.53802,1.17317
15,24,0.641583,0.00705257,0.00705257,0.670867,-0.2605
15,48,0.0189595,1.25152e-6,1.25152e-6,0.018494,0.150233
15,72,0.000575431,2.2209e-10,2.2209e-10,0.000509829,0.76791
15,96,1.42019e-5,3.94113e-14,3.94113e-14,1.40546e-5,0.0625351
15,97,22.9946,18.6603,18.6603,20.6365,0.681953
15,98,43.3114,31.6809,31.6809,38.405,0.762418
15,101,70.5236,32.869,32.869,57.583,1.34115
15,103,51.4623,16.0033,16.0033,42.6901,1.2263
15,120,4.12372,0.0352628,0.0352628,3.35433,1.36885
15,144,0.0993191,6.25761e-6,6.25761e-6,0.0924699,0.442036
15,168,0.00266983,1.11045e-9,1.11045e-9,0.00254914,0.282532
15,192,7.23822e-5,1.97057e-13,1.97057e-13,7.0273e-5,0.179125
15,193,47.1252,37.3206,37.3206,41.273,0.846191
15,194,68.5604,63.3618,63.3618,76.81,-0.640965
15,197,129.711,65.738,65.738,115.166,0.753709
15,199,110.349,32.0067,32.0067,85.3802,1.74522
15,216,6.25162,0.0705257,0.0705257,6.70867,-0.406573
15,240,0.184145,1.25152e-5,1.25152e-5,0.18494,-0.025632
15,264,0.0046993,2.2209e-9,2.2209e-9,0.00509829,-0.467036
15,288,0.000135531,3.94113e-13,3.94113e-13,0.000140546,-0.212954
15,289,215.929,167.943,167.943,185.728,0.970396
15,290,364.485,285.128,285.128,345.645,0.325278
15,293,524.853,295.821,295.821,518.247,0.0760679
15,295,464.126,144.03,144.03,384.211,1.24129
15,312,32.6585,0.317365,0.317365,30.189,0.488169
15,336,0.812088,5.63185e-5,5.63185e-5,0.832229,-0.144429
15,360,0.0255236,9.99407e-9,9.99407e-9,0.0229423,0.67145
16,0,0,0,0,0,0
16,1,4.20124,3.73206,3.73206,3.77287,0.677576
16,2,8.54212,6.33618,6.33618,6.46696,1.915
16,5,7.43523,6.5738,6.5738,6.97245,0.396107
16,7,5.10542,3.20067,3.20067,3.5552,2.60223
16,24,0.00978579,0.00705257,0.00705257,0.0115993,-0.933048
16,48,3.11765e-6,1.25152e-6,1.25152e-6,3.58241e-6,-0.774223
16,72,1.18083e-9,2.2209e-10,2.2209e-10,1.10641e-9,0.401384
16,96,2.68946e-13,3.94113e-14,3.94113e-14,3.41712e-13,-1.27083
16,97,21.0303,18.6603,18.6603,18.8644,0.685204
16,98,36.3448,31.6809,31.6809,32.3348,0.740099
16,101,34.878,32.869,32.869,34.8622,0.0027049
16,103,18.9416,16.0033,16.0033,17.776,0.391324
16,120,0.0579631,0.0352628,0.0352628,0.0579965,-0.00343831
16,144,1.80203e-5,6.25761e-6,6.25761e-6,1.7912e-5,0.0360758
16,168,5.46211e-9,1.11045e-9,1.11045e-9,5.53207e-9,-0.0754732
16,192,1.68764e-12,1.97057e-13,1.97057e-13,1.70856e-12,-0.0730915
16,193,41.1373,37.3206,37.3206,37.7287,0.539162
16,194,63.486,63.3618,63.3618,64.6696,-0.109225
16,197,75.4491,65.738,65.738,69.7245,0.489983
16,199,39.7509,32.0067,32.0067,35.552,0.704831
16,216,0.149844,0.0705257,0.0705257,0.115993,1.74164
16,240,4.27765e-5,1.25152e-5,1.25152e-5,3.58241e-5,1.15818
16,264,1.20343e-8,2.2209e-9,2.2209e-9,1.10641e-8,0.523305
16,288,3.4681e-12,3.94113e-13,3.94113e-13,3.41712e-12,0.0890318
16,289,210.916,167.943,167.943,169.779,1.44596
16,290,348.425,285.128,285.128,291.013,1.17736
16,293,316.876,295.821,295.821,313.76,0.0592614
16,295,178.145,144.03,144.03,159.984,0.677474
16,312,0.478709,0.317365,0.317365,0.521968,-0.494594
16,336,0.000169582,5.63185e-5,5.63185e-5,0.000161208,0.310003
16,360,5.13854e-8,9.99407e-9,9.99407e-9,4.97886e-8,0.191388
16,384,1.7469e-11,1.77351e-12,1.77351e-12,1.53771e-11,0.811868
16,385,176.255,167.943,167.943,169.779,0.227635
16,386,335.464,285.128,285.128,291.013,0.911551
16,389,394.532,295.821,295.821,313.76,1.53631
16,391,194.865,144.03,144.03,159.984,1.30114
16,408,0.598626,0.317365,0.317365,0.521968,0.876448
16,432,0.000172347,5.63185e-5,5.63185e-5,0.000161208,0.412351
16,456,4.42241e-8,9.99407e-9,9.99407e-9,4.97886e-8,-0.666984
16,480,1.39714e-11,1.77351e-12,1.77351e-12,1.53771e-11,-0.545546
16,481,211.933,167.943,167.943,169.779,1.48174
16,482,338.585,285.128,285.128,291.013,0.975564
16,485,385.903,295.821,295.821,313.76,1.37217
16,487,185.775,144.03,144.03,159.984,0.962068
16,504,0.626692,0.317365,0.317365,0.521968,1.19734
16,528,0.000157745,5.63185e-5,5.63185e-5,0.000161208,-0.128195
16,552,4.98713e-8,9.99407e-9,9.99407e-9,4.97886e-8,0.00990821
16,576,1.37775e-11,1.77351e-12,1.77351e-12,1.53771e-11,-0.620798
16,577,155.417,167.943,167.943,169.779,-0.504838
16,578,352.169,285.128,285.128,291.013,1.25413
16,581,355.781,295.821,295.821,313.76,0.799251
16,583,194.744,144.03,144.03,159.984,1.29663
16,600,0.586774,0.317365,0.317365,0.521968,0.740942
16,624,0.000187004,5.63185e-5,5.63185e-5,0.000161208,0.954943
16,648,5.85791e-8,9.99407e-9,9.99407e-9,4.97886e-8,1.05365
17,0,0,0,0,0,0
17,1,4.56259,3.73206,3.73206,3.82153,1.15725
17,2,8.53961,6.33618,6.33618,6.62528,1.72435
17,5,8.31599,6.5738,6.5738,7.47724,0.669432
17,7,4.16729,3.20067,3.20067,4.02482,0.211245
17,24,0.0235704,0.00705257,0.00705257,0.0208109,0.791328
17,48,1.43499e-5,1.25152e-6,1.25152e-6,1.23127e-5,0.987406
17,72,6.87487e-9,2.2209e-10,2.2209e-10,7.2848e-9,-0.335822
17,96,4.00506e-12,3.94113e-14,3.94113e-14,4.31003e-12,-0.42227
17,97,20.3254,18.6603,18.6603,19.1077,0.380326
17,98,36.7582,31.6809,31.6809,33.1264,0.654281
17,101,42.085,32.869,32.869,37.3862,0.750041
17,103,22.9497,16.0033,16.0033,20.1241,0.83792
17,120,0.130749,0.0352628,0.0352628,0.104055,1.53102
17,144,6.90751e-5,6.25761e-6,6.25761e-6,6.15637e-5,0.728134
17,168,4.2983e-8,1.11045e-9,1.11045e-9,3.6424e-8,1.07465
17,192,2.19454e-11,1.97057e-13,1.97057e-13,2.15502e-11,0.109464
17,193,38.4615,37.3206,37.3206,38.2153,0.0384541
17,194,80.1949,63.3618,63.3618,66.2528,1.25585
17,197,74.9535,65.738,65.738,74.7724,0.014455
17,199,58.6694,32.0067,32.0067,40.2482,2.73141
17,216,0.193525,0.0705257,0.0705257,0.208109,-0.418221
17,240,0.000126315,1.25152e-5,1.25152e-5,0.000123127,0.154506
17,264,6.89901e-8,2.2209e-9,2.2209e-9,7.2848e-8,-0.316042
17,288,4.03575e-11,3.94113e-13,3.94113e-13,4.31003e-11,-0.379777
17,289,171.273,167.943,167.943,171.969,-0.0241389
17,290,366.091,285.128,285.128,298.138,1.36022
17,293,384.463,295.821,295.821,336.476,0.851102
17,295,207.582,144.03,144.03,181.117,0.872025
17,312,1.02135,0.317365,0.317365,0.936492,0.540784
17,336,0.00060479,5.63185e-5,5.63185e-5,0.000554073,0.54626
17,360,2.92194e-7,9.99407e-9,9.99407e-9,3.27816e-7,-0.648483
17,384,1.55605e-10,1.77351e-12,1.77351e-12,1.93951e-10,-1.17989
17,385,188.149,167.943,167.943,171.969,0.561508
17,386,335.304,285.128,285.128,298.138,0.743945
17,389,389.119,295.821,295.821,336.476,0.933682
17,391,191.948,144.03,144.03,181.117,0.356865
17,408,1.12087,0.317365,0.317365,0.936492,1.17493
17,432,0.000627841,5.63185e-5,5.63185e-5,0.000554073,0.794539
17,456,3.37989e-7,9.99407e-9,9.99407e-9,3.27816e-7,0.185194
17,480,1.74264e-10,1.77351e-12,1.77351e-12,1.93951e-10,-0.605786
17,481,180.283,167.943,167.943,171.969,0.288521
17,482,352.879,285.128,285.128,298.138,1.09576
17,485,380.74,295.821,295.821,336.476,0.785073
17,487,198.151,144.03,144.03,181.117,0.561258
17,504,1.06003,0.317365,0.317365,0.936492,0.787272
17,528,0.000551813,5.63185e-5,5.63185e-5,0.000554073,-0.024341
17,552,2.88185e-7,9.99407e-9,9.99407e-9,3.27816e-7,-0.721478
17,576,1.99713e-10,1.77351e-12,1.77351e-12,1.93951e-10,0.17729
17,577,201.716,167.943,167.943,171.969,1.0323
17,578,327.102,285.128,285.128,298.138,0.579767
17,581,476.008,295.821,295.821,336.476,2.47477
17,583,198.435,144.03,144.03,181.117,0.570614
17,600,0.947434,0.317365,0.317365,0.936492,0.0697315
17,624,0.000511134,5.63185e-5,5.63185e-5,0.000554073,-0.462485
17,648,4.00469e-7,9.99407e-9,9.99407e-9,3.27816e-7,1.32263
18,0,0,0,0,0,0
18,1,4.08451,3.73206,3.73206,3.24896,1.53477
18,2,5.93865,6.33618,6.33618,4.92348,1.2305
18,5,3.26319,6.5738,6.5738,3.21162,0.0958126
18,7,0.927897,3.20067,3.20067,0.853124,0.523057
18,24,1.18611e-5,0.00705257,0.00705257,1.09008e-5,0.525768
18,48,1.30358e-12,1.25152e-6,1.25152e-6,1.34558e-12,-0.186293
18,72,1.35206e-19,2.2209e-10,2.2209e-10,1.66097e-19,-0.000139123
18,96,1.63771e-26,3.94113e-14,3.94113e-14,2.05029e-26,-1.85807e-11
18,97,22.2439,18.6603,18.6603,16.2448,2.20386
18,98,30.1999,31.6809,31.6809,24.6174,1.35333
18,101,19.0388,32.869,32.869,16.0581,1.10774
18,103,4.94193,16.0033,16.0033,4.26562,0.94619
18,120,6.23744e-5,0.0352628,0.0352628,5.45039e-5,0.861767
18,144,6.97819e-12,6.25761e-6,6.25761e-6,6.72791e-12,0.222009
18,168,7.39365e-19,1.11045e-9,1.11045e-9,8.30486e-19,-0.000410375
18,192,8.55777e-26,1.97057e-13,1.97057e-13,1.02514e-25,-7.62762e-11
18,193,41.9774,37.3206,37.3206,32.4896,1.74276
18,194,62.1194,63.3618,63.3618,49.2348,1.56176
18,197,33.5429,65.738,65.738,32.1162,0.265106
18,199,9.70076,32.0067,32.0067,8.53124,0.818108
18,216,0.000111332,0.0705257,0.0705257,0.000109008,0.127243
18,240,1.02289e-11,1.25152e-5,1.25152e-5,1.34558e-11,-1.43119
18,264,1.32003e-18,2.2209e-9,2.2209e-9,1.66097e-18,-0.00153547
18,288,1.50825e-25,3.94113e-13,3.94113e-13,2.05029e-25,-2.44112e-10
18,289,145.817,167.943,167.943,146.203,-0.0157613
18,290,269.777,285.128,285.128,221.556,1.29885
18,293,171.971,295.821,295.821,144.523,1.13342
18,295,43.1648,144.03,144.03,38.3906,0.742152
18,312,0.000403916,0.317365,0.317365,0.000490535,-1.0538
18,336,6.31508e-11,5.63185e-5,5.63185e-5,6.05512e-11,0.256217
18,360,5.91872e-18,9.99407e-9,9.99407e-9,7.47438e-18,-0.00700603
18,384,7.89128e-25,1.77351e-12,1.77351e-12,9.22629e-25,-6.01238e-10
18,385,149.115,167.943,167.943,146.203,0.118859
18,386,269.563,285.128,285.128,221.556,1.2931
18,389,158.96,295.821,295.821,144.523,0.596146
18,391,34.8874,144.03,144.03,38.3906,-0.544569
18,408,0.000506765,0.317365,0.317365,0.000490535,0.197455
18,432,5.90113e-11,5.63185e-5,5.63185e-5,6.05512e-11,-0.151762
18,456,6.41012e-18,9.99407e-9,9.99407e-9,7.47438e-18,-0.004793
18,480,7.96715e-25,1.77351e-12,1.77351e-12,9.22629e-25,-5.67068e-10
18,481,151.051,167.943,167.943,146.203,0.197872
18,482,275.249,285.128,285.128,221.556,1.44625
18,485,185.875,295.821,295.821,144.523,1.70756
18,487,41.4399,144.03,144.03,38.3906,0.47401
18,504,0.000533374,0.317365,0.317365,0.000490535,0.521175
18,528,6.07974e-11,5.63185e-5,5.63185e-5,6.05512e-11,0.0242667
18,552,7.48139e-18,9.99407e-9,9.99407e-9,7.47438e-18,3.15709e-5
18,576,7.68517e-25,1.77351e-12,1.77351e-12,9.22629e-25,-6.9406e-10
18,577,205.925,167.943,167.943,146.203,2.43777
18,578,268.998,285.128,285.128,221.556,1.27787
18,581,163.199,295.821,295.821,144.523,0.771201
18,583,49.938,144.03,144.03,38.3906,1.79505
18,600,0.000583346,0.317365,0.317365,0.000490535,1.12913
18,624,6.4974e-11,5.63185e-5,5.63185e-5,6.05512e-11,0.435907
18,648,6.39511e-18,9.99407e-9,9.99407e-9,7.47438e-18,-0.00486059
19,0,0,0,0,0,0
19,1,18.2513,18.6603,18.6603,15.4282,1.09203
19,2,24.1909,31.6809,31.6809,22.5011,0.448179
19,5,16.3678,32.869,32.869,12.4833,1.85703
19,7,2.41694,16.0033,16.0033,2.62356,-0.469999
19,24,5.27311e-6,0.0352628,0.0352628,4.57798e-6,0.906163
19,48,3.61802e-14,6.25761e-6,6.25761e-6,3.39958e-14,0.383457
19,72,1.78419e-22,1.11045e-9,1.11045e-9,2.52451e-22,-3.33411e-7
19,96,1.55886e-30,1.97057e-13,1.97057e-13,1.87469e-30,-1.42235e-15
19,97,33.2532,37.3206,37.3206,30.8564,0.463557
19,98,54.2308,63.3618,63.3618,45.0021,1.22383
19,101,28.7647,65.738,65.738,24.9666,0.90787
19,103,6.1347,32.0067,32.0067,5.24713,1.00948
19,120,9.38657e-6,0.0705257,0.0705257,9.15597e-6,0.150309
19,144,6.11435e-14,1.25152e-5,1.25152e-5,6.79917e-14,-0.601082
19,168,4.42658e-22,2.2209e-9,2.2209e-9,5.04902e-22,-2.80323e-7
19,192,3.61971e-30,3.94113e-13,3.94113e-13,3.74938e-30,-5.83984e-16
19,193,96.4343,93.3016,93.3016,77.1409,1.49258
19,194,139.448,158.405,158.405,112.505,1.42917
19,197,85.2056,164.345,164.345,62.4165,2.17894
19,199,13.9545,80.0167,80.0167,13.1178,0.380631
19,216,2.5405e-5,0.176314,0.176314,2.28899e-5,0.655732
19,240,1.39604e-13,3.12881e-5,3.12881e-5,1.69979e-13,-1.06644
19,264,1.0935e-21,5.55226e-9,5.55226e-9,1.26226e-21,-7.60008e-7
19,288,7.05667e-30,9.85284e-13,9.85284e-13,9.37344e-30,-1.04338e-14
19,289,231.559,279.905,279.905,231.423,0.00352389
19,290,377.487,475.214,475.214,337.516,0.706752
19,293,219.224,493.035,493.035,187.249,1.01908
19,295,33.6031,240.05,240.05,39.3535,-0.872025
19,312,8.66755e-5,0.528942,0.528942,6.86697e-5,1.56481
19,336,5.34463e-13,9.38642e-5,9.38642e-5,5.09938e-13,0.287025
19,360,3.68286e-21,1.66568e-8,1.66568e-8,3.78677e-21,-4.67982e-7
19,384,2.35008e-29,2.95585e-12,2.95585e-12,2.81203e-29,-2.08047e-14
19,385,267.971,279.905,279.905,231.423,0.942481
19,386,370.175,475.214,475.214,337.516,0.577476
19,389,229.752,493.035,493.035,187.249,1.35461
19,391,38.8076,240.05,240.05,39.3535,-0.082782
19,408,7.7614e-5,0.528942,0.528942,6.86697e-5,0.777313
19,432,4.0795e-13,9.38642e-5,9.38642e-5,5.09938e-13,-1.19357
19,456,2.90558e-21,1.66568e-8,1.66568e-8,3.78677e-21,-3.96852e-6
19,480,2.29896e-29,2.95585e-12,2.95585e-12,2.81203e-29,-2.31065e-14
19,481,262.86,279.905,279.905,231.423,0.810691
19,482,341.433,475.214,475.214,337.516,0.0692546
19,485,195.4,493.035,493.035,187.249,0.259774
19,487,46.0515,240.05,240.05,39.3535,1.01573
19,504,6.85625e-5,0.528942,0.528942,6.86697e-5,-0.0093193
19,528,4.69056e-13,9.38642e-5,9.38642e-5,5.09938e-13,-0.478433
19,552,2.78754e-21,1.66568e-8,1.66568e-8,3.78677e-21,-4.50012e-6
19,576,2.18442e-29,2.95585e-12,2.95585e-12,2.81203e-29,-2.8265e-14
19,577,261.964,279.905,279.905,231.423,0.787587
19,578,453.207,475.214,475.214,337.516,2.0456
19,581,209.951,493.035,493.035,187.249,0.723535
19,583,45.7846,240.05,240.05,39.3535,0.975259
19,600,8.25023e-5,0.528942,0.528942,6.86697e-5,1.20213
19,624,5.02595e-13,9.38642e-5,9.38642e-5,5.09938e-13,-0.0859329
19,648,2.94223e-21,1.66568e-8,1.66568e-8,3.78677e-21,-3.80346e-6
20,0,0,0,0,0,0
20,1,20.2459,18.6603,18.6603,19.0868,0.362389
20,2,33.7305,31.6809,31.6809,33.0582,0.121356
20,5,43.6818,32.869,32.869,37.1639,1.04666
20,7,24.5889,16.0033,16.0033,19.9127,1.40144
20,24,0.102288,0.0352628,0.0352628,0.0990177,0.197084
20,48,5.83802e-5,6.25761e-6,6.25761e-6,5.54407e-5,0.316418
20,72,3.86362e-8,1.11045e-9,1.11045e-9,3.10416e-8,1.46008
20,96,1.74607e-11,1.97057e-13,1.97057e-13,1.73804e-11,0.0275751
20,97,40.0538,37.3206,37.3206,38.1737,0.293922
20,98,82.0387,63.3618,63.3618,66.1164,1.43718
20,101,86.0059,65.738,65.738,74.3278,0.93764
20,103,48.6135,32.0067,32.0067,39.8255,1.31687
20,120,0.216064,0.0705257,0.0705257,0.198035,0.543285
20,144,0.000121769,1.25152e-5,1.25152e-5,0.000110881,0.58601
20,168,6.06725e-8,2.2209e-9,2.2209e-9,6.20832e-8,-0.135609
20,192,3.6761e-11,3.94113e-13,3.94113e-13,3.47608e-11,0.3434
20,193,101.83,93.3016,93.3016,95.4342,0.399956
20,194,201.684,158.405,158.405,165.291,1.31395
20,197,204.981,164.345,164.345,185.82,0.615382
20,199,106.388,80.0167,80.0167,99.5637,0.409059
20,216,0.538364,0.176314,0.176314,0.495089,0.521645
20,240,0.000305603,3.12881e-5,3.12881e-5,0.000277203,0.611413
20,264,1.57658e-7,5.55226e-9,5.55226e-9,1.55208e-7,0.0941906
20,288,9.04172e-11,9.85284e-13,9.85284e-13,8.69021e-11,0.241393
20,289,287.625,279.905,279.905,286.303,0.027569
20,290,624.631,475.214,475.214,495.873,1.54959
20,293,628.143,493.035,493.035,557.459,0.756707
20,295,351.536,240.05,240.05,298.691,1.05584
20,312,1.79162,0.528942,0.528942,1.48527,1.23093
20,336,0.00107945,9.38642e-5,9.38642e-5,0.00083161,1.77855
20,360,4.36113e-7,1.66568e-8,1.66568e-8,4.65624e-7,-0.378237
20,384,2.35325e-10,2.95585e-12,2.95585e-12,2.60706e-10,-0.580994
20,385,416.831,279.905,279.905,286.303,2.72079
20,386,543.072,475.214,475.214,495.873,0.568039
20,389,721.905,493.035,493.035,557.459,1.76047
20,391,398.532,240.05,240.05,298.691,1.99481
20,408,1.76153,0.528942,0.528942,1.48527,1.11004
20,432,0.000799402,9.38642e-5,9.38642e-5,0.00083161,-0.231134
20,456,4.69544e-7,1.66568e-8,1.66568e-8,4.65624e-7,0.0502428
20,480,3.01875e-10,2.95585e-12,2.95585e-12,2.60706e-10,0.942389
20,481,309.726,279.905,279.905,286.303,0.488246
20,482,492.116,475.214,475.214,495.873,-0.0452135
20,485,629.98,493.035,493.035,557.459,0.776372
20,487,296.315,240.05,240.05,298.691,-0.047471
20,504,1.6546,0.528942,0.528942,1.48527,0.680368
20,528,0.000691246,9.38642e-5,9.38642e-5,0.00083161,-1.00729
20,552,5.12987e-7,1.66568e-8,1.66568e-8,4.65624e-7,0.607036
21,0,0,0,0,0,0
21,1,25.1673,18.6603,18.6603,19.9473,1.5617
21,2,41.9908,31.6809,31.6809,35.9599,1.00086
21,5,56.1733,32.869,32.869,47.4685,1.09438
21,7,29.9708,16.0033,16.0033,30.5888,-0.120579
21,24,0.678441,0.0352628,0.0352628,0.730125,-0.422446
21,48,0.00404251,6.25761e-6,6.25761e-6,0.00374353,0.476636
21,72,1.85965e-5,1.11045e-9,1.11045e-9,1.9194e-5,-0.18575
22,0,0,0,0,0,0
22,1,3.40036,3.73206,3.73206,3.4182,-0.0311572
22,2,6.40432,6.33618,6.33618,5.3905,1.1224
22,5,4.52905,6.5738,6.5738,4.14581,0.551671
22,7,1.83678,3.20067,3.20067,1.38025,1.97389
22,24,0.000138941,0.00705257,0.00705257,0.000120205,0.9302
22,48,2.24549e-10,1.25152e-6,1.25152e-6,2.22899e-10,0.0441853
22,72,4.68521e-16,2.2209e-10,2.2209e-10,4.13327e-16,0.248573
22,96,5.84e-22,3.94113e-14,3.94113e-14,7.66441e-22,-8.21642e-7
22,97,20.4272,18.6603,18.6603,17.091,1.16492
22,98,30.7612,31.6809,31.6809,26.9525,0.843335
22,101,28.2159,32.869,32.869,20.7291,2.15545
22,103,8.03088,16.0033,16.0033,6.90126,0.976829
22,120,0.000693855,0.0352628,0.0352628,0.000601025,0.921745
22,144,8.82492e-10,6.25761e-6,6.25761e-6,1.1145e-9,-1.24231
22,168,1.90523e-15,1.11045e-9,1.11045e-9,2.06663e-15,-0.466093
22,192,2.84269e-21,1.97057e-13,1.97057e-13,3.83221e-21,-4.45639e-6
22,193,33.9631,37.3206,37.3206,34.182,-0.0382121
22,194,61.204,63.3618,63.3618,53.905,0.808077
22,197,53.6247,65.738,65.738,41.4581,1.75136
22,199,17.0787,32.0067,32.0067,13.8025,1.41655
22,216,0.00131003,0.0705257,0.0705257,0.00120205,0.53607
22,240,2.34121e-9,1.25152e-5,1.25152e-5,2.22899e-9,0.300456
22,264,4.42423e-15,2.2209e-9,2.2209e-9,4.13327e-15,0.420102
22,288,6.03426e-21,3.94113e-13,3.94113e-13,7.66441e-21,-7.34155e-6
22,289,183.87,167.943,167.943,153.819,1.16589
22,290,290.597,285.128,285.128,242.572,1.18152
22,293,205.998,295.821,295.821,186.561,0.621756
22,295,77.1986,144.03,144.03,62.1113,1.44963
22,312,0.00501075,0.317365,0.317365,0.00540923,-0.439628
22,336,1.05335e-8,5.63185e-5,5.63185e-5,1.00305e-8,0.299321
22,360,1.67176e-14,9.99407e-9,9.99407e-9,1.85997e-14,-0.603884
23,0,0,0,0,0,0
23,1,4.80378,3.73206,3.73206,3.9347,1.31814
23,2,9.16835,6.33618,6.33618,7.00372,1.84447
23,5,11.4808,6.5738,6.5738,8.78625,1.83023
23,7,6.1524,3.20067,3.20067,5.34537,0.90101
23,24,0.0813411,0.00705257,0.00705257,0.0782446,0.236173
23,48,0.000248426,1.25152e-6,1.25152e-6,0.000201159,1.40229
23,72,5.49786e-7,2.2209e-10,2.2209e-10,5.17159e-7,0.376503
23,96,1.08379e-9,3.94113e-14,3.94113e-14,1.32956e-9,-1.10316
23,97,23.2158,18.6603,18.6603,19.6735,1.07454
23,98,35.6044,31.6809,31.6809,35.0186,0.0998324
23,101,49.6677,32.869,32.869,43.9313,0.779267
23,103,27.0537,16.0033,16.0033,26.7268,0.0729879
23,120,0.499108,0.0352628,0.0352628,0.391223,1.6457
23,144,0.00109746,6.25761e-6,6.25761e-6,0.00100579,0.543889
23,168,2.64767e-6,1.11045e-9,1.11045e-9,2.5858e-6,0.14279
23,192,7.11835e-9,1.97057e-13,1.97057e-13,6.64782e-9,0.422397
23,193,50.9136,37.3206,37.3206,39.347,1.75432
23,194,84.6056,63.3618,63.3618,70.0372,1.24137
23,197,115.847,65.738,65.738,87.8625,1.90078
23,199,63.1887,32.0067,32.0067,53.4537,1.08687
23,216,0.828978,0.0705257,0.0705257,0.782446,0.354909
23,240,0.00174657,1.25152e-5,1.25152e-5,0.00201159,-0.786226
23,264,5.22776e-6,2.2209e-9,2.2209e-9,5.17159e-6,0.0648084
23,288,1.21628e-8,3.94113e-13,3.94113e-13,1.32956e-8,-0.508495
23,289,219.7,167.943,167.943,177.062,1.43711
23,290,445.079,285.128,285.128,315.167,2.45993
23,293,482.496,295.821,295.821,395.381,1.31489
23,295,273.097,144.03,144.03,240.541,0.807693
23,312,4.11499,0.317365,0.317365,3.52101,1.00676
23,336,0.00927332,5.63185e-5,5.63185e-5,0.00905215,0.145806
23,360,2.10757e-5,9.99407e-9,9.99407e-9,2.32722e-5,-0.563248
23,384,5.45625e-8,1.77351e-12,1.77351e-12,5.98304e-8,-0.525447
23,385,170.759,167.943,167.943,177.062,-0.212423
23,386,392.863,285.128,285.128,315.167,1.4712
23,389,505.68,295.821,295.821,395.381,1.66483
23,391,275.175,144.03,144.03,240.541,0.859255
23,408,4.1498,0.317365,0.317365,3.52101,1.06575
23,432,0.0105068,5.63185e-5,5.63185e-5,0.00905215,0.95899
23,456,2.38902e-5,9.99407e-9,9.99407e-9,2.32722e-5,0.158471
23,480,5.05513e-8,1.77351e-12,1.77351e-12,5.98304e-8,-0.92555
23,481,205.186,167.943,167.943,177.062,0.947933
23,482,358.087,285.128,285.128,315.167,0.812704
23,485,550.581,295.821,295.821,395.381,2.34255
23,487,257.53,144.03,144.03,240.541,0.42149
23,504,3.97232,0.317365,0.317365,3.52101,0.764939
23,528,0.0102645,5.63185e-5,5.63185e-5,0.00905215,0.799245
23,552,2.50978e-5,9.99407e-9,9.99407e-9,2.32722e-5,0.468165
23,576,5.20067e-8,1.77351e-12,1.77351e-12,5.98304e-8,-0.780383
23,577,146.793,167.943,167.943,177.062,-1.0202
23,578,414.602,285.128,285.128,315.167,1.88284
23,581,347.349,295.821,295.821,395.381,-0.725
23,583,285.166,144.03,144.03,240.541,1.10713
23,600,3.94032,0.317365,0.317365,3.52101,0.710701
23,624,0.0080603,5.63185e-5,5.63185e-5,0.00905215,-0.653898
23,648,2.50628e-5,9.99407e-9,9.99407e-9,2.32722e-5,0.459173
24,0,0,0,0,0,0
24,1,3.72241,3.73206,3.73206,3.75664,-0.0543795
24,2,6.63534,6.33618,6.33618,6.41472,0.205251
24,5,8.57756,6.5738,6.5738,6.81124,1.5476
24,7,3.95479,3.20067,3.20067,3.41007,0.95329
24,24,0.0119819,0.00705257,0.00705257,0.0095242,1.54001
24,48,2.17476e-6,1.25152e-6,1.25152e-6,2.36197e-6,-0.473
24,72,5.76054e-10,2.2209e-10,2.2209e-10,5.85759e-10,-0.0988728
24,96,1.7014e-13,3.94113e-14,3.94113e-14,1.45266e-13,1.02188
24,97,24.8079,18.6603,18.6603,18.7832,1.91416
24,98,35.5055,31.6809,31.6809,32.0736,0.638562
24,101,35.0877,32.869,32.869,34.0562,0.180746
24,103,19.4789,16.0033,16.0033,17.0504,0.850029
24,120,0.0491161,0.0352628,0.0352628,0.047621,0.187359
24,144,1.4303e-5,6.25761e-6,6.25761e-6,1.18098e-5,1.25986
24,168,3.42363e-9,1.11045e-9,1.11045e-9,2.92879e-9,1.0083
24,192,5.79331e-13,1.97057e-13,1.97057e-13,7.2633e-13,-1.2078
24,193,38.1565,37.3206,37.3206,37.5664,0.0937478
24,194,82.871,63.3618,63.3618,64.1472,1.74194
24,197,75.9935,65.738,65.738,68.1124,0.690518
24,199,41.8595,32.0067,32.0067,34.1007,1.35783
24,216,0.112132,0.0705257,0.0705257,0.095242,1.05833
24,240,2.28076e-5,1.25152e-5,1.25152e-5,2.36197e-5,-0.20519
24,264,5.52398e-9,2.2209e-9,2.2209e-9,5.85759e-9,-0.339887
24,288,1.27376e-12,3.94113e-13,3.94113e-13,1.45266e-12,-0.734941
24,289,208.217,167.943,167.943,169.049,1.38272
24,290,373.855,285.128,285.128,288.662,1.76129
24,293,383.54,295.821,295.821,306.506,1.49989
24,295,161.804,144.03,144.03,153.453,0.324749
24,312,0.428857,0.317365,0.317365,0.428589,0.00373301
24,336,0.000122411,5.63185e-5,5.63185e-5,0.000106288,0.90522
24,360,2.44985e-8,9.99407e-9,9.99407e-9,2.63591e-8,-0.421248
24,384,6.34909e-12,1.77351e-12,1.77351e-12,6.53697e-12,-0.171519
24,385,189.567,167.943,167.943,169.049,0.724353
24,386,361.858,285.128,285.128,288.662,1.51326
24,389,323.826,295.821,295.821,306.506,0.337223
24,391,166.766,144.03,144.03,153.453,0.517755
24,408,0.458664,0.317365,0.317365,0.428589,0.418771
24,432,9.5584e-5,5.63185e-5,5.63185e-5,0.000106288,-0.601027
24,456,2.5504e-8,9.99407e-9,9.99407e-9,2.63591e-8,-0.193597
24,480,6.19234e-12,1.77351e-12,1.77351e-12,6.53697e-12,-0.314625
24,481,199.243,167.943,167.943,169.049,1.06593
24,482,417.379,285.128,285.128,288.662,2.66109
24,485,340.227,295.821,295.821,306.506,0.656556
24,487,170.731,144.03,144.03,153.453,0.671941
24,504,0.496422,0.317365,0.317365,0.428589,0.94453
24,528,0.000119622,5.63185e-5,5.63185e-5,0.000106288,0.748634
24,552,3.03274e-8,9.99407e-9,9.99407e-9,2.63591e-8,0.898438
24,576,6.30946e-12,1.77351e-12,1.77351e-12,6.53697e-12,-0.207697
24,577,216.38,167.943,167.943,169.049,1.67091
24,578,338.686,285.128,285.128,288.662,1.03418
24,581,419.481,295.821,295.821,306.506,2.19967
24,583,171.266,144.03,144.03,153.453,0.69274
24,600,0.489281,0.317365,0.317365,0.428589,0.845096
24,624,0.000110444,5.63185e-5,5.63185e-5,0.000106288,0.233328
24,648,2.21902e-8,9.99407e-9,9.99407e-9,2.63591e-8,-0.943854
25,0,0,0,0,0,0
25,1,4.20276,3.73206,3.73206,3.43742,1.32874
25,2,7.11289,6.33618,6.33618,5.44539,1.82747
25,5,4.37042,6.5738,6.5738,4.26639,0.145513
25,7,1.69586,3.20067,3.20067,1.45584,0.983914
25,24,0.000169851,0.00705257,0.00705257,0.000156338,0.515826
25,48,3.9408e-10,1.25152e-6,1.25152e-6,3.89672e-10,0.0675043
25,72,8.8816e-16,2.2209e-10,2.2209e-10,9.71258e-16,-0.374241
25,96,2.07702e-21,3.94113e-14,3.94113e-14,2.42086e-21,-1.54852e-6
25,97,18.0665,18.6603,18.6603,17.1871,0.305367
25,98,35.3913,31.6809,31.6809,27.227,1.78951
25,101,23.473,32.869,32.869,21.332,0.59898
25,103,7.58516,16.0033,16.0033,7.2792,0.250837
25,120,0.000873846,0.0352628,0.0352628,0.000781689,0.703575
25,144,1.65814e-9,6.25761e-6,6.25761e-6,1.94836e-9,-0.88893
25,168,4.70197e-15,1.11045e-9,1.11045e-9,4.85629e-15,-0.189648
25,192,8.29545e-21,1.97057e-13,1.97057e-13,1.21043e-20,-1.71536e-5
25,193,35.7038,37.3206,37.3206,34.3742,0.230834
25,194,58.0816,63.3618,63.3618,54.4539,0.397563
25,197,59.0751,65.738,65.738,42.6639,2.29559
25,199,16.5934,32.0067,32.0067,14.5584,0.83418
25,216,0.00167689,0.0705257,0.0705257,0.00156338,0.433293
25,240,4.88057e-9,1.25152e-5,1.25152e-5,3.89672e-9,1.50676
25,264,1.11535e-14,2.2209e-9,2.2209e-9,9.71258e-15,0.885349
25,288,2.07685e-20,3.94113e-13,3.94113e-13,2.42086e-20,-1.54932e-5
25,289,177.289,167.943,167.943,154.684,0.87213
25,290,312.327,285.128,285.128,245.043,1.63866
25,293,208.03,295.821,295.821,191.988,0.498675
25,295,55.5965,144.03,144.03,65.5128,-0.903309
25,312,0.00866727,0.317365,0.317365,0.0070352,1.38446
25,336,1.81516e-8,5.63185e-5,5.63185e-5,1.75352e-8,0.209773
25,360,4.5143e-14,9.99407e-9,9.99407e-9,4.37066e-14,0.19612
25,384,9.66411e-20,1.77351e-12,1.77351e-12,1.08939e-19,-5.53841e-5
25,385,193.322,167.943,167.943,154.684,1.4907
25,386,257.077,285.128,285.128,245.043,0.293087
25,389,228.486,295.821,295.821,191.988,1.13453
25,391,71.6932,144.03,144.03,65.5128,0.563001
25,408,0.00789397,0.317365,0.317365,0.0070352,0.728483
25,432,1.86762e-8,5.63185e-5,5.63185e-5,1.75352e-8,0.388322
25,456,4.35812e-14,9.99407e-9,9.99407e-9,4.37066e-14,-0.017124
25,480,8.70725e-20,1.77351e-12,1.77351e-12,1.08939e-19,-9.84776e-5
25,481,202.549,167.943,167.943,154.684,1.84667
25,482,271.527,285.128,285.128,245.043,0.645007
25,485,204.499,295.821,295.821,191.988,0.388906
25,487,67.2749,144.03,144.03,65.5128,0.160515
25,504,0.0059521,0.317365,0.317365,0.0070352,-0.918767
25,528,1.49748e-8,5.63185e-5,5.63185e-5,1.75352e-8,-0.871395
25,552,3.50926e-14,9.99407e-9,9.99407e-9,4.37066e-14,-1.17618
25,576,8.2682e-20,1.77351e-12,1.77351e-12,1.08939e-19,-0.000118251
25,577,159.052,167.943,167.943,154.684,0.168512
25,578,299.481,285.128,285.128,245.043,1.32581
25,581,217.569,295.821,295.821,191.988,0.795175
25,583,70.7764,144.03,144.03,65.5128,0.479484
25,600,0.00805707,0.317365,0.317365,0.0070352,0.866833
25,624,1.54657e-8,5.63185e-5,5.63185e-5,1.75352e-8,-0.704318
25,648,3.69189e-14,9.99407e-9,9.99407e-9,4.37066e-14,-0.926817
26,0,0,0,0,0,0
26,1,4.85152,3.73206,3.73206,3.91886,1.42031
26,2,6.8282,6.33618,6.33618,6.94987,-0.104473
26,5,9.43462,6.5738,6.5738,8.5909,0.586106
26,7,5.09366,3.20067,3.20067,5.13918,-0.0528592
26,24,0.0648327,0.00705257,0.00705257,0.0651877,-0.0325049
26,48,0.000132973,1.25152e-6,1.25152e-6,0.000136909,-0.171581
26,72,2.65914e-7,2.2209e-10,2.2209e-10,2.8754e-7,-0.448839
26,96,5.62073e-10,3.94113e-14,3.94113e-14,6.03898e-10,-0.413325
26,97,22.0391,18.6603,18.6603,19.5943,0.744613
26,98,44.2881,31.6809,31.6809,34.7493,1.63819
26,101,46.2731,32.869,32.869,42.9545,0.461065
26,103,27.7004,16.0033,16.0033,25.6959,0.465538
26,120,0.331176,0.0352628,0.0352628,0.325939,0.0958868
26,144,0.000705453,6.25761e-6,6.25761e-6,0.000684545,0.182276
26,168,1.49718e-6,1.11045e-9,1.11045e-9,1.4377e-6,0.246908
26,192,3.00718e-9,1.97057e-13,1.97057e-13,3.01949e-9,-0.0243292
26,193,51.5821,37.3206,37.3206,39.1886,1.88735
26,194,80.7467,63.3618,63.3618,69.4987,0.96586
26,197,116.931,65.738,65.738,85.909,2.15498
26,199,64.0717,32.0067,32.0067,51.3918,1.47243
26,216,0.910876,0.0705257,0.0705257,0.651877,2.37108
26,240,0.00102856,1.25152e-5,1.25152e-5,0.00136909,-1.48436
26,264,2.57293e-6,2.2209e-9,2.2209e-9,2.8754e-6,-0.627757
26,288,5.96171e-9,3.94113e-13,3.94113e-13,6.03898e-9,-0.0763643
26,289,216.887,167.943,167.943,176.349,1.37187
26,290,347.503,285.128,285.128,312.744,0.663271
26,293,448.293,295.821,295.821,386.591,0.95251
26,295,216.829,144.03,144.03,231.263,-0.372491
26,312,3.19417,0.317365,0.317365,2.93345,0.53041
26,336,0.00623946,5.63185e-5,5.63185e-5,0.0061609,0.0760956
26,360,1.28076e-5,9.99407e-9,9.99407e-9,1.29393e-5,-0.0607161
26,384,2.38368e-8,1.77351e-12,1.77351e-12,2.71754e-8,-0.733168
26,385,200.357,167.943,167.943,176.349,0.812461
26,386,347.475,285.128,285.128,312.744,0.662735
26,389,457.204,295.821,295.821,386.591,1.09006
26,391,233.144,144.03,144.03,231.263,0.0485359
26,408,3.26417,0.317365,0.317365,2.93345,0.672831
26,432,0.0052124,5.63185e-5,5.63185e-5,0.0061609,-0.91878
26,456,1.44331e-5,9.99407e-9,9.99407e-9,1.29393e-5,0.688983
26,480,2.85065e-8,1.77351e-12,1.77351e-12,2.71754e-8,0.2923
26,481,215.33,167.943,167.943,176.349,1.31918
26,482,328.218,285.128,285.128,312.744,0.295284
26,485,377.642,295.821,295.821,386.591,-0.138142
26,487,256.223,144.03,144.03,231.263,0.644088
26,504,4.07524,0.317365,0.317365,2.93345,2.32287
26,528,0.00669937,5.63185e-5,5.63185e-5,0.0061609,0.521587
26,552,1.22222e-5,9.99407e-9,9.99407e-9,1.29393e-5,-0.330749
27,0,0,0,0,0,0
27,1,4.32608,3.73206,3.73206,3.37682,1.6776
27,2,5.91861,6.33618,6.33618,5.2736,0.729922
27,5,4.53294,6.5738,6.5738,3.89679,0.974231
27,7,1.47173,3.20067,3.20067,1.22948,1.17588
27,24,7.27161e-5,0.00705257,0.00705257,6.78158e-5,0.431231
27,48,6.374e-11,1.25152e-6,1.25152e-6,6.59913e-11,-0.203592
27,72,7.43956e-17,2.2209e-10,2.2209e-10,6.42158e-17,0.0458455
27,96,6.38433e-23,3.94113e-14,3.94113e-14,6.24882e-23,6.10308e-9
27,97,19.2968,18.6603,18.6603,16.8841,0.85279
27,98,30.7626,31.6809,31.6809,26.368,0.994621
27,101,20.5473,32.869,32.869,19.484,0.325688
27,103,8.64555,16.0033,16.0033,6.14739,2.42519
27,120,0.000370871,0.0352628,0.0352628,0.000339079,0.559535
27,144,3.77607e-10,6.25761e-6,6.25761e-6,3.29956e-10,0.861846
27,168,3.20391e-16,1.11045e-9,1.11045e-9,3.21079e-16,-0.00309808
27,192,2.86847e-22,1.97057e-13,1.97057e-13,3.12441e-22,-1.15265e-7
27,193,41.3816,37.3206,37.3206,33.7682,1.34549
27,194,64.9721,63.3618,63.3618,52.736,1.38469
27,197,48.1298,65.738,65.738,38.9679,1.40311
27,199,11.1735,32.0067,32.0067,12.2948,-0.544258
27,216,0.000928635,0.0705257,0.0705257,0.000678158,2.20421
27,240,7.19108e-10,1.25152e-5,1.25152e-5,6.59913e-10,0.535322
27,264,6.865e-16,2.2209e-9,2.2209e-9,6.42158e-16,0.199695
27,288,7.0376e-22,3.94113e-13,3.94113e-13,6.24882e-22,3.55235e-7
27,289,201.103,167.943,167.943,151.957,1.93012
27,290,249.362,285.128,285.128,237.312,0.303042
27,293,204.91,295.821,295.821,175.356,1.00582
27,295,65.2792,144.03,144.03,55.3265,1.07356
27,312,0.00343369,0.317365,0.317365,0.00305171,0.746983
27,336,3.21945e-9,5.63185e-5,5.63185e-5,2.96961e-9,0.502097
27,360,2.76136e-15,9.99407e-9,9.99407e-9,2.88971e-15,-0.265077
27,384,2.61214e-21,1.77351e-12,1.77351e-12,2.81197e-21,-8.99946e-7
27,385,191.504,167.943,167.943,151.957,1.55313
27,386,255.94,285.128,285.128,237.312,0.468449
27,389,235.263,295.821,295.821,175.356,2.03879
27,391,58.3001,144.03,144.03,55.3265,0.320756
27,408,0.00297756,0.317365,0.317365,0.00305171,-0.145011
27,432,3.33863e-9,5.63185e-5,5.63185e-5,2.96961e-9,0.741609
27,456,2.39826e-15,9.99407e-9,9.99407e-9,2.88971e-15,-1.01494
27,480,2.69437e-21,1.77351e-12,1.77351e-12,2.81197e-21,-5.29605e-7
27,481,181.21,167.943,167.943,151.957,1.14885
27,482,262.304,285.128,285.128,237.312,0.628481
27,485,217.399,295.821,295.821,175.356,1.43084
27,487,70.2873,144.03,144.03,55.3265,1.61375
27,504,0.00326223,0.317365,0.317365,0.00305171,0.411679
27,528,2.91767e-9,5.63185e-5,5.63185e-5,2.96961e-9,-0.104373
27,552,2.71931e-15,9.99407e-9,9.99407e-9,2.88971e-15,-0.35191
27,576,3.03622e-21,1.77351e-12,1.77351e-12,2.81197e-21,1.00994e-6
27,577,157.752,167.943,167.943,151.957,0.227579
27,578,245.471,285.128,285.128,237.312,0.205194
27,581,167.094,295.821,295.821,175.356,-0.281179
27,583,65.6855,144.03,144.03,55.3265,1.11738
27,600,0.00255931,0.317365,0.317365,0.00305171,-0.962929
27,624,2.63648e-9,5.63185e-5,5.63185e-5,2.96961e-9,-0.669472
27,648,3.14145e-15,9.99407e-9,9.99407e-9,2.88971e-15,0.519895
28,0,0,0,0,0,0
28,1,4.33789,3.73206,3.73206,4.15044,0.269532
28,2,10.0986,6.33618,6.33618,7.76527,1.79322
28,5,14.824,6.5738,6.5738,11.8934,1.47051
28,7,12.1105,3.20067,3.20067,9.02179,2.04312
28,24,1.05687,0.00705257,0.00705257,0.861355,1.35458
28,48,0.0309572,1.25152e-6,1.25152e-6,0.0312627,-0.0583074
28,72,0.00101498,2.2209e-10,2.2209e-10,0.00113467,-0.629526
28,96,2.79468e-5,3.94113e-14,3.94113e-14,4.11826e-5,-1.91801
28,97,25.6888,18.6603,18.6603,20.7522,1.41962
28,98,44.4614,31.6809,31.6809,38.8264,0.866138
28,101,53.4346,32.869,32.869,59.467,-0.60538
28,103,49.0518,16.0033,16.0033,45.109,0.521631
28,120,4.75494,0.0352628,0.0352628,4.30678,0.62101
28,144,0.16196,6.25761e-6,6.25761e-6,0.156313,0.215592
28,168,0.00549682,1.11045e-9,1.11045e-9,0.00567336,-0.185702
28,192,0.000217444,1.97057e-13,1.97057e-13,0.000205913,0.3342
28,193,50.5669,37.3206,37.3206,41.5046,1.30305
28,194,85.5599,63.3618,63.3618,77.6528,0.607678
28,197,121.356,65.738,65.738,118.934,0.121553
28,199,115.384,32.0067,32.0067,90.218,1.66473
28,216,9.6377,0.0705257,0.0705257,8.61356,0.709565
28,240,0.312231,1.25152e-5,1.25152e-5,0.312627,-0.00755153
28,264,0.0128067,2.2209e-9,2.2209e-9,0.0113467,0.767874
28,288,0.000377291,3.94113e-13,3.94113e-13,0.000411827,-0.500467
28,289,241.613,167.943,167.943,186.77,1.75238
28,290,391.609,285.128,285.128,349.437,0.720231
28,293,634.489,295.821,295.821,535.203,1.1071
28,295,510.596,144.03,144.03,405.981,1.53782
28,312,47.4665,0.317365,0.317365,38.761,1.34033
28,336,1.40533,5.63185e-5,5.63185e-5,1.40682,-0.00632528
28,360,0.0453685,9.99407e-9,9.99407e-9,0.0510602,-0.66524
28,384,0.00146986,1.77351e-12,1.77351e-12,0.00185322,-1.23451
28,385,225.399,167.943,167.943,186.771,1.23426
28,386,355.582,285.128,285.128,349.438,0.104915
28,389,643.581,295.821,295.821,535.204,1.20847
28,391,536.056,144.03,144.03,405.981,1.91206
28,408,38.8328,0.317365,0.317365,38.761,0.0110474
28,432,1.61295,5.63185e-5,5.63185e-5,1.40682,0.874414
28,456,0.0495315,9.99407e-9,9.99407e-9,0.0510603,-0.178679
28,480,0.00173009,1.77351e-12,1.77351e-12,0.00185322,-0.396524
28,481,204.506,167.943,167.943,186.771,0.566658
28,482,421.948,285.128,285.128,349.438,1.23834
28,485,661.654,295.821,295.821,535.204,1.40999
28,487,560.025,144.03,144.03,405.981,2.2644
28,504,45.426,0.317365,0.317365,38.761,1.02617
28,528,1.44184,5.63185e-5,5.63185e-5,1.40682,0.148531
28,552,0.0520495,9.99407e-9,9.99407e-9,0.0510603,0.11561
28,576,0.0018901,1.77351e-12,1.77351e-12,0.00185322,0.118752
28,577,181.947,167.943,167.943,186.771,-0.154161
28,578,442.847,285.128,285.128,349.438,1.59526
28,581,650.067,295.821,295.821,535.204,1.2808
28,583,460.872,144.03,144.03,405.981,0.806874
28,600,41.3783,0.317365,0.317365,38.761,0.402967
28,624,1.83406,5.63185e-5,5.63185e-5,1.40682,1.81235
28,648,0.0478584,9.99407e-9,9.99407e-9,0.0510603,-0.374232
29,0,0,0,0,0,0
29,1,4.69839,3.73206,3.73206,3.80031,1.41031
29,2,9.011,6.33618,6.33618,6.5559,2.23486
29,5,7.04712,6.5738,6.5738,7.25301,-0.169408
29,7,4.36722,3.20067,3.20067,3.8134,0.866704
29,24,0.0172966,0.00705257,0.00705257,0.016146,0.425278
29,48,6.81536e-6,1.25152e-6,1.25152e-6,7.2044e-6,-0.322267
29,72,3.66489e-9,2.2209e-10,2.2209e-10,3.21463e-9,0.835891
29,96,1.14305e-12,3.94113e-14,3.94113e-14,1.43438e-12,-1.21208
29,97,21.2919,18.6603,18.6603,19.0015,0.719342
29,98,39.5198,31.6809,31.6809,32.7795,1.22712
29,101,45.9905,32.869,32.869,36.2651,1.60043
29,103,19.222,16.0033,16.0033,19.067,0.0485168
29,120,0.0835415,0.0352628,0.0352628,0.08073,0.207829
29,144,3.61007e-5,6.25761e-6,6.25761e-6,3.6022e-5,0.0130435
29,168,1.65253e-8,1.11045e-9,1.11045e-9,1.60731e-8,0.167894
29,192,6.14777e-12,1.97057e-13,1.97057e-13,7.17188e-12,-0.852178
29,193,50.1878,37.3206,37.3206,38.0031,1.91343
29,194,64.5507,63.3618,63.3618,65.559,-0.0917878
29,197,87.7695,65.738,65.738,72.5301,1.2539
29,199,38.9263,32.0067,32.0067,38.134,0.123991
29,216,0.174932,0.0705257,0.0705257,0.16146,0.497952
29,240,8.53232e-5,1.25152e-5,1.25152e-5,7.2044e-5,1.09999
29,264,3.06967e-8,2.2209e-9,2.2209e-9,3.21463e-8,-0.269114
29,288,1.43816e-11,3.94113e-13,3.94113e-13,1.43438e-11,0.015731
29,289,193.328,167.943,167.943,171.014,0.778697
29,290,317.749,285.128,285.128,295.016,0.45987
29,293,330.742,295.821,295.821,326.386,0.0796581
29,295,240.743,144.03,144.03,171.603,2.40447
29,312,0.861428,0.317365,0.317365,0.72657,1.10768
29,336,0.000350528,5.63185e-5,5.63185e-5,0.000324198,0.484684
29,360,1.50507e-7,9.99407e-9,9.99407e-9,1.44658e-7,0.241285
30,0,0,0,0,0,0
30,1,3.8498,3.73206,3.73206,3.51786,0.563119
30,2,7.06763,6.33618,6.33618,5.67939,1.45874
30,5,5.13976,6.5738,6.5738,4.80721,0.412841
30,7,2.12734,3.20067,3.20067,1.81494,1.02721
30,24,0.000490717,0.00705257,0.00705257,0.000460365,0.393464
30,48,4.39984e-9,1.25152e-6,1.25152e-6,3.86131e-9,0.83231
30,72,3.08991e-14,2.2209e-10,2.2209e-10,3.23868e-14,-0.274142
30,96,2.66052e-19,3.94113e-14,3.94113e-14,2.71645e-19,-2.51889e-5
30,97,23.9323,18.6603,18.6603,17.5893,2.15212
30,98,34.2485,31.6809,31.6809,28.397,1.22974
30,101,28.5287,32.869,32.869,24.036,1.11548
30,103,10.5897,16.0033,16.0033,9.0747,0.99632
30,120,0.00254698,0.0352628,0.0352628,0.00230182,0.635613
30,144,2.07418e-8,6.25761e-6,6.25761e-6,1.93066e-8,0.443647
30,168,1.70044e-13,1.11045e-9,1.11045e-9,1.61934e-13,0.298897
30,192,1.20114e-18,1.97057e-13,1.97057e-13,1.35822e-18,-0.000707423
30,193,39.0058,37.3206,37.3206,35.1786,0.649267
30,194,56.1808,63.3618,63.3618,56.7939,-0.0644229
30,197,49.9983,65.738,65.738,48.0721,0.239127
30,199,19.1534,32.0067,32.0067,18.1494,0.330147
30,216,0.00547754,0.0705257,0.0705257,0.00460365,1.13285
30,240,2.84384e-8,1.25152e-5,1.25152e-5,3.86131e-8,-1.57254
30,264,3.33155e-13,2.2209e-9,2.2209e-9,3.23868e-13,0.171136
30,288,2.30329e-18,3.94113e-13,3.94113e-13,2.71645e-18,-0.00186068
30,289,171.366,167.943,167.943,158.304,0.492427
30,290,283.526,285.128,285.128,255.573,0.652737
30,293,267.431,295.821,295.821,216.324,1.40991
30,295,110.803,144.03,144.03,81.6723,2.12859
30,312,0.0213902,0.317365,0.317365,0.0207164,0.194103
30,336,1.64688e-7,5.63185e-5,5.63185e-5,1.73759e-7,-0.311556
30,360,1.3974e-12,9.99407e-9,9.99407e-9,1.45741e-12,-0.245717