rep,id,V,Cl,Emax,H,kdeg,K
1,1,3.98670873581192,2.31126471449125,232258.301186022,0.948444001672815,0.176043936001941,4.09481273889168
2,1,3.98670873581192,2.31209274787462,309823.422209657,0.948444001672815,0.174373166049212,4.79685261421039
1,2,3.98670873581192,2.8592461144015,612588.32052806,0.948444001672815,0.189394769954232,1.42035339073477
2,2,3.98670873581192,2.85415930603785,439545.941758667,0.948444001672815,0.184257928905041,1.34234811101956
1,3,3.98670873581192,1.11282459386574,386327.55401108,0.948444001672815,0.163865692417632,2.98092872826539
2,3,3.98670873581192,1.11403131226126,402973.716449901,0.948444001672815,0.16458131783597,2.91680452099322
1,4,3.98670873581192,1.37283922431546,349820.835215518,0.948444001672815,0.17320315440823,5.64900962987574
2,4,3.98670873581192,1.37427114406151,334156.103964729,0.948444001672815,0.168971382181214,6.84325153590658
1,5,3.98670873581192,1.6144837602502,298047.321612441,0.948444001672815,0.198874604125656,1.6373177003042
2,5,3.98670873581192,1.6138950346247,332852.536358531,0.948444001672815,0.198702070037704,1.69584890227568
1,6,3.98670873581192,1.15778035929225,427332.891445714,0.948444001672815,0.154646507666996,4.5662307349886
2,6,3.98670873581192,1.1575431635949,379864.324561719,0.948444001672815,0.152582756214008,4.35256994938808
1,7,3.98670873581192,1.0586156916858,413129.219522558,0.948444001672815,0.17811598333712,4.33924527560159
2,7,3.98670873581192,1.05648052530847,395298.509900027,0.948444001672815,0.175432337372044,4.62518471781246
1,8,3.98670873581192,2.11231671927465,376524.470635608,0.948444001672815,0.180359287509684,3.48092338510761
2,8,3.98670873581192,2.11897103733717,366233.700380928,0.948444001672815,0.180675118987005,3.26275446711401
1,9,3.98670873581192,0.843896377589904,362007.066609285,0.948444001672815,0.170117330751712,3.48540409010032
2,9,3.98670873581192,0.836626434742314,483976.588593995,0.948444001672815,0.170540488059413,5.09547079390585
1,10,3.98670873581192,1.04173199307089,534065.21831232,0.948444001672815,0.168821567934701,2.2915354526804
2,10,3.98670873581192,1.04128243786877,528864.447798339,0.948444001672815,0.168796661201228,2.247600954498
1,11,3.98670873581192,1.3214333240263,325855.289912519,0.948444001672815,0.190657703608639,4.48675708059363
2,11,3.98670873581192,1.32360517397747,50805.1109395307,0.948444001672815,0.195034974023486,1.94206132452658
1,12,3.98670873581192,1.86514813342162,407298.067785847,0.948444001672815,0.157264004324595,3.53169847742717
2,12,3.98670873581192,1.87041155044448,386041.339538916,0.948444001672815,0.158489584974012,3.2748883608282
1,13,3.98670873581192,1.09739472153226,266929.156187381,0.948444001672815,0.190004469629955,2.08262592910896
2,13,3.98670873581192,1.09385428495046,305650.259895951,0.948444001672815,0.188769878607081,2.12173146529334
1,14,3.98670873581192,1.81151411314922,509813.780858519,0.948444001672815,0.155096191843052,4.30716270921873
2,14,3.98670873581192,1.81444626331984,532280.383480627,0.948444001672815,0.155405234376535,4.6340411640317
1,15,3.98670873581192,1.14405446703808,379754.137168678,0.948444001672815,0.198334835927211,2.3146932983755
2,15,3.98670873581192,1.14419914082203,422909.585437669,0.948444001672815,0.199156944285835,2.3726995802253
1,16,3.98670873581192,3.02006419317344,408854.167073528,0.948444001672815,0.162223574922956,1.99071719761742
2,16,3.98670873581192,3.02860648014486,289110.090833367,0.948444001672815,0.160751353464585,1.93421737665301
1,17,3.98670873581192,1.40376777440226,271847.343210739,0.948444001672815,0.191690362957638,2.29298987746184
2,17,3.98670873581192,1.40564218388093,388512.089217258,0.948444001672815,0.191764663311595,2.58718202060856
1,18,3.98670873581192,2.23387521915555,407294.10823787,0.948444001672815,0.186354442966331,3.72411401867315
2,18,3.98670873581192,2.23209035041794,414552.278739574,0.948444001672815,0.187267870911532,4.25590436302118
1,19,3.98670873581192,3.10854203079688,380933.352994953,0.948444001672815,0.188803502741767,3.67007790930526
2,19,3.98670873581192,3.10105605609037,415481.930295521,0.948444001672815,0.190190520173338,3.66121708766693
1,20,3.98670873581192,1.11876875385165,435922.872835653,0.948444001672815,0.198344664748654,1.64118927647499
2,20,3.98670873581192,1.12201077231006,718218.808870587,0.948444001672815,0.204664680147462,1.67193580266501
1,21,3.98670873581192,1.56328341252206,319178.409225257,0.948444001672815,0.203733836860698,3.56125044897175
2,21,3.98670873581192,1.55884239948556,254358.491297628,0.948444001672815,0.204620232826558,2.85945987901342
1,22,3.98670873581192,1.04177031287498,604779.453638644,0.948444001672815,0.147703012254401,1.42103156192804
2,22,3.98670873581192,1.03275796859335,501820.616814941,0.948444001672815,0.144607871708587,1.36317894498001
1,23,3.98670873581192,1.43192656877379,515738.693804065,0.948444001672815,0.169532945936343,2.96583170620771
2,23,3.98670873581192,1.43209187450581,521552.265621274,0.948444001672815,0.171030916694179,2.95412288166618
1,24,3.98670873581192,2.57647629905488,367559.442793795,0.948444001672815,0.164013510787819,1.77696759939174
2,24,3.98670873581192,2.55762815465456,254249.359653397,0.948444001672815,0.164644323597371,1.62946140658798
1,25,3.98670873581192,1.79668515942651,306005.993909549,0.948444001672815,0.205428020027967,2.77401014757955
2,25,3.98670873581192,1.8083799310634,390183.882099117,0.948444001672815,0.208418819577815,3.07713198665737
1,26,3.98670873581192,1.6818475048345,666745.381557318,0.948444001672815,0.183752505972748,2.16110828840433
2,26,3.98670873581192,1.68818912092941,333525.56143523,0.948444001672815,0.18349662616742,1.85670451591315
1,27,3.98670873581192,0.795893400680601,475330.038776601,0.948444001672815,0.173840652729064,1.64745405250615
2,27,3.98670873581192,0.806710534929737,669928.018929285,0.948444001672815,0.172981543383431,1.80407552190239
1,28,3.98670873581192,1.6535226038645,557403.163154353,0.948444001672815,0.195033851386182,4.53687813824203
2,28,3.98670873581192,1.65546794318672,654900.480023102,0.948444001672815,0.197190328548194,4.79237896669439
1,29,3.98670873581192,1.11442295087362,346177.137941035,0.948444001672815,0.149884554332864,2.1912259732567
2,29,3.98670873581192,1.11678065858369,302706.471520904,0.948444001672815,0.148530535459891,2.08241111375072
1,30,3.98670873581192,1.56847612304898,483499.204840403,0.948444001672815,0.165692617500965,3.58866256599956
2,30,3.98670873581192,1.57041658279012,467411.342874239,0.948444001672815,0.166519052700309,3.61332352364987
