rep,id,V,Cl,Emax,H,kdeg,K
1,1,3.94937199785742,1.55939956035873,590333.185578134,0.958341536300004,0.185327630959205,1.74865052189414
2,1,3.94937199785742,1.55881039481102,569598.069402105,0.958341536300004,0.185188467800217,1.7640990061447
1,2,3.94937199785742,0.968668179665308,424063.041966743,0.958341536300004,0.194513979888147,3.80475581143051
2,2,3.94937199785742,0.970658488304588,314513.463599255,0.958341536300004,0.192778305732604,3.40575990982954
1,3,3.94937199785742,2.43074464726149,367013.789745076,0.958341536300004,0.172854876873366,2.415613087513
2,3,3.94937199785742,2.42005893892743,463531.889182213,0.958341536300004,0.174368090505734,2.49804844349283
1,4,3.94937199785742,1.41600754953271,391940.650924179,0.958341536300004,0.180026026383188,5.40356409476508
2,4,3.94937199785742,1.41569150456366,372251.556841392,0.958341536300004,0.180495581868429,5.35602068588351
1,5,3.94937199785742,2.34808268860307,440299.439781679,0.958341536300004,0.164881963916331,2.38924850834023
2,5,3.94937199785742,2.35171211482351,476483.825829297,0.958341536300004,0.163688608252825,2.43878354232842
1,6,3.94937199785742,1.85714581729165,500238.33072504,0.958341536300004,0.192184542427506,2.77698432655926
2,6,3.94937199785742,1.8570541781677,425570.960482741,0.958341536300004,0.19142968380637,2.63900863177986
1,7,3.94937199785742,2.66511212054449,513024.994836233,0.958341536300004,0.177734504786698,1.14068924801815
2,7,3.94937199785742,2.65573160329054,511814.550105463,0.958341536300004,0.176136366734428,1.19882854968586
1,8,3.94937199785742,0.872660354586442,405341.258411483,0.958341536300004,0.194266894439793,1.9120541038758
2,8,3.94937199785742,0.871160218268303,374395.677229084,0.958341536300004,0.192460916164961,1.95229463207102
1,9,3.94937199785742,1.48188629837096,598860.002281464,0.958341536300004,0.158996947815162,2.09473242456842
2,9,3.94937199785742,1.48174441130684,610648.424006289,0.958341536300004,0.159091625112021,2.12498571976782
1,10,3.94937199785742,1.26171456471645,417130.846535961,0.958341536300004,0.158525820737181,2.39307340377791
2,10,3.94937199785742,1.25986442363376,466530.419074316,0.958341536300004,0.159475682919116,2.41897695255999
1,11,3.94937199785742,1.83306862931514,662707.807805596,0.958341536300004,0.209316440609379,3.85332730654541
2,11,3.94937199785742,1.82201727493255,279808.44223272,0.958341536300004,0.21167824290307,2.60338135060096
1,12,3.94937199785742,1.62825202245321,803286.282596614,0.958341536300004,0.134600673699997,1.89740382826202
2,12,3.94937199785742,1.62776040713878,687446.342320294,0.958341536300004,0.135386675935664,1.80130078207507
1,13,3.94937199785742,2.24896972835675,368514.579496989,0.958341536300004,0.152828231320951,4.36639148918452
2,13,3.94937199785742,2.246753665965,378608.50068725,0.958341536300004,0.151899814345635,4.29974176828978
1,14,3.94937199785742,3.68475654179323,531111.390668006,0.958341536300004,0.155513193327384,2.04399917030393
2,14,3.94937199785742,3.69269584277727,739085.811212131,0.958341536300004,0.157024361340187,2.16176522427581
1,15,3.94937199785742,2.27590117562474,216995.475278971,0.958341536300004,0.192733525071309,2.66608941172033
2,15,3.94937199785742,2.28047650292403,213473.141949592,0.958341536300004,0.197095207533839,2.60947718939696
1,16,3.94937199785742,1.07873208353075,460264.102947482,0.958341536300004,0.172684440040975,2.28971696781855
2,16,3.94937199785742,1.08005004344248,423699.33651608,0.958341536300004,0.17295045628231,2.2335049022388
1,17,3.94937199785742,1.74398801771071,414456.115737424,0.958341536300004,0.161146025291801,2.80024780239549
2,17,3.94937199785742,1.74360117478676,501732.913143972,0.958341536300004,0.161641835709931,2.97486983216179
1,18,3.94937199785742,0.686579361196488,483386.346845728,0.958341536300004,0.163838186701944,3.48786250150718
2,18,3.94937199785742,0.689538154398838,490613.649601478,0.958341536300004,0.16414803376852,3.55772584461798
1,19,3.94937199785742,0.9558014374935,639830.481082687,0.958341536300004,0.163973719060205,2.75298084792783
2,19,3.94937199785742,0.956489431184462,651690.137570088,0.958341536300004,0.164374020868133,2.75736859087087
1,20,3.94937199785742,2.24891612565145,443078.201086655,0.958341536300004,0.177871870884239,2.84585169970567
2,20,3.94937199785742,2.2544805773864,462029.55759748,0.958341536300004,0.180687337112029,2.759737679431
1,21,3.94937199785742,2.31636623620305,423224.973518303,0.958341536300004,0.184887669663757,2.82308738173726
2,21,3.94937199785742,2.32077673911297,490018.305212016,0.958341536300004,0.186036483957266,2.9196957618132
1,22,3.94937199785742,1.16952869173627,351915.32807763,0.958341536300004,0.153810071723085,2.64499038181724
2,22,3.94937199785742,1.16929355662498,354364.551870739,0.958341536300004,0.153075055080676,2.64327391212687
1,23,3.94937199785742,1.7677211108648,487876.74443298,0.958341536300004,0.18645743056438,3.6004581493683
2,23,3.94937199785742,1.76754467159164,542223.141900554,0.958341536300004,0.187327944530868,3.71073805036963
1,24,3.94937199785742,1.48468468656227,398777.196629532,0.958341536300004,0.180308277281275,4.41871708302914
2,24,3.94937199785742,1.48306770107835,398318.053096279,0.958341536300004,0.182169492871853,4.39592791112343
1,25,3.94937199785742,1.9714701105005,370689.71006316,0.958341536300004,0.164174546234004,4.41458127466021
2,25,3.94937199785742,1.96656026174492,399574.354570996,0.958341536300004,0.164560447930658,4.32201022497592
1,26,3.94937199785742,1.76411238646733,490355.953306472,0.958341536300004,0.179811523195149,2.44637841570755
2,26,3.94937199785742,1.76339761428997,388690.625302267,0.958341536300004,0.178496884353303,2.3197205249431
1,27,3.94937199785742,1.49213118690135,378458.118208283,0.958341536300004,0.186093240330729,2.94477510198013
2,27,3.94937199785742,1.48824646722177,381659.951421099,0.958341536300004,0.185513888271254,2.96601665827791
1,28,3.94937199785742,0.98941505550863,365045.553364732,0.958341536300004,0.200892320466185,2.39021023112127
2,28,3.94937199785742,0.987421875979446,480141.978249498,0.958341536300004,0.202034942014342,2.57295306361281
1,29,3.94937199785742,2.57966483004181,421263.353413725,0.958341536300004,0.157416121842854,4.29575241711066
2,29,3.94937199785742,2.58623817460908,431203.341648651,0.958341536300004,0.156198817016798,4.29648713861843
1,30,3.94937199785742,3.86101433230293,782575.913748368,0.958341536300004,0.167702224051154,2.08997697915319
2,30,3.94937199785742,3.85203175855748,687315.829224089,0.958341536300004,0.168928090706772,1.89451978603867
