id,time,y2,popPred_medianCOV,popPred,indivPred_SAEM,indWRes_SAEM
1,0,0,0,0,0,0
1,1,67.2412,103.207,103.207,72.8234,-0.320654
1,2,139.01,199.608,199.608,143.78,-0.138771
1,5,161.849,245.467,245.467,173.419,-0.279085
1,7,146.133,196.036,196.036,133.745,0.387442
1,24,6.43088,10.2234,10.2234,6.15462,0.187765
1,48,0.0663164,0.125085,0.125085,0.0713888,-0.297228
1,72,0.000695119,0.00152055,0.00152055,0.000829116,-0.676052
1,96,1.32382e-5,1.83321e-5,1.83321e-5,9.52055e-6,1.63346
1,97,13.8517,16.8042,16.8042,14.1266,-0.081399
1,98,39.9143,53.3415,53.3415,43.1197,-0.310963
1,101,141.597,168.965,168.965,123.547,0.611143
1,103,127.253,167.422,167.422,112.687,0.540727
1,120,6.09158,11.4292,11.4292,5.94866,0.1005
1,144,0.059227,0.140525,0.140525,0.0695168,-0.61918
1,168,0.000549164,0.00170562,0.00170562,0.000812461,-1.35564
1,192,7.1697e-6,2.05519e-5,2.05519e-5,9.36639e-6,-0.981064
1,193,17.6078,20.6807,20.6807,17.3275,0.0676841
1,194,48.6197,65.6732,65.6732,52.9333,-0.340884
1,197,185.034,210.688,210.688,152.977,0.87658
1,199,135.702,211.305,211.305,140.877,-0.153678
1,216,7.04662,14.8318,14.8318,7.52937,-0.268204
1,240,0.072021,0.181046,0.181046,0.0880463,-0.761367
1,264,0.000916025,0.00218502,0.00218502,0.00103187,-0.469608
1,288,1.56638e-5,2.6382e-5,2.6382e-5,1.19619e-5,1.29458
1,289,23.0571,29.0828,29.0828,24.0691,-0.17588
1,290,74.3745,92.1879,92.1879,73.4256,0.054062
1,293,228.648,296.389,296.389,213.077,0.305686
1,295,203.385,298.924,298.924,197.337,0.128205
1,312,10.0065,21.2549,21.2549,10.6041,-0.235748
1,336,0.112117,0.265387,0.265387,0.123188,-0.375966
1,360,0.00101121,0.00326307,0.00326307,0.00143068,-1.22647
1,384,2.63693e-5,3.99961e-5,3.99961e-5,1.66478e-5,2.44273
1,385,20.2231,22.8375,22.8375,18.5573,0.375485
1,386,59.4727,72.4821,72.4821,56.7047,0.204202
1,389,188.144,236.815,236.815,166.543,0.542554
1,391,156.613,240.643,240.643,155.616,0.0267985
1,408,10.0876,17.3757,17.3757,8.53525,0.760823
1,432,0.0907472,0.213526,0.213526,0.0998656,-0.381947
1,456,0.000802732,0.00258909,0.00258909,0.00116593,-1.30308
1,480,9.52946e-6,3.18225e-5,3.18225e-5,1.32449e-5,-1.17344
1,481,19.0982,20.1758,20.1758,16.2037,0.747219
1,482,55.2711,64.0589,64.0589,49.5384,0.484077
1,485,173.824,209.367,209.367,146.462,0.781479
1,487,162.687,213.603,213.603,137.236,0.775757
1,504,8.66191,15.7436,15.7436,7.53361,0.6265
1,528,0.0847933,0.194192,0.194192,0.0886384,-0.181464
1,552,0.000725707,0.00235836,0.00235836,0.00104195,-1.26962
1,576,1.87853e-5,2.85312e-5,2.85312e-5,1.21608e-5,2.27871
1,577,16.5703,18.6016,18.6016,14.8006,0.500187
1,578,50.4264,59.0715,59.0715,45.2599,0.477505
1,581,142.421,193.313,193.313,134.696,0.239912
1,583,143.569,197.752,197.752,126.301,0.57192
1,600,7.83748,14.5362,14.5362,6.95439,0.531183
1,624,0.078867,0.176561,0.176561,0.0812588,-0.123127
1,648,0.000772873,0.0020924,0.0020924,0.000949908,-0.779613
2,0,0,0,0,0,0
2,1,113.639,103.207,103.207,86.6056,1.30575
2,2,339.442,199.608,199.608,244.788,1.61752
2,5,635.699,245.467,245.467,472.022,1.45052
2,7,386.561,196.036,196.036,379.326,0.0797918
2,24,10.8914,10.2234,10.2234,13.8161,-0.885517
2,48,0.0294001,0.125085,0.125085,0.10428,-3.00376
2,72,8.95923e-5,0.00152055,0.00152055,0.000785015,-3.70571
2,96,7.80019e-7,1.83321e-5,1.83321e-5,6.02154e-6,-3.64125
2,97,65.9654,16.8042,16.8042,56.2375,0.723597
2,98,181.006,53.3415,53.3415,172.008,0.218827
2,101,550.45,168.965,168.965,482.128,0.592788
2,103,464.259,167.422,167.422,432.249,0.309784
2,120,9.97542,11.4292,11.4292,17.7776,-1.83587
2,144,0.042566,0.140525,0.140525,0.134594,-2.86019
2,168,0.000131932,0.00170562,0.00170562,0.00101752,-3.64074
2,192,4.25287e-6,2.05519e-5,2.05519e-5,7.55906e-6,-1.82962
2,193,73.6125,20.6807,20.6807,57.3682,1.18448
2,194,226.636,65.6732,65.6732,176.023,1.2028
2,197,654.682,210.688,210.688,513.407,1.15108
2,199,492.502,211.305,211.305,469.629,0.203736
2,216,12.5456,14.8318,14.8318,19.7954,-1.53202
2,240,0.0514747,0.181046,0.181046,0.148404,-2.73218
2,264,0.00015794,0.00218502,0.00218502,0.0011149,-3.59053
2,288,2.07258e-5,2.6382e-5,2.6382e-5,8.5623e-6,5.94251
2,289,92.9987,29.0828,29.0828,74.0039,1.07369
2,290,279.452,92.1879,92.1879,226.769,0.971818
2,293,726.068,296.389,296.389,657.019,0.439621
2,295,762.045,298.924,298.924,606.463,1.07314
2,312,16.8464,21.2549,21.2549,25.9633,-1.46889
2,336,0.0560227,0.265387,0.265387,0.194762,-2.97986
2,360,0.000184457,0.00326307,0.00326307,0.00145706,-3.65355
2,384,3.58884e-6,3.99961e-5,3.99961e-5,1.08328e-5,-2.79727
2,385,60.0133,22.8375,22.8375,53.4711,0.511802
2,386,180.713,72.4821,72.4821,164.171,0.421485
2,389,612.927,236.815,236.815,486.982,1.08185
2,391,388.53,240.643,240.643,453.473,-0.599073
2,408,14.4191,17.3757,17.3757,19.8955,-1.15143
2,432,0.0447077,0.213526,0.213526,0.15075,-2.94254
2,456,0.000170161,0.00258909,0.00258909,0.00113895,-3.55815
2,480,4.93149e-6,3.18225e-5,3.18225e-5,8.47352e-6,-1.74859
2,481,52.2989,20.1758,20.1758,44.8081,0.699312
2,482,163.936,64.0589,64.0589,137.66,0.798443
2,485,353.01,209.367,209.367,408.99,-0.572561
2,487,411.119,213.603,213.603,383.473,0.301573
2,504,12.3738,15.7436,15.7436,16.8721,-1.11527
2,528,0.0367815,0.194192,0.194192,0.126557,-2.96737
2,552,0.000114096,0.00235836,0.00235836,0.000947142,-3.6792
2,576,5.09923e-6,2.85312e-5,2.85312e-5,7.17259e-6,-1.2092
2,577,47.7686,18.6016,18.6016,39.6618,0.855028
2,578,159.476,59.0715,59.0715,121.886,1.29007
2,581,374.593,193.313,193.313,365.265,0.106827
2,583,292.42,197.752,197.752,342.65,-0.613211
2,600,9.85571,14.5362,14.5362,15.1133,-1.45521
2,624,0.0331818,0.176561,0.176561,0.113223,-2.95719
2,648,0.00011162,0.0020924,0.0020924,0.000846545,-3.63156
3,0,0,0,0,0,0
3,1,27.6521,103.207,103.207,28.7413,-0.158534
3,2,36.0356,199.608,199.608,39.2028,-0.337949
3,5,39.3626,245.467,245.467,43.9575,-0.437265
3,7,38.2299,196.036,196.036,36.5792,0.188773
3,24,2.40794,10.2234,10.2234,2.5609,-0.249866
3,48,0.0429255,0.125085,0.125085,0.0423807,0.0537722
3,72,0.000554014,0.00152055,0.00152055,0.000695383,-0.850411
3,96,2.25619e-5,1.83321e-5,1.83321e-5,1.12199e-5,4.22864
3,97,3.7513,16.8042,16.8042,3.65743,0.107356
3,98,12.3947,53.3415,53.3415,11.8388,0.196442
3,101,39.8063,168.965,168.965,40.1044,-0.0310865
3,103,41.9816,167.422,167.422,42.1613,-0.0178335
3,120,3.09634,11.4292,11.4292,4.09216,-1.01796
3,144,0.0620756,0.140525,0.140525,0.070105,-0.47911
3,168,0.00115798,0.00170562,0.00170562,0.0011637,-0.0205726
3,192,1.91048e-5,2.05519e-5,2.05519e-5,1.91446e-5,-0.00869591
3,193,5.10684,20.6807,20.6807,5.3809,-0.213055
3,194,16.4869,65.6732,65.6732,17.4195,-0.223955
3,197,63.669,210.688,210.688,60.0301,0.253575
3,199,59.2643,211.305,211.305,63.719,-0.292445
3,216,6.1353,14.8318,14.8318,6.37386,-0.156565
3,240,0.0988333,0.181046,0.181046,0.109356,-0.402525
3,264,0.00170339,0.00218502,0.00218502,0.00181632,-0.260075
3,288,3.33712e-5,2.6382e-5,2.6382e-5,3.00207e-5,0.466858
3,289,10.6441,29.0828,29.0828,8.93677,0.799173
3,290,31.829,92.1879,92.1879,28.8728,0.428298
3,293,109.322,296.389,296.389,99.3017,0.422098
3,295,130.432,298.924,298.924,106.016,0.963376
3,312,10.1948,21.2549,21.2549,10.7903,-0.230851
3,336,0.192102,0.265387,0.265387,0.185412,0.150933
3,360,0.00258567,0.00326307,0.00326307,0.00308069,-0.672169
3,384,4.63078e-5,3.99961e-5,3.99961e-5,5.10934e-5,-0.391809
3,385,9.72283,22.8375,22.8375,8.24305,0.750946
3,386,33.1877,72.4821,72.4821,26.645,1.02717
3,389,91.4478,236.815,236.815,91.9345,-0.0221477
3,391,114.344,240.643,240.643,98.6575,0.665132
3,408,8.9789,17.3757,17.3757,10.1611,-0.486673
3,432,0.171056,0.213526,0.213526,0.175155,-0.0979012
3,456,0.00281508,0.00258909,0.00258909,0.0029055,-0.130177
3,480,4.39596e-5,3.18225e-5,3.18225e-5,4.79483e-5,-0.347984
3,481,8.51751,20.1758,20.1758,7.9735,0.285406
3,482,29.0841,64.0589,64.0589,25.7768,0.536707
3,485,85.0802,209.367,209.367,89.0026,-0.184353
3,487,95.0381,213.603,213.603,95.6215,-0.0255214
3,504,9.86217,15.7436,15.7436,9.87069,-0.00361035
3,528,0.154523,0.194192,0.194192,0.170061,-0.382202
3,552,0.00258033,0.00235836,0.00235836,0.00282194,-0.358159
3,576,4.76326e-5,2.85312e-5,2.85312e-5,4.66115e-5,0.0916343
3,577,8.48938,18.6016,18.6016,7.8261,0.354525
3,578,33.921,59.0715,59.0715,25.3016,1.42504
3,581,99.8579,193.313,193.313,87.3928,0.596652
3,583,114.892,197.752,197.752,93.9423,0.932854
3,600,10.6503,14.5362,14.5362,9.71305,0.403645
3,624,0.183607,0.176561,0.176561,0.167556,0.400703
3,648,0.00294195,0.0020924,0.0020924,0.00277906,0.245188
4,0,0,0,0,0,0
4,1,94.0277,103.207,103.207,86.7081,0.353126
4,2,153.768,199.608,199.608,163.096,-0.239256
4,5,186.16,245.467,245.467,203.542,-0.357227
4,7,140.461,196.036,196.036,168.831,-0.702918
4,24,11.1316,10.2234,10.2234,10.7569,0.145698
4,48,0.115538,0.125085,0.125085,0.137515,-0.668527
4,72,0.00142168,0.00152055,0.00152055,0.00151159,-0.2488
4,96,1.78903e-5,1.83321e-5,1.83321e-5,1.53958e-5,0.677747
4,97,11.6374,16.8042,16.8042,11.8869,-0.0878098
4,98,37.6155,53.3415,53.3415,39.4552,-0.195056
4,101,180.15,168.965,168.965,141.786,1.13188
4,103,139.822,167.422,167.422,156.494,-0.445639
4,120,19.8473,11.4292,11.4292,18.8151,0.229482
4,144,0.282684,0.140525,0.140525,0.290489,-0.112396
4,168,0.00392114,0.00170562,0.00170562,0.00343133,0.597127
4,192,3.03475e-5,2.05519e-5,2.05519e-5,3.63122e-5,-0.687123
4,193,14.2317,20.6807,20.6807,14.1635,0.0201387
4,194,41.9928,65.6732,65.6732,47.0192,-0.447182
4,197,168.554,210.688,210.688,171.624,-0.0748431
4,199,184.776,211.305,211.305,192.691,-0.171825
4,216,22.8427,14.8318,14.8318,25.2259,-0.395191
4,240,0.449567,0.181046,0.181046,0.401813,0.497146
4,264,0.00500159,0.00218502,0.00218502,0.0047935,0.181597
4,288,4.69106e-5,2.6382e-5,2.6382e-5,5.0978e-5,-0.333764
4,289,27.7095,35.7127,35.7127,24.8005,0.490667
4,290,89.956,113.016,113.016,81.99,0.40642
4,293,358.697,362.484,362.484,297.421,0.861825
4,295,342.629,363.988,363.988,335.418,0.0899373
4,312,41.9843,25.7428,25.7428,45.1225,-0.290927
4,336,0.859016,0.316974,0.316974,0.722589,0.789786
4,360,0.00961625,0.00384959,0.00384959,0.00858047,0.504959
4,384,0.000103416,4.66103e-5,4.66103e-5,9.0472e-5,0.598475
4,385,20.4843,27.0092,27.0092,19.3774,0.23896
4,386,61.7329,85.6185,85.6185,64.132,-0.156489
4,389,254.086,278.237,278.237,236.064,0.319355
4,391,316.202,283.194,283.194,269.185,0.730644
4,408,38.3814,20.5119,20.5119,38.526,-0.015706
4,432,0.74973,0.251097,0.251097,0.636369,0.745173
4,456,0.00721632,0.00302664,0.00302664,0.00766612,-0.245437
4,480,9.6453e-5,3.63752e-5,3.63752e-5,8.17304e-5,0.753531
4,481,20.2828,23.7255,23.7255,17.3539,0.706024
4,482,57.4525,75.2422,75.2422,57.4511,0.000107012
4,485,269.081,247.185,247.185,212.082,1.12424
4,487,248.924,251.927,251.927,242.637,0.108385
4,504,46.299,18.3798,18.3798,35.4209,1.28468
4,528,0.635157,0.225102,0.225102,0.588397,0.332432
4,552,0.00652583,0.00270796,0.00270796,0.00712478,-0.351657
4,576,8.37451e-5,3.25869e-5,3.25869e-5,7.63179e-5,0.407097
4,577,17.4417,21.8472,21.8472,16.2193,0.315284
4,578,59.0474,69.2992,69.2992,53.7015,0.416427
4,581,247.613,226.262,226.262,199.178,1.01722
4,583,243.753,231.618,231.618,227.901,0.290957
4,600,30.6514,17.1036,17.1036,33.551,-0.36152
4,624,0.476941,0.213216,0.213216,0.55924,-0.615597
4,648,0.00613859,0.00261528,0.00261528,0.00678506,-0.398558
5,0,0,0,0,0,0
5,1,91.6751,103.207,103.207,80.2696,0.594376
5,2,215.113,199.608,199.608,172.154,1.04385
5,5,258.122,245.467,245.467,230.245,0.506458
5,7,183.425,196.036,196.036,187.135,-0.0829315
5,24,9.49961,10.2234,10.2234,9.70537,-0.0886849
5,48,0.0905881,0.125085,0.125085,0.101778,-0.459903
5,72,0.00112826,0.00152055,0.00152055,0.00103057,0.3965
5,96,1.1431e-5,1.83321e-5,1.83321e-5,9.97135e-6,0.612354
5,97,14.7794,16.8042,16.8042,14.8727,-0.0262372
5,98,46.0193,53.3415,53.3415,48.0557,-0.177258
5,101,160.341,168.965,168.965,159.336,0.0264089
5,103,148.07,167.422,167.422,163.786,-0.401394
5,120,13.6677,11.4292,11.4292,12.48,0.3981
5,144,0.109287,0.140525,0.140525,0.135973,-0.820961
5,168,0.00138175,0.00170562,0.00170562,0.00138368,-0.00580757
5,192,1.4747e-5,2.05519e-5,2.05519e-5,1.39072e-5,0.252602
5,193,16.67,20.6807,20.6807,17.5546,-0.210795
5,194,59.5882,65.6732,65.6732,56.7452,0.20958
5,197,200.993,210.688,210.688,191.547,0.206287
5,199,206.443,211.305,211.305,199.748,0.140202
5,216,16.5072,14.8318,14.8318,15.987,0.136095
5,240,0.134661,0.181046,0.181046,0.175051,-0.965202
5,264,0.00173357,0.00218502,0.00218502,0.00178125,-0.111974
5,288,2.51345e-5,2.6382e-5,2.6382e-5,1.79219e-5,1.68346
5,289,29.6435,35.7127,35.7127,29.7193,-0.0106642
5,290,108.336,113.016,113.016,95.7062,0.552001
5,293,320.303,362.484,362.484,321.147,-0.0109872
5,295,329.304,363.988,363.988,335.896,-0.0820895
5,312,23.1563,25.7428,25.7428,27.1319,-0.612947
5,336,0.304179,0.316974,0.316974,0.297875,0.0885187
5,360,0.00266498,0.00384959,0.00384959,0.00302904,-0.502762
5,384,2.72561e-5,4.66103e-5,4.66103e-5,3.05302e-5,-0.448609
5,385,24.546,27.0092,27.0092,22.0551,0.47243
5,386,72.84,85.6185,85.6185,71.1371,0.100136
5,389,249.913,278.237,278.237,242.239,0.132514
5,391,314.952,283.194,283.194,256.95,0.944266
5,408,20.0139,20.5119,20.5119,21.7642,-0.336418
5,432,0.257752,0.251097,0.251097,0.24089,0.292812
5,456,0.00235959,0.00302664,0.00302664,0.00244806,-0.151165
5,480,2.52989e-5,3.63752e-5,3.63752e-5,2.4579e-5,0.122528
5,481,18.1503,23.7255,23.7255,19.1636,-0.221184
5,482,77.9357,75.2422,75.2422,61.8358,1.08914
5,485,244.944,247.185,247.185,211.307,0.665903
5,487,237.234,251.927,251.927,225.159,0.224337
5,504,23.4858,18.3798,18.3798,19.3649,0.890173
5,528,0.210731,0.225102,0.225102,0.214424,-0.0720415
5,552,0.00246619,0.00270796,0.00270796,0.00218476,0.538845
5,576,2.6038e-5,3.25869e-5,3.25869e-5,2.20417e-5,0.758433
5,577,21.0434,21.8472,21.8472,17.5132,0.84321
5,578,46.8933,69.2992,69.2992,56.521,-0.712547
5,581,204.323,226.262,226.262,194.288,0.216061
5,583,241.888,231.618,231.618,207.148,0.701539
5,600,25.7605,17.1036,17.1036,17.8412,1.85679
5,624,0.178827,0.213216,0.213216,0.19612,-0.368855
5,648,0.00224526,0.00261528,0.00261528,0.00198365,0.55169
6,0,0,0,0,0,0
6,1,113.071,103.207,103.207,121.628,-0.294292
6,2,332.097,199.608,199.608,362.266,-0.348372
6,5,892.62,245.467,245.467,763.46,0.707686
6,7,767.951,196.036,196.036,673.531,0.586419
6,24,48.0719,10.2234,10.2234,43.5163,0.437925
6,48,0.510502,0.125085,0.125085,0.503527,0.0579444
6,72,0.00599787,0.00152055,0.00152055,0.00510709,0.729615
6,96,5.6095e-5,1.83321e-5,1.83321e-5,4.94376e-5,0.563308
6,97,52.8234,16.8042,16.8042,54.4044,-0.121564
6,98,188.369,53.3415,53.3415,179.065,0.217351
6,101,690.392,168.965,168.965,623.892,0.445876
6,103,674.714,167.422,167.422,666.615,0.0508215
6,120,68.3597,11.4292,11.4292,65.6936,0.169764
6,144,0.696694,0.140525,0.140525,0.834349,-0.690152
6,168,0.00989779,0.00170562,0.00170562,0.00850098,0.687338
6,192,8.6581e-5,2.05519e-5,2.05519e-5,8.16273e-5,0.253863
6,193,53.9228,20.6807,20.6807,56.2853,-0.175583
6,194,197.217,65.6732,65.6732,185.431,0.265881
6,197,706.279,210.688,210.688,658.418,0.304073
6,199,766.122,211.305,211.305,720.619,0.264134
6,216,76.6341,14.8318,14.8318,77.8349,-0.0645381
6,240,0.829349,0.181046,0.181046,1.02027,-0.78279
6,264,0.0119987,0.00218502,0.00218502,0.0106474,0.530887
6,288,0.000112663,2.6382e-5,2.6382e-5,0.000103824,0.356151
6,289,102.719,35.7127,35.7127,89.7946,0.602071
6,290,284.858,113.016,113.016,294.608,-0.138432
6,293,1345.71,362.484,362.484,1040.29,1.22813
6,295,1369.19,363.988,363.988,1140.26,0.839834
6,312,122.826,25.7428,25.7428,124.772,-0.065227
6,336,1.46191,0.316974,0.316974,1.64102,-0.456554
6,360,0.018101,0.00384959,0.00384959,0.0170499,0.257883
6,384,0.000176835,4.66103e-5,4.66103e-5,0.000165001,0.300014
6,385,67.2093,27.0092,27.0092,62.2326,0.334518
6,386,203.876,85.6185,85.6185,204.483,-0.0124354
6,389,884.606,278.237,278.237,733.117,0.864386
6,391,942.004,283.194,283.194,816.381,0.64369
6,408,92.0783,20.5119,20.5119,96.282,-0.182635
6,432,1.28597,0.251097,0.251097,1.30378,-0.0571248
6,456,0.0137645,0.00302664,0.00302664,0.0137813,-0.00510045
6,480,0.0001397,3.63752e-5,3.63752e-5,0.00013555,0.128087
6,481,58.4153,23.7255,23.7255,51.9172,0.523566
6,482,176.891,75.2422,75.2422,170.658,0.152781
6,485,598.91,247.185,247.185,615.402,-0.112104
6,487,700.143,251.927,251.927,688.003,0.0738089
6,504,96.9116,18.3798,18.3798,83.047,0.698367
6,528,1.22683,0.225102,0.225102,1.12548,0.3767
6,552,0.0124282,0.00270796,0.00270796,0.011819,0.215607
6,576,0.000135066,3.25869e-5,3.25869e-5,0.000114665,0.744228
6,577,53.9445,21.8472,21.8472,46.0054,0.721877
6,578,164.681,69.2992,69.2992,151.254,0.371361
6,581,571.251,226.262,226.262,546.785,0.187176
6,583,677.51,231.618,231.618,612.547,0.443638
6,600,79.5182,17.1036,17.1036,74.8121,0.263145
6,624,0.968292,0.213216,0.213216,1.01264,-0.183195
6,648,0.00939329,0.00261528,0.00261528,0.0106638,-0.498388
7,0,0,0,0,0,0
7,1,138.617,103.207,103.207,111.043,1.03877
7,2,215.811,199.608,199.608,191.954,0.519894
7,5,235.775,245.467,245.467,216.866,0.364745
7,7,145.461,196.036,196.036,168.546,-0.572932
7,24,4.40973,10.2234,10.2234,7.13454,-1.59761
7,48,0.0168263,0.125085,0.125085,0.0655493,-3.10932
7,72,5.31983e-5,0.00152055,0.00152055,0.000599818,-3.81211
7,96,1.06109e-5,1.83321e-5,1.83321e-5,5.49926e-6,3.88829
7,97,23.591,16.8042,16.8042,16.67,1.73674
7,98,51.3252,53.3415,53.3415,52.1726,-0.067946
7,101,162.986,168.965,168.965,158.218,0.126048
7,103,124.812,167.422,167.422,151.32,-0.732786
7,120,6.00335,11.4292,11.4292,8.13958,-1.09786
7,144,0.0206849,0.140525,0.140525,0.0769176,-3.05818
7,168,7.35835e-5,0.00170562,0.00170562,0.000719692,-3.75542
7,192,1.40611e-6,2.05519e-5,2.05519e-5,6.39898e-6,-3.26392
7,193,23.2009,20.6807,20.6807,20.9083,0.458679
7,194,66.486,65.6732,65.6732,65.4807,0.0642253
7,197,211.331,210.688,210.688,202.283,0.187097
7,199,188.526,211.305,211.305,195.405,-0.147271
7,216,5.83597,14.8318,14.8318,10.7446,-1.91105
7,240,0.0299955,0.181046,0.181046,0.100702,-2.93712
7,264,0.000102765,0.00218502,0.00218502,0.000936055,-3.72387
7,288,6.16356e-7,2.6382e-5,2.6382e-5,8.63717e-6,-3.88461
7,289,58.0361,42.2242,42.2242,43.4282,1.40708
7,290,155.84,133.405,133.405,135.345,0.633423
7,293,489.78,429.302,429.302,414.093,0.764572
7,295,444.231,428.277,428.277,400.858,0.452617
7,312,13.6154,29.9872,29.9872,22.0091,-1.59533
7,336,0.060568,0.369318,0.369318,0.207122,-2.95986
7,360,0.000204113,0.00448663,0.00448663,0.00194111,-3.74325
7,384,2.07193e-6,5.43536e-5,5.43536e-5,1.81669e-5,-3.70604
7,385,45.3107,30.8876,30.8876,32.6407,1.62374
7,386,100.19,97.7988,97.7988,101.964,-0.0727863
7,389,364.345,316.612,316.612,319.523,0.586803
7,391,330.598,322.586,322.586,313.621,0.226439
7,408,13.2175,23.4739,23.4739,17.8846,-1.09161
7,432,0.0453475,0.287437,0.287437,0.169003,-3.06069
7,456,0.000179909,0.00345896,0.00345896,0.00158359,-3.70788
7,480,1.41812e-6,4.16631e-5,4.16631e-5,1.47105e-5,-3.77986
7,481,31.0316,27.0496,27.0496,28.9644,0.298544
7,482,123.865,85.6876,85.6876,90.5261,1.54057
7,485,317.768,279.171,279.171,283.476,0.506031
7,487,301.147,285.323,285.323,279.808,0.31902
7,504,10.2626,20.952,20.952,16.1011,-1.51686
7,528,0.0417672,0.255659,0.255659,0.15214,-3.03472
7,552,0.000162781,0.00305911,0.00305911,0.0014252,-3.70534
7,576,2.56862e-5,3.67558e-5,3.67558e-5,1.3228e-5,3.93966
7,577,33.0484,24.9154,24.9154,26.9454,0.947456
7,578,94.7583,78.9436,78.9436,84.2342,0.522636
7,581,294.891,257.882,257.882,264.725,0.476668
7,583,278.579,263.995,263.995,261.647,0.270715
7,600,8.53386,19.5119,19.5119,15.0685,-1.81406
7,624,0.0395538,0.240871,0.240871,0.140192,-3.0029
7,648,0.000172542,0.00292575,0.00292575,0.00128779,-3.62265
8,0,0,0,0,0,0
8,1,89.6883,103.207,103.207,90.6418,-0.0440066
8,2,220.321,199.608,199.608,203.533,0.345051
8,5,274.312,245.467,245.467,276.781,-0.0373078
8,7,221.095,196.036,196.036,220.112,0.0186827
8,24,10.4459,10.2234,10.2234,10.318,0.0518553
8,48,0.109267,0.125085,0.125085,0.110395,-0.0427373
8,72,0.00142686,0.00152055,0.00152055,0.00118464,0.855306
8,96,1.72156e-5,1.83321e-5,1.83321e-5,1.27829e-5,1.45055
8,97,20.7876,16.8042,16.8042,20.7468,0.00822734
8,98,51.3128,53.3415,53.3415,65.1131,-0.886582
8,101,206.093,168.965,168.965,199.1,0.146919
8,103,161.646,167.422,167.422,191.447,-0.651163
8,120,9.9034,11.4292,11.4292,11.2524,-0.501491
8,144,0.11607,0.140525,0.140525,0.12225,-0.211444
8,168,0.00136956,0.00170562,0.00170562,0.00132021,0.156364
8,192,1.26964e-5,2.05519e-5,2.05519e-5,1.39764e-5,-0.383087
8,193,23.6039,20.6807,20.6807,24.4131,-0.138657
8,194,86.0851,65.6732,65.6732,76.6812,0.512998
8,197,300.189,210.688,210.688,238.01,1.09283
8,199,231.723,211.305,211.305,231.925,-0.00364959
8,216,15.4744,14.8318,14.8318,13.9104,0.470346
8,240,0.137735,0.181046,0.181046,0.149777,-0.336314
8,264,0.00154168,0.00218502,0.00218502,0.00159947,-0.151148
8,288,1.80578e-5,2.6382e-5,2.6382e-5,1.7038e-5,0.250375
8,289,54.7993,42.2242,42.2242,48.2697,0.565857
8,290,141.41,133.405,133.405,150.839,-0.261498
8,293,474.469,429.302,429.302,462.341,0.109736
8,295,409.207,428.277,428.277,450.191,-0.38082
8,312,26.0105,29.9872,29.9872,27.0611,-0.162393
8,336,0.312614,0.369318,0.369318,0.291866,0.297357
8,360,0.00300165,0.00448663,0.00448663,0.00313492,-0.177829
8,384,3.33388e-5,5.43536e-5,5.43536e-5,3.35488e-5,-0.0261815
8,385,33.3515,30.8876,30.8876,33.6983,-0.0430415
8,386,103.713,97.7988,97.7988,105.575,-0.0737776
8,389,336.574,316.612,316.612,333.089,0.0437589
8,391,323.336,322.586,322.586,329.28,-0.075512
8,408,22.3721,23.4739,23.4739,20.4951,0.383104
8,432,0.246899,0.287437,0.287437,0.223151,0.445166
8,456,0.0024691,0.00345896,0.00345896,0.00241051,0.101674
8,480,3.21709e-5,4.16631e-5,4.16631e-5,2.59081e-5,1.01119
8,481,32.4523,27.0496,27.0496,28.7215,0.543376
8,482,90.264,85.6876,85.6876,90.0347,0.0106553
8,485,276.604,279.171,279.171,284.14,-0.110951
8,487,279.296,285.323,285.323,282.632,-0.0493678
8,504,16.0742,20.952,20.952,17.8131,-0.408348
8,528,0.200149,0.255659,0.255659,0.194148,0.129295
8,552,0.00242799,0.00305911,0.00305911,0.00209515,0.664541
8,576,2.51182e-5,3.67558e-5,3.67558e-5,2.23091e-5,0.526739
8,577,31.9329,24.9154,24.9154,25.9491,0.964612
8,578,99.8682,78.9436,78.9436,81.3653,0.951266
8,581,321.623,257.882,257.882,258.395,1.02359
8,583,282.213,263.995,263.995,257.227,0.406319
8,600,17.0602,19.5119,19.5119,16.2735,0.202214
8,624,0.197237,0.240871,0.240871,0.177605,0.462387
8,648,0.00172173,0.00292575,0.00292575,0.00191557,-0.423287
9,0,0,0,0,0,0
9,1,84.1197,103.207,103.207,96.0769,-0.520606
9,2,144.294,199.608,199.608,150.183,-0.164045
9,5,162.665,245.467,245.467,167.51,-0.120973
9,7,142.142,196.036,196.036,134.473,0.238555
9,24,6.53216,10.2234,10.2234,8.15771,-0.83355
9,48,0.127088,0.125085,0.125085,0.129286,-0.0711065
9,72,0.00199046,0.00152055,0.00152055,0.00204534,-0.11224
9,96,3.50654e-5,1.83321e-5,1.83321e-5,3.21508e-5,0.37922
9,97,11.9901,16.8042,16.8042,11.8254,0.0582528
9,98,38.4219,53.3415,53.3415,37.4577,0.107674
9,101,129.068,168.965,168.965,118.726,0.36439
9,103,103.574,167.422,167.422,117.983,-0.510882
9,120,10.5127,11.4292,11.4292,9.09818,0.650363
9,144,0.123849,0.140525,0.140525,0.144487,-0.597516
9,168,0.00248287,0.00170562,0.00170562,0.0022816,0.368998
9,192,4.00564e-5,2.05519e-5,2.05519e-5,3.58767e-5,0.487342
9,193,14.251,20.6807,20.6807,15.7902,-0.407782
9,194,67.2169,65.6732,65.6732,50.0252,1.43757
9,197,168.403,210.688,210.688,161.305,0.184055
9,199,174.839,211.305,211.305,161.974,0.332241
9,216,13.7627,14.8318,14.8318,12.7012,0.349594
9,240,0.218134,0.181046,0.181046,0.203867,0.292751
9,264,0.0031064,0.00218502,0.00218502,0.0032492,-0.183847
9,288,4.93924e-5,2.6382e-5,2.6382e-5,5.17285e-5,-0.188915
9,289,37.5462,42.2242,42.2242,34.3723,0.386263
9,290,114.123,133.405,133.405,108.385,0.221454
9,293,349.555,429.302,429.302,346.02,0.0427302
9,295,387.688,428.277,428.277,348.081,0.475994
9,312,26.2796,29.9872,29.9872,27.5138,-0.187639
9,336,0.490974,0.369318,0.369318,0.437976,0.506185
9,360,0.00688738,0.00448663,0.00448663,0.0069127,-0.0153238
9,384,0.00010682,5.43536e-5,5.43536e-5,0.000108955,-0.0819488
9,385,26.0995,30.8876,30.8876,27.5078,-0.214158
9,386,81.1841,97.7988,97.7988,86.8889,-0.274648
9,389,321.384,316.612,316.612,281.417,0.594092
9,391,295.563,322.586,322.586,286.498,0.13236
9,408,26.4982,23.4739,23.4739,23.0689,0.621837
9,432,0.340723,0.287437,0.287437,0.364778,-0.275851
9,456,0.00601707,0.00345896,0.00345896,0.0057274,0.211564
9,480,9.01054e-5,4.16631e-5,4.16631e-5,8.98576e-5,0.0115389
9,481,31.7609,27.0496,27.0496,25.1983,1.08945
9,482,87.9968,85.6876,85.6876,79.6226,0.439951
9,485,226.904,279.171,279.171,261.161,-0.548716
9,487,226.422,285.323,285.323,265.966,-0.621954
9,504,22.0937,20.952,20.952,21.5931,0.096995
9,528,0.37842,0.255659,0.255659,0.343538,0.424749
9,552,0.0063213,0.00305911,0.00305911,0.00542501,0.691117
9,576,7.84428e-5,3.67558e-5,3.67558e-5,8.55715e-5,-0.348484
9,577,27.2309,24.9154,24.9154,23.9432,0.574395
9,578,84.0187,78.9436,78.9436,75.6681,0.461641
9,581,274.595,257.882,257.882,247.712,0.453972
9,583,263.37,263.995,263.995,252.715,0.176368
9,600,22.0871,19.5119,19.5119,20.4103,0.343672
9,624,0.37976,0.240871,0.240871,0.323878,0.721755
9,648,0.00560632,0.00292575,0.00292575,0.00509839,0.416741
10,0,0,0,0,0,0
10,1,68.3146,103.207,103.207,75.2291,-0.384476
10,2,144.548,199.608,199.608,152.702,-0.22339
10,5,190.84,245.467,245.467,183.891,0.158072
10,7,144.628,196.036,196.036,137.635,0.212544
10,24,4.39681,10.2234,10.2234,5.06343,-0.550723
10,48,0.0350898,0.125085,0.125085,0.0437971,-0.831642
10,72,0.000363165,0.00152055,0.00152055,0.000379037,-0.175171
10,96,4.77811e-6,1.83321e-5,1.83321e-5,3.16706e-6,2.12791
10,97,18.8233,16.8042,16.8042,17.2694,0.376401
10,98,50.4334,53.3415,53.3415,51.59,-0.0937821
10,101,118.875,168.965,168.965,138.325,-0.588214
10,103,115.735,167.422,167.422,120.168,-0.154319
10,120,5.59804,11.4292,11.4292,4.91157,0.584654
10,144,0.0325087,0.140525,0.140525,0.0424936,-0.982923
10,168,0.000349132,0.00170562,0.00170562,0.00036799,-0.214373
10,192,3.90183e-6,2.05519e-5,2.05519e-5,2.90975e-6,1.42623
10,193,20.8318,20.6807,20.6807,20.7105,0.0244841
10,194,70.2011,65.6732,65.6732,61.954,0.556843
10,197,188.79,210.688,210.688,169.861,0.466159
10,199,147.865,211.305,211.305,148.839,-0.0273789
10,216,5.63944,14.8318,14.8318,6.13644,-0.338797
10,240,0.0513491,0.181046,0.181046,0.0530871,-0.136947
10,264,0.000388236,0.00218502,0.00218502,0.000459501,-0.648765
10,288,3.34288e-6,2.6382e-5,2.6382e-5,3.72491e-6,-0.429029
10,289,58.7402,61.2056,61.2056,59.6384,-0.063001
10,290,210.416,192.467,192.467,176.72,0.797611
10,293,488.335,603.356,603.356,467.788,0.183736
10,295,438.357,600.128,600.128,407.509,0.316656
10,312,17.9653,41.628,41.628,16.6897,0.3197
10,336,0.159176,0.508807,0.508807,0.144417,0.427495
10,360,0.00104303,0.00614123,0.00614123,0.001251,-0.695405
10,384,1.11693e-5,7.39792e-5,7.39792e-5,1.07995e-5,0.143246
10,385,45.6611,41.4621,41.4621,37.9663,0.847819
10,386,126.047,130.845,130.845,113.127,0.477723
10,389,373.929,426.027,426.027,312.824,0.81711
10,391,308.12,432.362,432.362,278.594,0.443335
10,408,11.878,31.5471,31.5471,11.6121,0.0957897
10,432,0.108973,0.389201,0.389201,0.0998574,0.381858
10,456,0.00104389,0.00472831,0.00472831,0.00085839,0.903996
10,480,7.80319e-6,5.72885e-5,5.72885e-5,7.27153e-6,0.305851
10,481,25.8688,36.1728,36.1728,32.2138,-0.823933
10,482,92.7082,114.216,114.216,96.0718,-0.146456
10,485,248.391,372.523,372.523,269.649,-0.329783
10,487,258.08,380.714,380.714,240.915,0.298046
10,504,12.6132,28.1046,28.1046,10.1423,1.01909
10,528,0.0958674,0.349958,0.349958,0.0882247,0.362376
10,552,0.000672588,0.00428799,0.00428799,0.000767442,-0.517024
10,576,7.67408e-6,5.25133e-5,5.25133e-5,6.59027e-6,0.687939
10,577,39.275,33.3939,33.3939,29.1312,1.4566
10,578,83.2566,105.465,105.465,86.9111,-0.175896
10,581,218.081,343.529,343.529,244.276,-0.448577
10,583,305.999,352.068,352.068,218.704,1.66967
10,600,8.58706,26.1762,26.1762,9.25864,-0.303424
10,624,0.0829499,0.323253,0.323253,0.0815655,0.070999
10,648,0.000556324,0.00392861,0.00392861,0.000715268,-0.929557
11,0,0,0,0,0,0
11,1,62.32,103.207,103.207,56.6891,0.415511
11,2,77.5302,199.608,199.608,84.4947,-0.344797
11,5,95.1849,245.467,245.467,89.7263,0.254484
11,7,69.9218,196.036,196.036,70.5116,-0.0349867
11,24,5.22911,10.2234,10.2234,4.78001,0.393021
11,48,0.115372,0.125085,0.125085,0.100993,0.59557
11,72,0.00219664,0.00152055,0.00152055,0.00213482,0.121135
11,96,4.61098e-5,1.83321e-5,1.83321e-5,4.51406e-5,0.0898077
11,97,7.83196,16.8042,16.8042,7.12383,0.415812
11,98,26.529,53.3415,53.3415,21.5252,0.972403
11,101,67.6793,168.965,168.965,61.3345,0.432731
11,103,62.2433,167.422,167.422,56.1754,0.451843
11,120,4.78846,11.4292,11.4292,4.19929,0.586906
11,144,0.0818848,0.140525,0.140525,0.0891685,-0.341695
11,168,0.00223342,0.00170562,0.00170562,0.00189453,0.748266
11,192,4.58859e-5,2.05519e-5,2.05519e-5,4.00385e-5,0.61092
11,193,9.55646,20.6807,20.6807,9.88695,-0.139832
11,194,30.7146,65.6732,65.6732,29.8805,0.116764
11,197,99.1324,210.688,210.688,85.6226,0.660029
11,199,82.7037,211.305,211.305,78.8479,0.204556
11,216,5.17664,14.8318,14.8318,5.92943,-0.531077
11,240,0.128619,0.181046,0.181046,0.125919,0.0896682
11,264,0.00229838,0.00218502,0.00218502,0.00267558,-0.589736
11,288,5.79081e-5,2.6382e-5,2.6382e-5,5.66434e-5,0.0933973
11,289,31.6374,61.2056,61.2056,31.5555,0.0108619
11,290,84.1405,192.467,192.467,94.6287,-0.463635
11,293,275.586,603.356,603.356,266.306,0.145768
11,295,234.535,600.128,600.128,245.312,-0.183769
11,312,19.443,41.628,41.628,18.3543,0.248136
11,336,0.369707,0.508807,0.508807,0.391549,-0.233355
11,360,0.0084497,0.00614123,0.00614123,0.00829492,0.0780537
11,384,0.000159009,7.39792e-5,7.39792e-5,0.000175746,-0.398387
11,385,26.0458,41.4621,41.4621,24.0502,0.347094
11,386,68.4627,130.845,130.845,72.3644,-0.225542
11,389,185.426,426.027,426.027,210.042,-0.490241
11,391,219.12,432.362,432.362,195.74,0.499636
11,408,18.5293,31.5471,31.5471,14.8553,1.03456
11,432,0.359702,0.389201,0.389201,0.315477,0.586402
11,456,0.0073948,0.00472831,0.00472831,0.00670123,0.432953
11,480,0.000138668,5.72885e-5,5.72885e-5,0.000142123,-0.101707
11,481,24.9865,36.1728,36.1728,22.0536,0.556317
11,482,82.3307,114.216,114.216,66.3899,1.00441
11,485,198.865,372.523,372.523,192.56,0.136951
11,487,191.24,380.714,380.714,180.141,0.257723
11,504,16.4305,28.1046,28.1046,13.7034,0.832489
11,528,0.33799,0.349958,0.349958,0.292924,0.643557
11,552,0.00614878,0.00428799,0.00428799,0.00625605,-0.0717276
11,576,0.000123236,5.25133e-5,5.25133e-5,0.000133469,-0.320721
11,577,24.6564,33.3939,33.3939,21.0351,0.720152
11,578,73.0578,105.465,105.465,63.3357,0.642111
11,581,175.8,343.529,343.529,184.15,-0.189686
11,583,173.133,352.068,352.068,172.404,0.0176795
11,600,10.2356,26.1762,26.1762,13.1301,-0.922149
11,624,0.248557,0.323253,0.323253,0.281062,-0.483787
11,648,0.00642733,0.00392861,0.00392861,0.00600956,0.290799
12,0,0,0,0,0,0
12,1,167.032,103.207,103.207,160.341,0.174554
12,2,380.649,199.608,199.608,361.794,0.218008
12,5,480.871,245.467,245.467,507.932,-0.222862
12,7,428.677,196.036,196.036,417.058,0.116539
12,24,37.2151,10.2234,10.2234,36.2332,0.113365
12,48,1.21927,0.125085,0.125085,1.0833,0.52501
12,72,0.0245314,0.00152055,0.00152055,0.0323823,-1.01417
12,96,0.00113462,1.83321e-5,1.83321e-5,0.000964363,0.738538
12,97,39.5488,16.8042,16.8042,34.2648,0.645089
12,98,120.272,53.3415,53.3415,105.364,0.591864
12,101,347.425,168.965,168.965,311.984,0.475197
12,103,358.762,167.422,167.422,297.248,0.86567
12,120,38.213,11.4292,11.4292,28.564,1.41308
12,144,0.952331,0.140525,0.140525,0.84818,0.513658
12,168,0.0272089,0.00170562,0.00170562,0.025172,0.338489
12,192,0.000818913,2.05519e-5,2.05519e-5,0.000745962,0.409087
12,193,48.684,20.6807,20.6807,43.042,0.548334
12,194,137.261,65.6732,65.6732,132.369,0.1546
12,197,428.554,210.688,210.688,395.566,0.348845
12,199,398.872,211.305,211.305,379.637,0.211938
12,216,41.1182,14.8318,14.8318,36.7423,0.498195
12,240,1.00095,0.181046,0.181046,1.0979,-0.369413
12,264,0.0350092,0.00218502,0.00218502,0.0328098,0.280417
12,288,0.00110454,2.6382e-5,2.6382e-5,0.000976443,0.548786
12,289,123.154,61.2056,61.2056,125.255,-0.0701658
12,290,352.636,192.467,192.467,381.827,-0.319798
12,293,1038.31,603.356,603.356,1111.43,-0.275212
12,295,1092.67,600.128,600.128,1059.48,0.13105
12,312,97.6371,41.628,41.628,101.776,-0.170112
12,336,3.07096,0.508807,0.508807,3.02894,0.0580239
12,360,0.0969074,0.00614123,0.00614123,0.0901079,0.315657
12,384,0.00293388,7.39792e-5,7.39792e-5,0.00267411,0.406363
12,385,85.4676,41.4621,41.4621,79.6484,0.305622
12,386,215.641,130.845,130.845,243.742,-0.482271
12,389,764.131,426.027,426.027,733.959,0.171957
12,391,679.664,432.362,432.362,712.181,-0.190996
12,408,73.2182,31.5471,31.5471,70.041,0.189755
12,432,2.19943,0.389201,0.389201,2.07345,0.254144
12,456,0.0708269,0.00472831,0.00472831,0.0613746,0.644241
12,480,0.00225387,5.72885e-5,5.72885e-5,0.00181695,1.0059
12,481,64.0382,36.1728,36.1728,67.5172,-0.215543
12,482,216.987,114.216,114.216,206.749,0.207152
12,485,575.072,372.523,372.523,625.317,-0.336118
12,487,508.297,380.714,380.714,609.032,-0.691891
12,504,56.4074,28.1046,28.1046,59.7226,-0.232205
12,528,1.75089,0.349958,0.349958,1.75976,-0.0210775
12,552,0.0414737,0.00428799,0.00428799,0.0518075,-0.83439
12,576,0.00170907,5.25133e-5,5.25133e-5,0.00153218,0.482925
12,577,57.879,33.3939,33.3939,61.0281,-0.215852
12,578,218.227,105.465,105.465,186.928,0.700407
12,581,589.478,343.529,343.529,566.799,0.167382
12,583,462.477,352.068,352.068,552.842,-0.683749
12,600,54.2335,26.1762,26.1762,54.3355,-0.00784884
12,624,1.5409,0.323253,0.323253,1.60049,-0.155738
12,648,0.0489203,0.00392861,0.00392861,0.0471394,0.158031
13,0,0,0,0,0,0
13,1,159.837,322.089,322.089,184.785,-0.564781
13,2,276.785,493.991,493.991,255.069,0.356142
13,5,287.326,543.688,543.688,273.002,0.21949
13,7,210.39,432.92,432.92,218.454,-0.154414
13,24,9.60135,22.7036,22.7036,9.93567,-0.140757
13,48,0.0631695,0.277759,0.277759,0.0694825,-0.380065
13,72,0.000367545,0.00338086,0.00338086,0.000409835,-0.431649
13,96,5.39817e-6,4.09206e-5,4.09206e-5,1.89998e-6,7.70182
13,97,9.27981,17.1878,17.1878,10.2523,-0.396778
13,98,37.7443,54.6439,54.6439,33.4796,0.532857
13,101,149.979,177.761,177.761,116.552,1.19969
13,103,120.698,179.687,179.687,125.288,-0.153263
13,120,11.5797,12.8388,12.8388,10.8388,0.285917
13,144,0.0982152,0.158192,0.158192,0.0929768,0.235681
13,168,0.000547946,0.00192089,0.00192089,0.000590232,-0.299695
13,192,3.97625e-6,2.31723e-5,2.31723e-5,3.34159e-6,0.794492
13,193,21.3,32.852,32.852,19.3702,0.416765
13,194,60.4497,104.03,104.03,62.9851,-0.168391
13,197,231.042,334.651,334.651,217.705,0.256274
13,199,211.882,337.225,337.225,234.642,-0.405758
13,216,25.0656,24.0574,24.0574,20.7384,0.872849
13,240,0.195844,0.29695,0.29695,0.180759,0.349113
13,264,0.00115227,0.00360235,0.00360235,0.00116707,-0.0530513
13,288,9.84565e-6,4.34915e-5,4.34915e-5,6.60493e-6,2.05246
13,289,40.7939,71.4091,71.4091,43.5345,-0.26334
13,290,161.714,223.648,223.648,139.776,0.656557
13,293,516.64,705.753,705.753,474.473,0.371762
13,295,599.336,714.769,714.769,513.787,0.696512
13,312,46.642,51.5165,51.5165,47.2023,-0.0496514
13,336,0.398188,0.63524,0.63524,0.417074,-0.189424
13,360,0.00226574,0.00770988,0.00770988,0.00269827,-0.670549
13,384,1.63334e-5,9.33874e-5,9.33874e-5,1.60704e-5,0.0684636
13,385,40.0808,56.1296,56.1296,36.8259,0.369736
13,386,151.8,176.091,176.091,118.382,1.18084
13,389,377.577,564.156,564.156,407.376,-0.305984
13,391,492.285,578.498,578.498,445.887,0.43529
13,408,50.6316,42.8342,42.8342,43.1467,0.725667
13,432,0.364472,0.533785,0.533785,0.387513,-0.24872
13,456,0.00202029,0.00654498,0.00654498,0.00251819,-0.827096
13,480,1.98305e-5,8.01927e-5,8.01927e-5,1.43182e-5,1.61043
13,481,41.5424,50.651,50.651,34.5795,0.842317
13,482,123.089,158.966,158.966,111.188,0.447748
13,485,469.284,511.994,511.994,382.835,0.944602
13,487,510.484,526.399,526.399,419.972,0.901548
13,504,45.3582,39.1663,39.1663,41.3812,0.402021
13,528,0.450388,0.480706,0.480706,0.373776,0.857409
13,552,0.00228553,0.00580041,0.00580041,0.00244335,-0.270196
13,576,1.38056e-5,6.98736e-5,6.98736e-5,1.40235e-5,-0.0650159
13,577,41.6633,47.6059,47.6059,33.3941,1.03584
13,578,124.509,149.438,149.438,107.387,0.666951
13,581,400.633,482.718,482.718,369.944,0.347012
13,583,458.878,496.973,496.973,406.377,0.540435
13,600,47.9319,37.1451,37.1451,40.3939,0.780626
13,624,0.382508,0.453984,0.453984,0.362822,0.226974
13,648,0.00241045,0.00543497,0.00543497,0.00236553,0.0794361
14,0,0,0,0,0,0
14,1,143.049,322.089,322.089,132.131,0.345674
14,2,177.019,493.991,493.991,176.146,0.0207215
14,5,202.409,543.688,543.688,201.001,0.0293001
14,7,177.731,432.92,432.92,170.685,0.172686
14,24,9.48104,22.7036,22.7036,12.5271,-1.01716
14,48,0.16283,0.277759,0.277759,0.192568,-0.645979
14,72,0.00270098,0.00338086,0.00338086,0.0028108,-0.163442
14,96,4.85668e-5,4.09206e-5,4.09206e-5,4.07251e-5,0.805469
14,97,9.39315,17.1878,17.1878,8.06516,0.68878
14,98,31.1543,54.6439,54.6439,26.3864,0.755872
14,101,106.446,177.761,177.761,93.1003,0.599664
14,103,99.2524,179.687,179.687,101.59,-0.0962388
14,120,11.3936,12.8388,12.8388,11.239,0.0575372
14,144,0.164272,0.158192,0.158192,0.179531,-0.355555
14,168,0.00240581,0.00192089,0.00192089,0.0026259,-0.350615
14,192,4.0444e-5,2.31723e-5,2.31723e-5,3.80863e-5,0.258955
14,193,19.4776,32.852,32.852,16.4234,0.777933
14,194,62.8607,104.03,104.03,53.5236,0.729733
14,197,209.954,334.651,334.651,189.226,0.458239
14,199,219.658,337.225,337.225,206.327,0.270268
14,216,23.6381,24.0574,24.0574,23.0087,0.114431
14,240,0.376816,0.29695,0.29695,0.368035,0.0998027
14,264,0.00549392,0.00360235,0.00360235,0.00538474,0.0848133
14,288,7.79163e-5,4.34915e-5,4.34915e-5,7.83165e-5,-0.0213768
14,289,46.3618,71.4091,71.4091,39.8614,0.682159
14,290,151.203,223.648,223.648,128.409,0.742576
14,293,430.792,705.753,705.753,442.656,-0.112117
14,295,487.648,714.769,714.769,486.954,0.00596022
14,312,55.4729,51.5165,51.5165,55.9906,-0.0386741
14,336,1.06337,0.63524,0.63524,0.899161,0.763952
14,360,0.0124368,0.00770988,0.00770988,0.0131737,-0.234008
14,384,0.000228068,9.33874e-5,9.33874e-5,0.000191861,0.789437
14,385,39.2864,56.1296,56.1296,36.4314,0.327817
14,386,122.915,176.091,176.091,117.44,0.195017
14,389,510.944,564.156,564.156,407.97,1.05584
14,391,517.271,578.498,578.498,451.497,0.6094
14,408,43.4955,42.8342,42.8342,52.5916,-0.723504
14,432,0.823802,0.533785,0.533785,0.846442,-0.111886
14,456,0.0131826,0.00654498,0.00654498,0.0123541,0.280533
14,480,0.000140431,8.01927e-5,8.01927e-5,0.000179111,-0.903373
14,481,39.0461,50.651,50.651,35.3386,0.438863
14,482,121.234,158.966,158.966,113.931,0.26815
14,485,418.092,511.994,511.994,396.438,0.228478
14,487,462.662,526.399,526.399,439.198,0.22348
14,504,53.3596,39.1663,39.1663,51.3773,0.161398
14,528,0.900854,0.480706,0.480706,0.82307,0.395326
14,552,0.013572,0.00580041,0.00580041,0.01198,0.555907
14,576,0.00017479,6.98736e-5,6.98736e-5,0.000170916,0.0948078
14,577,36.8379,47.6059,47.6059,34.7835,0.24706
14,578,120.053,149.438,149.438,112.147,0.294923
14,581,363.218,482.718,482.718,390.494,-0.292198
14,583,484.079,496.973,496.973,432.79,0.495733
14,600,50.5341,37.1451,37.1451,50.8034,-0.0221734
14,624,0.785226,0.453984,0.453984,0.813251,-0.144149
14,648,0.0110943,0.00543497,0.00543497,0.0118321,-0.260836
15,0,0,0,0,0,0
15,1,523.731,322.089,322.089,550.862,-0.206024
15,2,1679.77,493.991,493.991,1811.73,-0.304685
15,5,5767.72,543.688,543.688,6052.55,-0.196855
15,7,6880.05,432.92,432.92,6336.14,0.359093
15,24,831.424,22.7036,22.7036,777.209,0.291801
15,48,22.2518,0.277759,0.277759,19.7018,0.54143
15,72,0.418521,0.00338086,0.00338086,0.472017,-0.474088
16,0,0,0,0,0,0
16,1,492.236,493.739,493.739,408.49,0.857593
16,2,615.983,708.305,708.305,560.399,0.414914
16,5,609.803,763.848,763.848,629.049,-0.127987
16,7,507.945,609.821,609.821,533.604,-0.201151
16,24,57.5608,32.2347,32.2347,53.9291,0.281702
16,48,2.14546,0.385562,0.385562,2.09841,0.0938013
16,72,0.0816086,0.00476433,0.00476433,0.0871815,-0.267398
16,96,0.00343429,5.56309e-5,5.56309e-5,0.00368337,-0.282879
16,97,24.9115,31.9311,31.9311,26.0147,-0.177396
16,98,102.887,101.133,101.133,87.037,0.761768
16,101,363.492,325.122,325.122,329.496,0.431594
16,103,394.768,329.035,329.035,387.004,0.0839263
16,120,97.9646,23.5086,23.5086,85.5429,0.607433
16,144,3.99242,0.287827,0.287827,3.86395,0.139075
16,168,0.150629,0.00347403,0.00347403,0.163408,-0.327129
16,192,0.0059654,4.17736e-5,4.17736e-5,0.0068883,-0.560459
16,193,48.3048,48.8009,48.8009,39.2473,0.965383
16,194,133.125,153.757,153.757,130.424,0.0866254
16,197,609.481,492.45,492.45,489.043,1.03019
16,199,565.443,500.407,500.407,579.292,-0.100005
16,216,136.337,36.1274,36.1274,137.479,-0.0347481
16,240,6.47891,0.438067,0.438067,6.37572,0.0676999
16,264,0.236613,0.00518707,0.00518707,0.270602,-0.52542
16,288,0.0102589,6.19306e-5,6.19306e-5,0.0114144,-0.423441
16,289,61.5563,76.2374,76.2374,63.9311,-0.155387
16,290,242.654,237.877,237.877,209.698,0.657414
16,293,891.862,754.324,754.324,770.802,0.656986
16,295,866.686,770.806,770.806,917.158,-0.230199
16,312,231.756,56.738,56.738,231.88,-0.00223945
16,336,14.8908,0.698775,0.698775,11.0111,1.47388
16,360,0.437482,0.00844243,0.00844243,0.469297,-0.283592
17,0,0,0,0,0,0
17,1,305.194,493.739,493.739,307.053,-0.0253255
17,2,451.322,708.305,708.305,408.927,0.433678
17,5,493.913,763.848,763.848,461.721,0.29166
17,7,357.296,609.821,609.821,387.939,-0.330423
17,24,18.2627,32.2347,32.2347,26.5967,-1.31077
17,48,0.108993,0.385562,0.385562,0.388204,-3.00866
17,72,0.000887296,0.00476433,0.00476433,0.00528173,-3.48038
17,96,6.56031e-6,5.56309e-5,5.56309e-5,7.21335e-5,-3.80268
17,97,25.7077,31.9311,31.9311,22.687,0.556978
17,98,91.3,101.133,101.133,73.5243,1.01133
17,101,299.655,325.122,325.122,253.387,0.763833
17,103,280.723,329.035,329.035,272.43,0.127337
17,120,20.3903,23.5086,23.5086,27.4229,-1.07275
17,144,0.145487,0.287827,0.287827,0.408752,-2.69422
17,168,0.00107616,0.00347403,0.00347403,0.00572305,-3.39652
17,192,0.000154203,4.17736e-5,4.17736e-5,7.96502e-5,3.91539
17,193,41.6854,48.8009,48.8009,36.5729,0.584753
17,194,167.224,153.757,153.757,117.875,1.75132
17,197,408.928,492.45,492.45,404.623,0.0445077
17,199,514.157,500.407,500.407,436.953,0.739094
17,216,29.531,36.1274,36.1274,45.002,-1.43809
17,240,0.265793,0.438067,0.438067,0.677928,-2.54306
17,264,0.00177059,0.00518707,0.00518707,0.00955517,-3.40798
17,288,2.02139e-5,6.19306e-5,6.19306e-5,0.00013429,-3.55346
17,289,58.6257,76.2374,76.2374,61.3916,-0.188462
17,290,228.222,237.877,237.877,195.784,0.693071
17,293,569.062,754.324,754.324,663.573,-0.595792
17,295,710.162,770.806,770.806,722.322,-0.0704219
17,312,60.9911,56.738,56.738,76.5399,-0.849786
17,336,0.493912,0.698775,0.698775,1.1474,-2.38245
17,360,0.00271456,0.00844243,0.00844243,0.0160676,-3.4764
18,0,0,0,0,0,0
18,1,226.108,493.739,493.739,275.396,-0.748661
18,2,293.793,708.305,708.305,378.438,-0.935635
18,5,418.113,763.848,763.848,411.246,0.0698477
18,7,352.943,609.821,609.821,335.534,0.217033
18,24,18.3958,32.2347,32.2347,17.7217,0.159118
18,48,0.132645,0.385562,0.385562,0.163086,-0.780816
18,72,0.00115157,0.00476433,0.00476433,0.00133375,-0.571398
18,96,1.08356e-5,5.56309e-5,5.56309e-5,1.05061e-5,0.131176
18,97,20.9786,31.9311,31.9311,18.4435,0.574979
18,98,66.9878,101.133,101.133,59.7996,0.502834
18,101,197.823,325.122,325.122,205.286,-0.15209
18,103,250.878,329.035,329.035,219.498,0.598025
18,120,19.5534,23.5086,23.5086,19.1681,0.0840764
18,144,0.18282,0.287827,0.287827,0.186678,-0.0864659
18,168,0.00157983,0.00347403,0.00347403,0.00153414,0.124571
18,192,1.33788e-5,4.17736e-5,4.17736e-5,1.22842e-5,0.372747
18,193,29.3397,48.8009,48.8009,28.2519,0.16107
18,194,97.2493,153.757,153.757,91.0802,0.283331
18,197,382.74,492.45,492.45,312.033,0.947905
18,199,375.586,500.407,500.407,335.613,0.498225
18,216,30.5758,36.1274,36.1274,30.0879,0.0678303
18,240,0.284289,0.438067,0.438067,0.297508,-0.185869
18,264,0.00280753,0.00518707,0.00518707,0.00247229,0.567224
18,288,1.95409e-5,6.19306e-5,6.19306e-5,1.98345e-5,-0.0619106
18,289,50.2973,76.2374,76.2374,45.2983,0.461641
18,290,141.673,237.877,237.877,144.441,-0.0801599
18,293,554.689,754.324,754.324,487.473,0.5768
18,295,638.061,770.806,770.806,528.703,0.865246
18,312,51.7738,56.738,56.738,48.8011,0.254808
18,336,0.488497,0.698775,0.698775,0.48396,0.0392165
18,360,0.00438906,0.00844243,0.00844243,0.00403859,0.363011
18,384,3.4446e-5,0.000101617,0.000101617,3.25708e-5,0.240831
18,385,45.9195,65.6257,65.6257,40.3932,0.572297
18,386,128.476,204.933,204.933,128.879,-0.0130629
18,389,409.098,655.606,655.606,440.407,-0.297378
18,391,466.004,674.502,674.502,478.512,-0.109343
18,408,47.0888,50.0108,50.0108,45.311,0.164131
18,432,0.608425,0.614825,0.614825,0.449934,1.47352
18,456,0.00378654,0.00747214,0.00747214,0.00372113,0.0735326
18,480,2.30402e-5,9.10796e-5,9.10796e-5,2.95973e-5,-0.92674
18,481,41.7599,60.8286,60.8286,38.2683,0.381671
18,482,151.476,190.002,190.002,122.121,1.00552
18,485,437.293,612.253,612.253,414.44,0.230662
18,487,445.807,630.277,630.277,452.694,-0.0636389
18,504,45.5197,47.4025,47.4025,43.3896,0.205357
18,528,0.441347,0.585527,0.585527,0.43162,0.0942682
18,552,0.00354793,0.00711227,0.00711227,0.0035658,-0.0209536
18,576,4.18067e-5,8.62962e-5,8.62962e-5,2.84759e-5,1.95829
18,577,50.8778,57.9662,57.9662,37.0444,1.56209
18,578,133.858,181.084,181.084,118.225,0.553142
18,581,451.157,582.947,582.947,404.147,0.486582
18,583,597.947,600.963,600.963,441.048,1.4881
18,600,56.6181,45.2149,45.2149,42.2719,1.41966
18,624,0.398575,0.555,0.555,0.421535,-0.227848
18,648,0.00340781,0.006698,0.006698,0.00348252,-0.0897403
19,0,0,0,0,0,0
19,1,466.709,322.089,322.089,474.501,-0.0686944
19,2,819.84,493.991,493.991,750.951,0.383746
19,5,970.352,543.688,543.688,902.294,0.315524
19,7,883.114,432.92,432.92,779.42,0.556519
19,24,97.523,22.7036,22.7036,79.6425,0.939149
19,48,1.90057,0.277759,0.277759,2.1443,-0.475466
19,72,0.0613359,0.00338086,0.00338086,0.0530371,0.654537
19,96,0.00131071,4.09206e-5,4.09206e-5,0.00126627,0.146811
19,97,24.9527,17.1878,17.1878,21.0792,0.768689
19,98,54.411,54.6439,54.6439,71.4296,-0.996659
19,101,263.766,177.761,177.761,279.228,-0.23163
19,103,356.462,179.687,179.687,334.659,0.272529
19,120,74.4338,12.8388,12.8388,76.9976,-0.139289
19,144,3.63393,0.158192,0.158192,2.69892,1.44919
19,168,0.0843879,0.00192089,0.00192089,0.0734118,0.625436
19,192,0.00213672,2.31723e-5,2.31723e-5,0.00182747,0.707883
19,193,42.5591,32.852,32.852,39.2885,0.348231
19,194,147.248,104.03,104.03,132.522,0.464837
19,197,427.933,334.651,334.651,513.416,-0.696484
19,199,605.808,337.225,337.225,615.191,-0.0637974
19,216,156.288,24.0574,24.0574,143.287,0.379573
19,240,5.59949,0.29695,0.29695,5.08149,0.426427
19,264,0.138682,0.00360235,0.00360235,0.138726,-0.00131699
19,288,0.00401191,4.34915e-5,4.34915e-5,0.00346666,0.657934
19,289,97.9739,71.4091,71.4091,86.1314,0.575152
19,290,245.8,223.648,223.648,286.593,-0.595418
19,293,991.182,705.753,705.753,1083.45,-0.356241
19,295,1332.31,714.769,714.769,1300.89,0.101027
19,312,346.914,51.5165,51.5165,314.764,0.427266
19,336,11.1155,0.63524,0.63524,11.388,-0.100082
19,360,0.29365,0.00770988,0.00770988,0.313034,-0.259026
20,0,0,0,0,0,0
20,1,205.326,322.089,322.089,204.492,0.0170498
20,2,321.862,493.991,493.991,300.442,0.298236
20,5,271.596,543.688,543.688,324.976,-0.687121
20,7,272.455,432.92,432.92,263.961,0.13461
20,24,32.4581,22.7036,22.7036,29.9976,0.343119
20,48,1.26338,0.277759,0.277759,1.36772,-0.319123
20,72,0.0617065,0.00338086,0.00338086,0.0623345,-0.0421462
20,96,0.00247843,4.09206e-5,4.09206e-5,0.00283978,-0.532279
20,97,12.2329,17.1878,17.1878,9.97911,0.944756
20,98,32.2151,54.6439,54.6439,29.4002,0.400508
20,101,89.6838,177.761,177.761,81.8104,0.402582
20,103,74.8887,179.687,179.687,75.0174,-0.00717627
20,120,8.98957,12.8388,12.8388,8.8899,0.0468974
20,144,0.462594,0.158192,0.158192,0.401134,0.640918
20,168,0.0186207,0.00192089,0.00192089,0.0180834,0.124295
20,192,0.000888818,2.31723e-5,2.31723e-5,0.000816031,0.37312
20,193,18.3147,32.852,32.852,20.3724,-0.422501
20,194,66.708,104.03,104.03,59.856,0.478866
20,197,186.27,334.651,334.651,165.048,0.537883
20,199,142.715,337.225,337.225,151.314,-0.237735
20,216,19.3149,24.0574,24.0574,17.9651,0.314288
20,240,0.755969,0.29695,0.29695,0.821399,-0.333214
20,264,0.0348538,0.00360235,0.00360235,0.0375486,-0.30021
20,288,0.00159411,4.34915e-5,4.34915e-5,0.00171431,-0.293309
20,289,51.2839,71.4091,71.4091,46.5052,0.429837
20,290,130.478,223.648,223.648,135.619,-0.158576
20,293,451.874,705.753,705.753,371.967,0.898636
20,295,311.761,714.769,714.769,340.616,-0.354367
20,312,43.3423,51.5165,51.5165,40.433,0.300987
20,336,1.86718,0.63524,0.63524,1.84538,0.0494286
20,360,0.0860136,0.00770988,0.00770988,0.0842153,0.0893246
20,384,0.0037959,9.33874e-5,9.33874e-5,0.00383712,-0.0449307
20,385,36.7478,56.1296,56.1296,37.4041,-0.0733923
20,386,117.39,176.091,176.091,109.249,0.311688
20,389,332.158,564.156,564.156,301.299,0.428433
20,391,266.487,578.498,578.498,277.789,-0.170191
20,408,33.5929,42.8342,42.8342,33.0058,0.0744109
20,432,1.84986,0.533785,0.533785,1.49167,1.00447
20,456,0.0858831,0.00654498,0.00654498,0.0673952,1.14751
20,480,0.00364613,8.01927e-5,8.01927e-5,0.00304802,0.82085
20,481,29.9379,50.651,50.651,33.9507,-0.494419
20,482,96.2874,158.966,158.966,99.2041,-0.122989
20,485,253.024,511.994,511.994,276.085,-0.349411
20,487,255.967,526.399,526.399,254.703,0.0207634
20,504,33.8858,39.1663,39.1663,30.3072,0.493941
20,528,1.59299,0.480706,0.480706,1.36736,0.690259
20,552,0.0801406,0.00580041,0.00580041,0.0616605,1.25371
20,576,0.0027843,6.98736e-5,6.98736e-5,0.00278464,-0.000511954
20,577,28.1149,47.6059,47.6059,31.98,-0.505562
20,578,101.494,149.438,149.438,93.4628,0.359434
20,581,267.05,482.718,482.718,260.632,0.10302
20,583,204.045,496.973,496.973,240.616,-0.635798
20,600,32.6417,37.1451,37.1451,28.6428,0.584008
20,624,1.76839,0.453984,0.453984,1.29306,1.53771
20,648,0.0557345,0.00543497,0.00543497,0.0583562,-0.187935
21,0,0,0,0,0,0
21,1,659.048,322.089,322.089,610.006,0.336304
21,2,1078.05,493.991,493.991,1217.62,-0.479508
21,5,1535.55,543.688,543.688,1485.93,0.139715
21,7,1196.71,432.92,432.92,1147.98,0.177558
21,24,71.2535,22.7036,22.7036,67.914,0.205689
21,48,1.12219,0.277759,0.277759,1.2037,-0.283277
21,72,0.0219409,0.00338086,0.00338086,0.0213111,0.123636
22,0,0,0,0,0,0
22,1,495.329,322.089,322.089,346.701,1.79327
22,2,520.598,493.991,493.991,519.352,0.0100339
22,5,607.777,543.688,543.688,515.776,0.746156
22,7,366.852,432.92,432.92,382.144,-0.167391
22,24,22.1732,22.7036,22.7036,20.2857,0.389224
22,48,0.411533,0.277759,0.277759,0.319073,1.21217
22,72,0.00467293,0.00338086,0.00338086,0.00499695,-0.271251
22,96,7.56092e-5,4.09206e-5,4.09206e-5,7.88052e-5,-0.16965
22,97,26.3255,17.1878,17.1878,22.2665,0.762549
22,98,68.1304,54.6439,54.6439,62.5595,0.372503
22,101,150.17,177.761,177.761,153.396,-0.0879606
22,103,140.617,179.687,179.687,125.73,0.495291
22,120,7.58943,12.8388,12.8388,6.8923,0.423105
22,144,0.118143,0.158192,0.158192,0.108368,0.377293
22,168,0.00193928,0.00192089,0.00192089,0.00170145,0.584705
22,192,2.59904e-5,2.31723e-5,2.31723e-5,2.67009e-5,-0.111313
22,193,37.1508,32.852,32.852,43.6316,-0.621336
22,194,127.817,104.03,104.03,122.214,0.191792
22,197,295.984,334.651,334.651,295.809,0.00247004
22,199,206.86,337.225,337.225,242.297,-0.611803
22,216,14.7195,24.0574,24.0574,13.2614,0.45993
22,240,0.228401,0.29695,0.29695,0.207243,0.427052
22,264,0.0027906,0.00360235,0.00360235,0.00324118,-0.581532
22,288,4.88644e-5,4.34915e-5,4.34915e-5,5.04771e-5,-0.133654
22,289,97.5631,71.4091,71.4091,94.7237,0.125391
22,290,252.744,223.648,223.648,263.418,-0.16951
22,293,640.385,705.753,705.753,630.231,0.0674019
22,295,473.931,714.769,714.769,515.71,-0.338881
22,312,21.8509,51.5165,51.5165,28.2388,-0.946273
22,336,0.449245,0.63524,0.63524,0.441229,0.0759948
22,360,0.00775945,0.00770988,0.00770988,0.00689973,0.521223
22,384,0.000116859,9.33874e-5,9.33874e-5,0.000107626,0.358836
22,385,73.004,56.1296,56.1296,71.5249,0.0865015
22,386,213.26,176.091,176.091,199.489,0.288767
22,389,514.989,564.156,564.156,488.629,0.225671
22,391,470.854,578.498,578.498,402.87,0.705899
22,408,19.6845,42.8342,42.8342,22.1108,-0.459042
22,432,0.368116,0.533785,0.533785,0.345512,0.273661
22,456,0.00566772,0.00654498,0.00654498,0.00540366,0.204416
22,480,9.19394e-5,8.01927e-5,8.01927e-5,8.42395e-5,0.382358
22,481,58.0572,50.651,50.651,62.8743,-0.32049
22,482,178.855,158.966,158.966,175.491,0.0801896
22,485,450.644,511.994,511.994,433.797,0.162455
22,487,342.715,526.399,526.399,357.847,-0.176891
22,504,19.0901,39.1663,39.1663,19.6976,-0.129013
22,528,0.341395,0.480706,0.480706,0.309856,0.425783
22,552,0.00491578,0.00580041,0.00580041,0.00486599,0.0428079
22,576,8.50471e-5,6.98736e-5,6.98736e-5,7.63936e-5,0.473845
22,577,65.6637,47.6059,47.6059,57.9412,0.557531
22,578,174.577,149.438,149.438,161.775,0.331031
22,581,464.974,482.718,482.718,401.786,0.657873
22,583,375.558,496.973,496.973,331.956,0.549444
22,600,19.6864,37.1451,37.1451,18.2994,0.317073
22,624,0.255773,0.453984,0.453984,0.289472,-0.486971
22,648,0.0046281,0.00543497,0.00543497,0.00456506,0.0577675
23,0,0,0,0,0,0
23,1,60.0596,322.089,322.089,62.768,-0.180498
23,2,84.321,493.991,493.991,83.0903,0.061959
23,5,114.933,543.688,543.688,111.191,0.140743
23,7,114.094,432.92,432.92,102.459,0.475044
23,24,10.7224,22.7036,22.7036,9.68662,0.447281
23,48,0.112268,0.277759,0.277759,0.136602,-0.745175
23,72,0.00158291,0.00338086,0.00338086,0.00146129,0.348178
23,96,1.58262e-5,4.09206e-5,4.09206e-5,1.40326e-5,0.534659
23,97,8.12388,17.1878,17.1878,7.52689,0.331781
23,98,28.3273,54.6439,54.6439,24.9673,0.562953
23,101,98.303,177.761,177.761,92.1794,0.277889
23,103,105.965,179.687,179.687,104.536,0.0572054
23,120,14.5104,12.8388,12.8388,14.3044,0.0602259
23,144,0.197632,0.158192,0.158192,0.21889,-0.406258
23,168,0.00231265,0.00192089,0.00192089,0.00246826,-0.263721
23,192,2.36331e-5,2.31723e-5,2.31723e-5,2.45905e-5,-0.162868
23,193,16.7631,32.852,32.852,16.4941,0.0682184
23,194,49.0081,104.03,104.03,54.4916,-0.420947
23,197,179.32,334.651,334.651,200.028,-0.433064
23,199,200.983,337.225,337.225,227.743,-0.491514
23,216,30.06,24.0574,24.0574,31.8664,-0.237135
23,240,0.531323,0.29695,0.29695,0.494806,0.308724
23,264,0.00607223,0.00360235,0.00360235,0.00562325,0.333992
23,288,6.19206e-5,4.34915e-5,4.34915e-5,5.69636e-5,0.364011
23,289,46.1609,71.4091,71.4091,43.4822,0.2577
23,290,132.615,223.648,223.648,141.849,-0.272314
23,293,522.944,705.753,705.753,512.802,0.0827313
23,295,656.577,714.769,714.769,585.088,0.511109
23,312,89.8478,51.5165,51.5165,84.5776,0.260657
23,336,1.20772,0.63524,0.63524,1.3213,-0.359574
23,360,0.0144248,0.00770988,0.00770988,0.0149246,-0.140093
23,384,0.000169841,9.33874e-5,9.33874e-5,0.000149373,0.573198
23,385,47.5183,56.1296,56.1296,42.7,0.472031
23,386,136.045,176.091,176.091,139.32,-0.0983221
23,389,590.848,564.156,564.156,503.096,0.729641
23,391,680.528,578.498,578.498,575.926,0.759759
23,408,86.0753,42.8342,42.8342,84.0882,0.098852
23,432,1.3959,0.533785,0.533785,1.32166,0.234962
23,456,0.0158138,0.00654498,0.00654498,0.0150622,0.208742
23,480,0.000167877,8.01927e-5,8.01927e-5,0.000152778,0.413414
23,481,52.9378,50.651,50.651,42.4909,1.02847
23,482,166.473,158.966,158.966,138.641,0.839758
23,485,502.318,511.994,511.994,500.608,0.0142893
23,487,703.571,526.399,526.399,573.267,0.950829
23,504,86.8483,39.1663,39.1663,83.8033,0.151992
23,528,1.40151,0.480706,0.480706,1.31755,0.266543
23,552,0.019739,0.00580041,0.00580041,0.0150272,1.31163
23,576,0.000130091,6.98736e-5,6.98736e-5,0.00015249,-0.614449
23,577,47.5343,47.6059,47.6059,42.3933,0.507283
23,578,144.456,149.438,149.438,138.323,0.185474
23,581,514.823,482.718,482.718,499.46,0.12867
23,583,541.554,496.973,496.973,572.01,-0.22273
23,600,89.8145,37.1451,37.1451,83.6574,0.307872
23,624,1.27178,0.453984,0.453984,1.31546,-0.138888
23,648,0.0164776,0.00543497,0.00543497,0.0150059,0.410265
24,0,0,0,0,0,0
24,1,270.146,322.089,322.089,178.928,2.13257
24,2,282.832,493.991,493.991,254.547,0.464832
24,5,270.762,543.688,543.688,254.062,0.274966
24,7,194.069,432.92,432.92,189.747,0.0952838
24,24,5.47023,22.7036,22.7036,6.78855,-0.812353
24,48,0.0351018,0.277759,0.277759,0.053684,-1.44795
24,72,0.000231069,0.00338086,0.00338086,0.000425532,-1.91164
24,96,5.06016e-6,4.09206e-5,4.09206e-5,3.30188e-6,2.22753
24,97,11.859,17.1878,17.1878,10.6373,0.480426
24,98,41.6824,54.6439,54.6439,32.2648,1.22099
24,101,95.6774,177.761,177.761,92.4978,0.143794
24,103,74.8912,179.687,179.687,83.6551,-0.43823
24,120,3.48725,12.8388,12.8388,3.49038,-0.00375428
24,144,0.0225997,0.158192,0.158192,0.0281429,-0.823924
24,168,0.000145745,0.00192089,0.00192089,0.000226474,-1.49111
24,192,3.53682e-6,2.31723e-5,2.31723e-5,1.77966e-6,4.13023
24,193,23.8296,32.852,32.852,20.4741,0.685566
24,194,78.8621,104.03,104.03,61.8775,1.14821
24,197,221.705,334.651,334.651,175.967,1.0873
24,199,173.265,337.225,337.225,158.941,0.376997
24,216,7.55447,24.0574,24.0574,6.65081,0.568365
24,240,0.0491101,0.29695,0.29695,0.0538151,-0.365729
24,264,0.000304661,0.00360235,0.00360235,0.000435601,-1.25743
24,288,5.30304e-6,4.34915e-5,4.34915e-5,3.22562e-6,2.69408
24,289,55.4515,71.4091,71.4091,44.7399,1.00152
24,290,166.684,223.648,223.648,133.928,1.0231
24,293,422.145,705.753,705.753,374.643,0.530389
24,295,377.077,714.769,714.769,339.236,0.466622
24,312,14.5146,51.5165,51.5165,14.2709,0.0714518
24,336,0.0839404,0.63524,0.63524,0.115431,-1.14118
24,360,0.000566572,0.00770988,0.00770988,0.00093364,-1.64463
25,0,0,0,0,0,0
25,1,213.904,322.089,322.089,180.506,0.773966
25,2,205.086,493.991,493.991,252.387,-0.783976
25,5,217.504,543.688,543.688,234.588,-0.304647
25,7,165.994,432.92,432.92,165.489,0.0127501
25,24,3.31147,22.7036,22.7036,4.48508,-1.09459
25,48,0.0196569,0.277759,0.277759,0.0263089,-1.05768
25,72,7.91019e-5,0.00338086,0.00338086,0.000154336,-2.03915
25,96,8.65954e-7,4.09206e-5,4.09206e-5,9.42103e-7,-0.338115
25,97,16.0502,17.1878,17.1878,12.0379,1.39423
25,98,30.4103,54.6439,54.6439,34.5489,-0.501097
25,101,92.2019,177.761,177.761,86.4559,0.278017
25,103,72.1259,179.687,179.687,70.0404,0.124559
25,120,1.91768,12.8388,12.8388,2.04705,-0.264354
25,144,0.011009,0.158192,0.158192,0.0122443,-0.421997
25,168,4.06116e-5,0.00192089,0.00192089,7.28639e-5,-1.85161
25,192,-1.09476e-7,2.31723e-5,2.31723e-5,3.15677e-7,-5.63381
25,193,25.5258,32.852,32.852,23.1014,0.439007
25,194,79.6992,104.03,104.03,66.0825,0.861952
25,197,217.112,334.651,334.651,162.718,1.39835
25,199,133.148,337.225,337.225,131.776,0.0435306
25,216,3.36377,24.0574,24.0574,3.80433,-0.484425
25,240,0.0199221,0.29695,0.29695,0.0222535,-0.438261
25,264,9.28711e-5,0.00360235,0.00360235,0.000130092,-1.19685
25,288,2.01166e-6,4.34915e-5,4.34915e-5,6.73128e-7,8.31822
25,289,60.5916,71.4091,71.4091,49.8945,0.896839
25,290,148.048,223.648,223.648,141.555,0.191862
25,293,508.295,705.753,705.753,344.697,1.98537
25,295,295.591,714.769,714.769,279.214,0.245366
25,312,7.32287,51.5165,51.5165,8.13464,-0.417442
25,336,0.0396438,0.63524,0.63524,0.048248,-0.745983
25,360,0.00019846,0.00770988,0.00770988,0.000285534,-1.27565
26,0,0,0,0,0,0
26,1,277.382,322.089,322.089,272.675,0.0722157
26,2,438.693,493.991,493.991,372.955,0.737332
26,5,374.622,543.688,543.688,393.972,-0.205448
26,7,350.381,432.92,432.92,312.734,0.503556
26,24,18.5659,22.7036,22.7036,14.8778,1.03697
26,48,0.159815,0.277759,0.277759,0.152462,0.201751
26,72,0.00135271,0.00338086,0.00338086,0.00155187,-0.536837
26,96,1.79839e-5,4.09206e-5,4.09206e-5,1.56491e-5,0.624107
26,97,14.7746,17.1878,17.1878,15.2544,-0.131579
26,98,53.4313,54.6439,54.6439,48.3594,0.438717
26,101,156.679,177.761,177.761,157.776,-0.0291037
26,103,177.231,179.687,179.687,157.335,0.528968
26,120,11.3073,12.8388,12.8388,10.1044,0.498012
26,144,0.085307,0.158192,0.158192,0.104181,-0.757845
26,168,0.00110279,0.00192089,0.00192089,0.00105598,0.185427
26,192,1.20553e-5,2.31723e-5,2.31723e-5,1.05895e-5,0.579025
26,193,35.3495,32.852,32.852,29.8894,0.764161
26,194,102.161,104.03,104.03,94.3989,0.343972
26,197,266.898,334.651,334.651,301.103,-0.475194
26,199,333.591,337.225,337.225,302.305,0.432922
26,216,17.333,24.0574,24.0574,19.4464,-0.454623
26,240,0.206515,0.29695,0.29695,0.199351,0.150334
26,264,0.00194167,0.00360235,0.00360235,0.00200596,-0.134065
26,288,2.45245e-5,4.34915e-5,4.34915e-5,2.01168e-5,0.916539
26,289,62.3553,71.4091,71.4091,68.2607,-0.361891
26,290,199.661,223.648,223.648,213.282,-0.267153
26,293,704.548,705.753,705.753,670.929,0.209612
26,295,754.597,714.769,714.769,676.502,0.482896
26,312,51.3203,51.5165,51.5165,44.3224,0.660457
26,336,0.425989,0.63524,0.63524,0.457222,-0.285749
26,360,0.00494367,0.00770988,0.00770988,0.0046353,0.27829
26,384,4.88415e-5,9.33874e-5,9.33874e-5,4.68182e-5,0.180782
26,385,65.4185,56.1296,56.1296,57.7841,0.552672
26,386,190.948,176.091,176.091,180.805,0.234674
26,389,514.695,564.156,564.156,579.749,-0.469388
26,391,591.938,578.498,578.498,588.98,0.0210078
26,408,47.6322,42.8342,42.8342,39.1324,0.908601
26,432,0.435286,0.533785,0.533785,0.402712,0.338358
26,456,0.00434065,0.00654498,0.00654498,0.00402657,0.326284
26,480,4.80124e-5,8.01927e-5,8.01927e-5,4.0253e-5,0.806367
26,481,54.9844,50.651,50.651,54.1645,0.0633227
26,482,150.337,158.966,158.966,169.529,-0.473563
26,485,622.154,511.994,511.994,541.434,0.623645
26,487,649.193,526.399,526.399,552.741,0.729944
26,504,38.8205,39.1663,39.1663,36.9426,0.212638
26,528,0.38744,0.480706,0.480706,0.380242,0.0791844
26,552,0.00378751,0.00580041,0.00580041,0.00386709,-0.0860771
26,576,4.08563e-5,6.98736e-5,6.98736e-5,3.90934e-5,0.18864
26,577,65.0976,47.6059,47.6059,52.2303,1.03055
26,578,178.711,149.438,149.438,163.495,0.389311
26,581,444.751,482.718,482.718,522.824,-0.624662
26,583,592.123,496.973,496.973,534.229,0.453315
26,600,34.6906,37.1451,37.1451,36.0267,-0.155136
26,624,0.409749,0.453984,0.453984,0.369823,0.451618
26,648,0.00333357,0.00543497,0.00543497,0.0037214,-0.435948
27,0,0,0,0,0,0
27,1,783.634,322.089,322.089,661.714,0.770732
27,2,1200.35,493.991,493.991,1145.47,0.200421
27,5,1077.46,543.688,543.688,1385.37,-0.92974
27,7,1245.7,432.92,432.92,1155.58,0.326251
27,24,97.8382,22.7036,22.7036,80.3398,0.911103
27,48,1.24177,0.277759,0.277759,1.19008,0.181687
27,72,0.0163101,0.00338086,0.00338086,0.016178,0.0341506
28,0,0,0,0,0,0
28,1,217.941,103.207,103.207,212.188,0.113405
28,2,683.051,199.608,199.608,593.596,0.630398
28,5,1167.63,245.467,245.467,1145.06,0.0824461
28,7,949.641,196.036,196.036,927.812,0.0984174
28,24,48.4525,10.2234,10.2234,46.3214,0.19245
28,48,0.564022,0.125085,0.125085,0.592141,-0.198647
28,72,0.00799907,0.00152055,0.00152055,0.00758533,0.228168
29,0,0,0,0,0,0
29,1,184.231,103.207,103.207,160.443,0.620222
29,2,494.226,199.608,199.608,412.537,0.828323
29,5,634.788,245.467,245.467,675.597,-0.252677
29,7,572.576,196.036,196.036,546.938,0.196084
29,24,49.4393,10.2234,10.2234,40.061,0.979272
29,48,1.1325,0.125085,0.125085,0.93879,0.863146
29,72,0.0213733,0.00152055,0.00152055,0.0220808,-0.134031
29,96,0.000597673,1.83321e-5,1.83321e-5,0.000519416,0.630243
29,97,56.0577,16.8042,16.8042,62.4814,-0.430061
29,98,182.03,53.3415,53.3415,186.783,-0.106447
29,101,551.472,168.965,168.965,515.802,0.289283
29,103,497.964,167.422,167.422,464.059,0.305633
29,120,35.0454,11.4292,11.4292,36.151,-0.127933
29,144,0.952635,0.140525,0.140525,0.856996,0.466827
29,168,0.0183611,0.00170562,0.00170562,0.0203117,-0.401722
29,192,0.000447895,2.05519e-5,2.05519e-5,0.000481362,-0.29084
29,193,82.5619,20.6807,20.6807,72.0045,0.613332
29,194,190.553,65.6732,65.6732,215.516,-0.484523
29,197,819.385,210.688,210.688,602.596,1.50491
29,199,634.324,211.305,211.305,546.137,0.67547
29,216,42.5313,14.8318,14.8318,42.8393,-0.0300782
29,240,1.02123,0.181046,0.181046,1.01148,0.0403331
29,264,0.0264411,0.00218502,0.00218502,0.0238947,0.445794
29,288,0.000599468,2.6382e-5,2.6382e-5,0.000564606,0.258296
29,289,213.092,61.2056,61.2056,202.09,0.227752
29,290,598.98,192.467,192.467,599.541,-0.00390809
29,293,1575.88,603.356,603.356,1623.28,-0.122147
29,295,1406.09,600.128,600.128,1463.05,-0.162861
29,312,118.756,41.628,41.628,113.492,0.194023
29,336,2.78816,0.508807,0.508807,2.66339,0.195958
29,360,0.0645262,0.00614123,0.00614123,0.0625275,0.133713
30,0,0,0,0,0,0
30,1,86.9946,103.207,103.207,94.9707,-0.351319
30,2,180.767,199.608,199.608,147.715,0.936004
30,5,208.939,245.467,245.467,164.912,1.11677
30,7,138.222,196.036,196.036,132.683,0.174618
30,24,6.57116,10.2234,10.2234,6.73577,-0.102228
30,48,0.0448248,0.125085,0.125085,0.0648877,-1.2934
30,72,0.000248464,0.00152055,0.00152055,0.000607363,-2.47186
30,96,1.95423e-6,1.83321e-5,1.83321e-5,6.0768e-6,-2.83787
30,97,16.3061,16.8042,16.8042,11.738,1.62795
30,98,41.5213,53.3415,53.3415,37.967,0.391609
30,101,143.948,168.965,168.965,126.561,0.574688
30,103,159.361,167.422,167.422,131.004,0.905467
30,120,9.79222,11.4292,11.4292,10.0474,-0.106233
30,144,0.0661585,0.140525,0.140525,0.102745,-1.48958
30,168,0.000469671,0.00170562,0.00170562,0.000966038,-2.14936
30,192,2.90189e-6,2.05519e-5,2.05519e-5,9.06899e-6,-2.84461
30,193,19.253,20.6807,20.6807,15.1913,1.11842
30,194,69.2556,65.6732,65.6732,49.1552,1.71055
30,197,224.11,210.688,210.688,166.687,1.44107
30,199,152.162,211.305,211.305,175.037,-0.546675
30,216,12.5236,14.8318,14.8318,14.1169,-0.472114
30,240,0.0943407,0.181046,0.181046,0.14672,-1.49337
30,264,0.000629441,0.00218502,0.00218502,0.00138694,-2.28467
30,288,5.91367e-6,2.6382e-5,2.6382e-5,1.28665e-5,-2.26049
30,289,61.3406,61.2056,61.2056,47.9807,1.16476
30,290,236.089,192.467,192.467,153.751,2.24019
30,293,542.614,603.356,603.356,509.575,0.271217
30,295,592.78,600.128,600.128,534.164,0.459032
30,312,41.0307,41.628,41.628,43.4235,-0.230507
30,336,0.229814,0.508807,0.508807,0.450882,-2.05099
30,360,0.00160782,0.00614123,0.00614123,0.00427131,-2.6085
30,384,1.30349e-5,7.39792e-5,7.39792e-5,4.00726e-5,-2.82242
30,385,42.0265,41.4621,41.4621,37.0626,0.560256
30,386,137.603,130.845,130.845,119.063,0.651389
30,389,437.141,426.027,426.027,405.306,0.328556
30,391,434.087,432.362,432.362,432.328,0.0170201
30,408,29.597,31.5471,31.5471,36.9942,-0.836444
30,432,0.216807,0.389201,0.389201,0.384525,-1.82455
30,456,0.00131223,0.00472831,0.00472831,0.00361627,-2.6652
30,480,1.03242e-5,5.72885e-5,5.72885e-5,3.36666e-5,-2.90033
30,481,36.8719,36.1728,36.1728,34.2145,0.324901
30,482,134.04,114.216,114.216,109.952,0.916424
30,485,364.446,372.523,372.523,374.789,-0.115438
30,487,412.928,380.714,380.714,400.933,0.125146
30,504,21.3151,28.1046,28.1046,34.7527,-1.61746
30,528,0.210401,0.349958,0.349958,0.359125,-1.73235
30,552,0.00125109,0.00428799,0.00428799,0.00330965,-2.60185
30,576,7.99387e-5,5.25133e-5,5.25133e-5,3.04736e-5,6.79009
30,577,28.7626,33.3939,33.3939,32.7854,-0.513278
30,578,102.313,105.465,105.465,105.373,-0.12146
30,581,299.922,343.529,343.529,359.073,-0.689098
30,583,406.941,352.068,352.068,385.365,0.23421
30,600,26.9919,26.1762,26.1762,33.5779,-0.820488
30,624,0.184076,0.323253,0.323253,0.351718,-1.99383
30,648,0.00124672,0.00392861,0.00392861,0.00331275,-2.60884