id,time,y1,popPred_medianCOV,popPred,indivPred_SAEM,indWRes_SAEM
1,0,0,0,0,0,0
1,1,4.36399,3.72087,3.72087,3.4723,1.70782
1,2,7.43527,6.21896,6.21896,5.47864,2.37509
1,5,5.39855,6.05721,6.05721,4.22254,1.85218
1,7,1.77251,2.73025,2.73025,1.40977,1.71117
1,24,0.000155559,0.00312319,0.00312319,0.000125759,1.57585
1,48,2.56177e-10,2.19658e-7,2.19658e-7,2.41237e-10,0.411846
1,72,4.5223e-16,1.54488e-11,1.54488e-11,4.62752e-16,-0.0473872
1,96,6.91414e-22,1.08653e-15,1.08653e-15,8.87673e-22,-8.83872e-7
1,97,18.1226,18.6043,18.6043,17.3615,0.29155
1,98,32.6207,31.0948,31.0948,27.3932,1.2691
1,101,27.5007,30.2861,30.2861,21.1127,2.01217
1,103,8.00923,13.6512,13.6512,7.04887,0.906068
1,120,0.000757157,0.015616,0.015616,0.000628796,1.35759
1,144,1.35973e-9,1.09829e-6,1.09829e-6,1.20619e-9,0.846594
1,168,2.2789e-15,7.7244e-11,7.7244e-11,2.31376e-15,-0.100201
1,192,3.40184e-21,5.43267e-15,5.43267e-15,4.43837e-21,-4.66809e-6
1,193,37.7124,37.2087,37.2087,34.723,0.572542
1,194,53.0667,62.1896,62.1896,54.7864,-0.20875
1,197,44.7084,60.5721,60.5721,42.2254,0.391056
1,199,15.1683,27.3025,27.3025,14.0977,0.505001
1,216,0.00145487,0.0312319,0.0312319,0.00125759,1.04326
1,240,2.18662e-9,2.19658e-6,2.19658e-6,2.41237e-9,-0.622335
1,264,4.68762e-15,1.54488e-10,1.54488e-10,4.62752e-15,0.0863638
1,288,6.72481e-21,1.08653e-14,1.08653e-14,8.87673e-21,-9.69141e-6
1,289,102.765,74.4173,74.4173,69.446,3.19072
1,290,120.616,124.379,124.379,109.573,0.670256
1,293,94.1307,121.144,121.144,84.4508,0.762274
1,295,32.3479,54.6049,54.6049,28.1955,0.979423
1,312,0.00263998,0.0624638,0.0624638,0.00251518,0.329958
1,336,4.19979e-9,4.39316e-6,4.39316e-6,4.82474e-9,-0.861434
1,360,9.60416e-15,3.08976e-10,3.08976e-10,9.25505e-15,0.25086
1,384,1.40369e-20,2.17307e-14,2.17307e-14,1.77535e-20,-1.67379e-5
1,385,92.9889,74.4173,74.4173,69.446,2.25454
1,386,132.254,124.379,124.379,109.573,1.37658
1,389,96.9102,121.144,121.144,84.4508,0.981158
1,391,29.18,54.6049,54.6049,28.1955,0.232216
1,408,0.00285724,0.0624638,0.0624638,0.00251518,0.904424
1,432,4.45134e-9,4.39316e-6,4.39316e-6,4.82474e-9,-0.514697
1,456,8.94783e-15,3.08976e-10,3.08976e-10,9.25505e-15,-0.220756
1,480,1.49834e-20,2.17307e-14,2.17307e-14,1.77535e-20,-1.24753e-5
1,481,74.1818,74.4173,74.4173,69.446,0.453506
1,482,117.502,124.379,124.379,109.573,0.481256
1,485,96.9088,121.144,121.144,84.4508,0.981047
1,487,30.6865,54.6049,54.6049,28.1955,0.587557
1,504,0.00218109,0.0624638,0.0624638,0.00251518,-0.883373
1,528,4.24666e-9,4.39316e-6,4.39316e-6,4.82474e-9,-0.796823
1,552,9.43163e-15,3.08976e-10,3.08976e-10,9.25505e-15,0.126882
1,576,1.71108e-20,2.17307e-14,2.17307e-14,1.77535e-20,-2.89412e-6
1,577,80.5189,74.4173,74.4173,69.446,1.06037
1,578,117.866,124.379,124.379,109.573,0.503331
1,581,82.4317,121.144,121.144,84.4508,-0.159
1,583,33.962,54.6049,54.6049,28.1955,1.36014
1,600,0.00287265,0.0624638,0.0624638,0.00251518,0.945163
1,624,5.18076e-9,4.39316e-6,4.39316e-6,4.82474e-9,0.490728
1,648,7.29598e-15,3.08976e-10,3.08976e-10,9.25505e-15,-1.40772
2,0,0,0,0,0,0
2,1,4.5127,3.72087,3.72087,3.5487,1.80657
2,2,7.04517,6.21896,6.21896,5.69932,1.57044
2,5,4.00304,6.05721,6.05721,4.72249,-1.01316
2,7,1.84153,2.73025,2.73025,1.73444,0.410609
2,24,0.000321445,0.00312319,0.00312319,0.000347978,-0.507092
2,48,2.34792e-9,2.19658e-7,2.19658e-7,2.09605e-9,0.799114
2,72,1.28636e-14,1.54488e-11,1.54488e-11,1.26256e-14,0.125389
2,96,6.80488e-20,1.08653e-15,1.08653e-15,7.60504e-20,-3.60357e-5
2,97,21.293,18.6043,18.6043,17.7435,1.33036
2,98,27.4477,31.0948,31.0948,28.4966,-0.244789
2,101,25.1319,30.2861,30.2861,23.6125,0.427954
2,103,8.94616,13.6512,13.6512,8.67219,0.210099
2,120,0.00184453,0.015616,0.015616,0.00173989,0.399958
2,144,1.07677e-8,1.09829e-6,1.09829e-6,1.04803e-8,0.182424
2,168,6.55507e-14,7.7244e-11,7.7244e-11,6.31279e-14,0.255229
2,192,3.96033e-19,5.43267e-15,5.43267e-15,3.80252e-19,7.1071e-5
2,193,41.5417,37.2087,37.2087,35.487,1.13467
2,194,65.0615,62.1896,62.1896,56.9932,0.94147
2,197,52.038,60.5721,60.5721,47.2249,0.677794
2,199,19.0436,27.3025,27.3025,17.3444,0.651516
2,216,0.0042285,0.0312319,0.0312319,0.00347978,1.4309
2,240,2.03544e-8,2.19658e-6,2.19658e-6,2.09605e-8,-0.192297
2,264,1.13469e-13,1.54488e-10,1.54488e-10,1.26256e-13,-0.673521
2,288,7.30674e-19,1.08653e-14,1.08653e-14,7.60504e-19,-0.000134342
2,289,91.3198,74.4173,74.4173,70.974,1.90643
2,290,136.323,124.379,124.379,113.986,1.3032
2,293,106.396,121.144,121.144,94.4499,0.841152
2,295,31.2376,54.6049,54.6049,34.6888,-0.661638
2,312,0.00898469,0.0624638,0.0624638,0.00695957,1.93515
2,336,4.18821e-8,4.39316e-6,4.39316e-6,4.1921e-8,-0.00617984
2,360,2.15215e-13,3.08976e-10,3.08976e-10,2.52512e-13,-0.982268
2,384,1.39413e-18,2.17307e-14,2.17307e-14,1.52101e-18,-0.000571406
2,385,72.3739,74.4173,74.4173,70.974,0.131171
2,386,106.525,124.379,124.379,113.986,-0.43532
2,389,95.1906,121.144,121.144,94.4499,0.0521544
2,391,39.7688,54.6049,54.6049,34.6888,0.973929
2,408,0.00743347,0.0624638,0.0624638,0.00695957,0.452847
2,432,4.18359e-8,4.39316e-6,4.39316e-6,4.1921e-8,-0.0135046
2,456,2.60251e-13,3.08976e-10,3.08976e-10,2.52512e-13,0.203821
2,480,1.04691e-18,2.17307e-14,2.17307e-14,1.52101e-18,-0.00213514
2,481,69.7497,74.4173,74.4173,70.974,-0.114715
2,482,135.608,124.379,124.379,113.986,1.26149
2,485,106.427,121.144,121.144,94.4499,0.84332
2,487,42.6838,54.6049,54.6049,34.6888,1.53277
2,504,0.00773907,0.0624638,0.0624638,0.00695957,0.744872
2,528,4.93823e-8,4.39316e-6,4.39316e-6,4.1921e-8,1.18366
2,552,2.19247e-13,3.08976e-10,3.08976e-10,2.52512e-13,-0.876081
2,576,1.35839e-18,2.17307e-14,2.17307e-14,1.52101e-18,-0.000732353
2,577,84.4851,74.4173,74.4173,70.974,1.26601
2,578,138.274,124.379,124.379,113.986,1.41702
2,581,97.9741,121.144,121.144,94.4499,0.248149
2,583,44.8294,54.6049,54.6049,34.6888,1.94411
2,600,0.00621429,0.0624638,0.0624638,0.00695957,-0.712168
2,624,4.6476e-8,4.39316e-6,4.39316e-6,4.1921e-8,0.722594
2,648,2.66346e-13,3.08976e-10,3.08976e-10,2.52512e-13,0.364363
3,0,0,0,0,0,0
3,1,4.76539,3.72087,3.72087,3.81025,1.66708
3,2,6.70518,6.21896,6.21896,6.50118,0.208673
3,5,7.69818,6.05721,6.05721,6.88136,0.789397
3,7,4.00341,2.73025,2.73025,3.43218,1.10683
3,24,0.0129197,0.00312319,0.00312319,0.00928303,2.60532
3,48,2.43365e-6,2.19658e-7,2.19658e-7,2.20012e-6,0.705902
3,72,4.804e-10,1.54488e-11,1.54488e-11,5.21438e-10,-0.523394
3,96,1.06013e-13,1.08653e-15,1.08653e-15,1.23583e-13,-0.945494
3,97,21.8197,18.6043,18.6043,19.0513,0.966381
3,98,37.7345,31.0948,31.0948,32.5059,1.06972
3,101,40.8787,30.2861,30.2861,34.4068,1.25092
3,103,19.7338,13.6512,13.6512,17.1609,0.997055
3,120,0.0497338,0.015616,0.015616,0.0464151,0.475499
3,144,1.1648e-5,1.09829e-6,1.09829e-6,1.10006e-5,0.391367
3,168,2.15377e-9,7.7244e-11,7.7244e-11,2.60719e-9,-1.15657
3,192,6.03942e-13,5.43267e-15,5.43267e-15,6.17915e-13,-0.150384
3,193,37.8625,37.2087,37.2087,38.1025,-0.0418935
3,194,76.5989,62.1896,62.1896,65.0118,1.18529
3,197,79.4748,60.5721,60.5721,68.8136,1.03033
3,199,34.2502,27.3025,27.3025,34.3218,-0.0138751
3,216,0.0847928,0.0312319,0.0312319,0.0928303,-0.575805
3,240,2.05027e-5,2.19658e-6,2.19658e-6,2.20012e-5,-0.452961
3,264,5.69632e-9,1.54488e-10,1.54488e-10,5.21438e-9,0.614662
3,288,1.19611e-12,1.08653e-14,1.08653e-14,1.23583e-12,-0.213772
3,289,80.8608,74.4173,74.4173,76.2051,0.406302
3,290,139.203,124.379,124.379,130.024,0.469474
3,293,162.925,121.144,121.144,137.627,1.22242
3,295,72.2725,54.6049,54.6049,68.6437,0.351572
3,312,0.207815,0.0624638,0.0624638,0.185661,0.793583
3,336,4.5253e-5,4.39316e-6,4.39316e-6,4.40024e-5,0.189016
3,360,1.19225e-8,3.08976e-10,3.08976e-10,1.04288e-8,0.952562
3,384,2.33792e-12,2.17307e-14,2.17307e-14,2.47166e-12,-0.359847
3,385,87.549,74.4173,74.4173,76.2051,0.989971
3,386,161.914,124.379,124.379,130.024,1.63108
3,389,129.719,121.144,121.144,137.627,-0.382123
3,391,87.7944,54.6049,54.6049,68.6437,1.85537
3,408,0.19821,0.0624638,0.0624638,0.185661,0.449527
3,432,4.2641e-5,4.39316e-6,4.39316e-6,4.40024e-5,-0.205753
3,456,1.09784e-8,3.08976e-10,3.08976e-10,1.04288e-8,0.350511
3,480,2.55341e-12,2.17307e-14,2.17307e-14,2.47166e-12,0.21996
3,481,99.9079,74.4173,74.4173,76.2051,2.06852
3,482,137.43,124.379,124.379,130.024,0.378828
3,485,118.906,121.144,121.144,137.627,-0.904639
3,487,70.4448,54.6049,54.6049,68.6437,0.174495
3,504,0.223428,0.0624638,0.0624638,0.185661,1.35284
3,528,4.06276e-5,4.39316e-6,4.39316e-6,4.40024e-5,-0.510045
3,552,8.78677e-9,3.08976e-10,3.08976e-10,1.04288e-8,-1.04708
3,576,1.69806e-12,2.17307e-14,2.17307e-14,2.47166e-12,-2.08147
3,577,85.0695,74.4173,74.4173,76.2051,0.773594
3,578,175.735,124.379,124.379,130.024,2.33803
3,581,157.618,121.144,121.144,137.627,0.966006
3,583,79.1694,54.6049,54.6049,68.6437,1.01976
3,600,0.191652,0.0624638,0.0624638,0.185661,0.214606
3,624,3.66985e-5,4.39316e-6,4.39316e-6,4.40024e-5,-1.10387
3,648,1.13821e-8,3.08976e-10,3.08976e-10,1.04288e-8,0.607961
4,0,0,0,0,0,0
4,1,4.72068,3.72087,3.72087,4.05427,1.09313
4,2,7.74861,6.21896,6.21896,7.31595,0.3933
4,5,9.35587,6.05721,6.05721,9.6951,-0.232693
4,7,7.98053,2.73025,2.73025,6.27492,1.80765
4,24,0.213391,0.00312319,0.00312319,0.155449,2.47886
4,48,0.000930329,2.19658e-7,2.19658e-7,0.000839965,0.715447
4,72,4.67208e-6,1.54488e-11,1.54488e-11,4.53875e-6,0.195363
4,96,2.1116e-8,1.08653e-15,1.08653e-15,2.45251e-8,-0.924439
4,97,25.5956,18.6043,18.6043,20.2714,1.74669
4,98,34.6331,31.0948,31.0948,36.5798,-0.353903
4,101,58.5006,30.2861,30.2861,48.4755,1.37534
4,103,33.7193,13.6512,13.6512,31.3746,0.496982
4,120,0.873778,0.015616,0.015616,0.777243,0.825994
4,144,0.00508276,1.09829e-6,1.09829e-6,0.00419983,1.39811
4,168,2.28019e-5,7.7244e-11,7.7244e-11,2.26938e-5,0.0317006
4,192,9.85187e-8,5.43267e-15,5.43267e-15,1.22626e-7,-1.30739
4,193,46.9407,37.2087,37.2087,40.5427,1.04948
4,194,93.689,62.1896,62.1896,73.1595,1.86618
4,197,102.174,60.5721,60.5721,96.951,0.358291
4,199,60.0395,27.3025,27.3025,62.7492,-0.287184
4,216,1.75685,0.0312319,0.0312319,1.55449,0.865732
4,240,0.00846193,2.19658e-6,2.19658e-6,0.00839965,0.0493039
4,264,3.89959e-5,1.54488e-10,1.54488e-10,4.53875e-5,-0.93652
4,288,2.23747e-7,1.08653e-14,1.08653e-14,2.45251e-7,-0.58311
4,289,105.508,93.0217,93.0217,101.357,0.272374
4,290,172.422,155.474,155.474,182.899,-0.380951
4,293,273.501,151.43,151.43,242.377,0.853966
4,295,178.833,68.2561,68.2561,156.873,0.93096
4,312,4.3849,0.0780798,0.0780798,3.88621,0.853385
4,336,0.0253037,5.49145e-6,5.49145e-6,0.0209991,1.36324
4,360,0.000106572,3.8622e-10,3.8622e-10,0.000113469,-0.404241
4,384,7.13616e-7,2.71633e-14,2.71633e-14,6.13128e-7,1.08996
4,385,97.0309,93.0217,93.0217,101.357,-0.28384
4,386,197.372,155.474,155.474,182.899,0.526265
4,389,277.583,151.43,151.43,242.377,0.965963
4,391,178.862,68.2561,68.2561,156.873,0.932165
4,408,4.17799,0.0780798,0.0780798,3.88621,0.499304
4,432,0.0216911,5.49145e-6,5.49145e-6,0.0209991,0.219153
4,456,0.00011143,3.8622e-10,3.8622e-10,0.000113469,-0.119465
4,480,6.40296e-7,2.71633e-14,2.71633e-14,6.13128e-7,0.294675
4,481,101.656,93.0217,93.0217,101.357,0.0196108
4,482,183.716,155.474,155.474,182.899,0.0296969
4,485,253.082,151.43,151.43,242.377,0.293709
4,487,163.058,68.2561,68.2561,156.873,0.262194
4,504,4.41216,0.0780798,0.0780798,3.88621,0.900037
4,528,0.0228186,5.49145e-6,5.49145e-6,0.0209991,0.576208
4,552,0.00010284,3.8622e-10,3.8622e-10,0.000113469,-0.622932
4,576,6.08253e-7,2.71633e-14,2.71633e-14,6.13128e-7,-0.0528757
4,577,126.855,93.0217,93.0217,101.357,1.67299
4,578,229.123,155.474,155.474,182.899,1.68077
4,581,282.694,151.43,151.43,242.377,1.10622
4,583,203.671,68.2561,68.2561,156.873,1.9839
4,600,3.18287,0.0780798,0.0780798,3.88621,-1.20361
4,624,0.0164993,5.49145e-6,5.49145e-6,0.0209991,-1.42509
4,648,0.000126004,3.8622e-10,3.8622e-10,0.000113469,0.734686
5,0,0,0,0,0,0
5,1,4.07708,3.72087,3.72087,3.85687,0.379706
5,2,7.97542,6.21896,6.21896,6.65179,1.32335
5,5,8.048,6.05721,6.05721,7.35155,0.630028
5,7,4.4516,2.73025,2.73025,3.86052,1.01823
5,24,0.0180955,0.00312319,0.00312319,0.0161777,0.788355
5,48,6.2411e-6,2.19658e-7,2.19658e-7,7.11414e-6,-0.81613
5,72,3.13767e-9,1.54488e-11,1.54488e-11,3.12844e-9,0.0196176
5,96,1.38997e-12,1.08653e-15,1.08653e-15,1.37573e-12,0.0688368
5,97,23.4313,18.6043,18.6043,19.2844,1.4301
5,98,35.2624,31.0948,31.0948,33.2589,0.400613
5,101,37.3284,30.2861,30.2861,36.7577,0.10324
5,103,24.0658,13.6512,13.6512,19.3026,1.64107
5,120,0.10077,0.015616,0.015616,0.0808885,1.63457
5,144,3.04999e-5,1.09829e-6,1.09829e-6,3.55707e-5,-0.948045
5,168,1.34215e-8,7.7244e-11,7.7244e-11,1.56422e-8,-0.944155
5,192,7.08766e-12,5.43267e-15,5.43267e-15,6.87867e-12,0.202052
5,193,45.0462,37.2087,37.2087,38.5687,1.11691
5,194,91.3642,62.1896,62.1896,66.5179,2.4841
5,197,77.008,60.5721,60.5721,73.5155,0.315942
5,199,42.3584,27.3025,27.3025,38.6052,0.646549
5,216,0.175466,0.0312319,0.0312319,0.161777,0.562748
5,240,8.52431e-5,2.19658e-6,2.19658e-6,7.11414e-5,1.31823
5,264,3.32608e-8,1.54488e-10,1.54488e-10,3.12844e-8,0.420119
5,288,1.36705e-11,1.08653e-14,1.08653e-14,1.37573e-11,-0.0419854
5,289,82.4868,93.0217,93.0217,96.4218,-0.961117
5,290,178.561,155.474,155.474,166.295,0.490544
5,293,207.268,151.43,151.43,183.789,0.849606
5,295,127.733,68.2561,68.2561,96.513,2.15128
5,312,0.459071,0.0780798,0.0780798,0.404442,0.898278
5,336,0.000174979,5.49145e-6,5.49145e-6,0.000177854,-0.10747
5,360,8.18641e-8,3.8622e-10,3.8622e-10,7.82111e-8,0.310615
5,384,3.37986e-11,2.71633e-14,2.71633e-14,3.43933e-11,-0.115009
5,385,129.275,93.0217,93.0217,96.4218,2.26593
5,386,206.384,155.474,155.474,166.295,1.60322
5,389,199.285,151.43,151.43,183.789,0.560717
5,391,103.041,68.2561,68.2561,96.513,0.449795
5,408,0.445566,0.0780798,0.0780798,0.404442,0.676209
5,432,0.000166553,5.49145e-6,5.49145e-6,0.000177854,-0.422548
5,456,7.58091e-8,3.8622e-10,3.8622e-10,7.82111e-8,-0.204248
5,480,3.18992e-11,2.71633e-14,2.71633e-14,3.43933e-11,-0.482281
5,481,108.534,93.0217,93.0217,96.4218,0.83541
5,482,185.018,155.474,155.474,166.295,0.748786
5,485,240.183,151.43,151.43,183.789,2.04063
5,487,137.091,68.2561,68.2561,96.513,2.79608
5,504,0.461293,0.0780798,0.0780798,0.404442,0.934816
5,528,0.00017024,5.49145e-6,5.49145e-6,0.000177854,-0.284699
5,552,7.93727e-8,3.8622e-10,3.8622e-10,7.82111e-8,0.0987726
5,576,3.42475e-11,2.71633e-14,2.71633e-14,3.43933e-11,-0.0282075
5,577,83.5514,93.0217,93.0217,96.4218,-0.887687
5,578,195.1,155.474,155.474,166.295,1.15195
5,581,221.758,151.43,151.43,183.789,1.37393
5,583,96.4917,68.2561,68.2561,96.513,-0.00146729
5,600,0.510103,0.0780798,0.0780798,0.404442,1.7374
5,624,0.000217225,5.49145e-6,5.49145e-6,0.000177854,1.47221
5,648,7.69865e-8,3.8622e-10,3.8622e-10,7.82111e-8,-0.104134
6,0,0,0,0,0,0
6,1,4.50936,3.72087,3.72087,3.99276,0.860449
6,2,8.1938,6.21896,6.21896,7.10436,1.01982
6,5,9.51971,6.05721,6.05721,8.89899,0.463875
6,7,6.24938,2.73025,2.73025,5.4046,1.0395
6,24,0.0760128,0.00312319,0.00312319,0.077957,-0.165849
6,48,0.000205173,2.19658e-7,2.19658e-7,0.000196302,0.300514
6,72,5.16791e-7,1.54488e-11,1.54488e-11,4.94306e-7,0.302512
6,96,1.30977e-9,1.08653e-15,1.08653e-15,1.24471e-9,0.34762
6,97,20.6236,18.6043,18.6043,19.9638,0.219811
6,98,38.108,31.0948,31.0948,35.5218,0.484177
6,101,51.0348,30.2861,30.2861,44.4949,0.977466
6,103,32.6477,13.6512,13.6512,27.023,1.38424
6,120,0.373235,0.015616,0.015616,0.389785,-0.282358
6,144,0.00123992,1.09829e-6,1.09829e-6,0.000981512,1.7509
6,168,2.33734e-6,7.7244e-11,7.7244e-11,2.47153e-6,-0.36107
6,192,5.76124e-9,5.43267e-15,5.43267e-15,6.22353e-9,-0.493988
6,193,44.0835,37.2087,37.2087,39.9276,0.692208
6,194,76.9754,62.1896,62.1896,71.0436,0.555272
6,197,96.3036,60.5721,60.5721,88.9899,0.546565
6,199,52.6817,27.3025,27.3025,54.046,-0.167871
6,216,0.829849,0.0312319,0.0312319,0.77957,0.428928
6,240,0.00202264,2.19658e-6,2.19658e-6,0.00196302,0.201961
6,264,5.23384e-6,1.54488e-10,1.54488e-10,4.94306e-6,0.391216
6,288,1.22894e-8,1.08653e-14,1.08653e-14,1.24471e-8,-0.0842101
6,289,118.085,93.0217,93.0217,99.819,1.21693
6,290,204.63,155.474,155.474,177.609,1.01176
6,293,254.334,151.43,151.43,222.475,0.952349
6,295,151.584,68.2561,68.2561,135.115,0.810597
6,312,2.08645,0.0780798,0.0780798,1.94892,0.46929
6,336,0.00543535,5.49145e-6,5.49145e-6,0.00490756,0.715227
6,360,1.25517e-5,3.8622e-10,3.8622e-10,1.23577e-5,0.104406
6,384,2.72473e-8,2.71633e-14,2.71633e-14,3.11176e-8,-0.827162
6,385,129.589,93.0217,93.0217,99.819,1.98339
6,386,221.665,155.474,155.474,177.609,1.64963
6,389,223.349,151.43,151.43,222.475,0.0261197
6,391,177.931,68.2561,68.2561,135.115,2.10743
6,408,2.31491,0.0780798,0.0780798,1.94892,1.24887
6,432,0.00555312,5.49145e-6,5.49145e-6,0.00490756,0.874814
6,456,1.28358e-5,3.8622e-10,3.8622e-10,1.23577e-5,0.25733
6,480,2.84823e-8,2.71633e-14,2.71633e-14,3.11176e-8,-0.563207
6,481,90.4314,93.0217,93.0217,99.819,-0.625443
6,482,185.321,155.474,155.474,177.609,0.288776
6,485,257.119,151.43,151.43,222.475,1.03562
6,487,137.06,68.2561,68.2561,135.115,0.0957559
6,504,2.24288,0.0780798,0.0780798,1.94892,1.00308
6,528,0.00590298,5.49145e-6,5.49145e-6,0.00490756,1.34892
6,552,1.11218e-5,3.8622e-10,3.8622e-10,1.23577e-5,-0.66507
6,576,2.56333e-8,2.71633e-14,2.71633e-14,3.11176e-8,-1.1721
6,577,120.955,93.0217,93.0217,99.819,1.40814
6,578,180.633,155.474,155.474,177.609,0.113229
6,581,219.829,151.43,151.43,222.475,-0.0790792
6,583,149.833,68.2561,68.2561,135.115,0.724437
6,600,2.16676,0.0780798,0.0780798,1.94892,0.74332
6,624,0.00473805,5.49145e-6,5.49145e-6,0.00490756,-0.229705
6,648,1.35889e-5,3.8622e-10,3.8622e-10,1.23577e-5,0.662616
7,0,0,0,0,0,0
7,1,4.668,3.72087,3.72087,3.65423,1.84498
7,2,5.86746,6.21896,6.21896,6.01411,-0.162164
7,5,5.86153,6.05721,6.05721,5.50368,0.432413
7,7,2.63534,2.73025,2.73025,2.29533,0.985127
7,24,0.00154917,0.00312319,0.00312319,0.00135665,0.943692
7,48,3.91711e-8,2.19658e-7,2.19658e-7,3.75633e-8,0.284654
7,72,9.9319e-13,1.54488e-11,1.54488e-11,1.04006e-12,-0.299688
7,96,2.98626e-17,1.08653e-15,1.08653e-15,2.87973e-17,0.00479753
7,97,18.8865,18.6043,18.6043,18.2711,0.223986
7,98,38.5645,31.0948,31.0948,30.0706,1.8785
7,101,31.4572,30.2861,30.2861,27.5184,0.95189
7,103,11.7572,13.6512,13.6512,11.4766,0.162592
7,120,0.00751323,0.015616,0.015616,0.00678327,0.715652
7,144,1.79232e-7,1.09829e-6,1.09829e-6,1.87816e-7,-0.303962
7,168,4.48996e-12,7.7244e-11,7.7244e-11,5.2003e-12,-0.908411
7,192,1.3495e-16,5.43267e-15,5.43267e-15,1.43987e-16,-0.0406976
7,193,42.3225,37.2087,37.2087,36.5423,1.05196
7,194,67.4078,62.1896,62.1896,60.1411,0.803543
7,197,65.8135,60.5721,60.5721,55.0368,1.3022
7,199,24.4592,27.3025,27.3025,22.9533,0.436327
7,216,0.0148075,0.0312319,0.0312319,0.0135665,0.608313
7,240,3.89613e-7,2.19658e-6,2.19658e-6,3.75633e-7,0.247505
7,264,8.86608e-12,1.54488e-10,1.54488e-10,1.04006e-11,-0.981201
7,288,2.31465e-16,1.08653e-14,1.08653e-14,2.87973e-16,-0.25449
7,289,117.656,111.626,111.626,109.627,0.487088
7,290,203.823,186.569,186.569,180.423,0.862491
7,293,180.494,181.716,181.716,165.11,0.619615
7,295,66.1298,81.9074,81.9074,68.8598,-0.263657
7,312,0.0455604,0.0936957,0.0936957,0.0406996,0.794255
7,336,1.20903e-6,6.58973e-6,6.58973e-6,1.1269e-6,0.484703
7,360,3.25812e-11,4.63464e-10,4.63464e-10,3.12018e-11,0.294006
7,384,6.65098e-16,3.2596e-14,3.2596e-14,8.6392e-16,-0.895415
7,385,128.092,111.626,111.626,109.627,1.12016
7,386,206.843,186.569,186.569,180.423,0.973832
7,389,173.539,181.716,181.716,165.11,0.339505
7,391,82.1578,81.9074,81.9074,68.8598,1.2843
7,408,0.0391866,0.0936957,0.0936957,0.0406996,-0.247231
7,432,9.94588e-7,6.58973e-6,6.58973e-6,1.1269e-6,-0.780832
7,456,2.95325e-11,4.63464e-10,4.63464e-10,3.12018e-11,-0.355783
7,480,9.06862e-16,3.2596e-14,3.2596e-14,8.6392e-16,0.193394
7,481,134.186,111.626,111.626,109.627,1.48983
7,482,232.692,186.569,186.569,180.423,1.9266
7,485,182.83,181.716,181.716,165.11,0.713726
7,487,83.9517,81.9074,81.9074,68.8598,1.45755
7,504,0.0432349,0.0936957,0.0936957,0.0406996,0.414263
7,528,1.28314e-6,6.58973e-6,6.58973e-6,1.1269e-6,0.922078
7,552,3.28279e-11,4.63464e-10,4.63464e-10,3.12018e-11,0.346595
7,576,8.10587e-16,3.2596e-14,3.2596e-14,8.6392e-16,-0.24019
7,577,109.546,111.626,111.626,109.627,-0.00491963
7,578,217.422,186.569,186.569,180.423,1.36377
7,581,168.328,181.716,181.716,165.11,0.129599
7,583,81.0803,81.9074,81.9074,68.8598,1.18024
7,600,0.0440438,0.0936957,0.0936957,0.0406996,0.546435
7,624,1.19569e-6,6.58973e-6,6.58973e-6,1.1269e-6,0.405985
7,648,2.49054e-11,4.63464e-10,4.63464e-10,3.12018e-11,-1.34201
8,0,0,0,0,0,0
8,1,4.291,3.72087,3.72087,3.66213,1.14201
8,2,6.18924,6.21896,6.21896,6.03816,0.166399
8,5,7.78677,6.05721,6.05721,5.56677,2.65213
8,7,2.58207,2.73025,2.73025,2.34336,0.677448
8,24,0.00188854,0.00312319,0.00312319,0.00149917,1.72727
8,48,5.33082e-8,2.19658e-7,2.19658e-7,4.64183e-8,0.98712
8,72,1.5536e-12,1.54488e-11,1.54488e-11,1.43724e-12,0.538442
8,96,4.10862e-17,1.08653e-15,1.08653e-15,4.45007e-17,-0.0153777
8,97,20.9836,18.6043,18.6043,18.3106,0.970819
8,98,29.6251,31.0948,31.0948,30.1908,-0.124605
8,101,36.655,30.2861,30.2861,27.8339,2.10764
8,103,13.3141,13.6512,13.6512,11.7168,0.906579
8,120,0.00744475,0.015616,0.015616,0.00749585,-0.0453318
8,144,2.15092e-7,1.09829e-6,1.09829e-6,2.32092e-7,-0.487106
8,168,7.41387e-12,7.7244e-11,7.7244e-11,7.18618e-12,0.210709
8,192,1.88594e-16,5.43267e-15,5.43267e-15,2.22504e-16,-0.152714
8,193,44.0733,37.2087,37.2087,36.6213,1.35328
8,194,71.8737,62.1896,62.1896,60.3816,1.26573
8,197,51.6642,60.5721,60.5721,55.6677,-0.478281
8,199,27.7537,27.3025,27.3025,23.4336,1.22601
8,216,0.0162426,0.0312319,0.0312319,0.0149917,0.554925
8,240,5.04851e-7,2.19658e-6,2.19658e-6,4.64183e-7,0.58265
8,264,1.4962e-11,1.54488e-10,1.54488e-10,1.43724e-11,0.272839
8,288,3.82151e-16,1.08653e-14,1.08653e-14,4.45007e-16,-0.28308
8,289,155.105,111.626,111.626,109.864,2.73857
8,290,193.38,186.569,186.569,181.145,0.449176
8,293,176.923,181.716,181.716,167.003,0.395028
8,295,66.3353,81.9074,81.9074,70.3009,-0.375141
8,312,0.0561293,0.0936957,0.0936957,0.0449751,1.64934
8,336,1.56612e-6,6.58973e-6,6.58973e-6,1.39255e-6,0.828905
8,360,4.30708e-11,4.63464e-10,4.63464e-10,4.31171e-11,-0.00714482
8,384,1.39801e-15,3.2596e-14,3.2596e-14,1.33502e-15,0.283674
8,385,146.526,111.626,111.626,109.864,2.21926
8,386,226.428,186.569,186.569,181.145,1.66248
8,389,193.201,181.716,181.716,167.003,1.04324
8,391,76.5612,81.9074,81.9074,70.3009,0.59221
8,408,0.0478074,0.0936957,0.0936957,0.0449751,0.418801
8,432,1.21246e-6,6.58973e-6,6.58973e-6,1.39255e-6,-0.86003
8,456,4.37108e-11,4.63464e-10,4.63464e-10,4.31171e-11,0.0915707
8,480,1.26413e-15,3.2596e-14,3.2596e-14,1.33502e-15,-0.319284
8,481,120.131,111.626,111.626,109.864,0.621496
8,482,181.738,186.569,186.569,181.145,0.0217882
8,485,193.319,181.716,181.716,167.003,1.04795
8,487,74.7491,81.9074,81.9074,70.3009,0.420784
8,504,0.0544308,0.0936957,0.0936957,0.0449751,1.3982
8,528,1.60684e-6,6.58973e-6,6.58973e-6,1.39255e-6,1.02338
8,552,4.36496e-11,4.63464e-10,4.63464e-10,4.31171e-11,0.082129
8,576,1.06768e-15,3.2596e-14,3.2596e-14,1.33502e-15,-1.20402
8,577,116.351,111.626,111.626,109.864,0.392679
8,578,191.471,186.569,186.569,181.145,0.379093
8,581,193.257,181.716,181.716,167.003,1.04548
8,583,67.2166,81.9074,81.9074,70.3009,-0.291775
8,600,0.0515037,0.0936957,0.0936957,0.0449751,0.965365
8,624,1.24586e-6,6.58973e-6,6.58973e-6,1.39255e-6,-0.700521
8,648,3.7771e-11,4.63464e-10,4.63464e-10,4.31171e-11,-0.824577
9,0,0,0,0,0,0
9,1,3.95631,3.72087,3.72087,3.67634,0.506454
9,2,6.74283,6.21896,6.21896,6.08156,0.72312
9,5,6.61031,6.05721,6.05721,5.6819,1.08665
9,7,2.79826,2.73025,2.73025,2.43205,1.00137
9,24,0.00206438,0.00312319,0.00312319,0.00179287,1.0071
9,48,6.88919e-8,2.19658e-7,2.19658e-7,6.78117e-8,0.105932
9,72,2.23424e-12,1.54488e-11,1.54488e-11,2.56484e-12,-0.857197
9,96,9.93693e-17,1.08653e-15,1.08653e-15,9.70096e-17,0.0106273
9,97,19.6086,18.6043,18.6043,18.3817,0.443887
9,98,38.9551,31.0948,31.0948,30.4078,1.86934
9,101,33.2361,30.2861,30.2861,28.4095,1.12985
9,103,10.5933,13.6512,13.6512,12.1603,-0.856944
9,120,0.00836855,0.015616,0.015616,0.00896437,-0.442021
9,144,3.32656e-7,1.09829e-6,1.09829e-6,3.39059e-7,-0.125587
9,168,1.3811e-11,7.7244e-11,7.7244e-11,1.28242e-11,0.51175
9,192,5.55023e-16,5.43267e-15,5.43267e-15,4.85048e-16,0.315138
9,193,42.2108,37.2087,37.2087,36.7634,0.985416
9,194,61.4025,62.1896,62.1896,60.8156,0.0641826
9,197,68.253,60.5721,60.5721,56.819,1.33829
9,199,24.0847,27.3025,27.3025,24.3205,-0.0644881
9,216,0.0173525,0.0312319,0.0312319,0.0179287,-0.213739
9,240,6.96038e-7,2.19658e-6,2.19658e-6,6.78117e-7,0.17575
9,264,2.54026e-11,1.54488e-10,1.54488e-10,2.56484e-11,-0.063727
9,288,9.42586e-16,1.08653e-14,1.08653e-14,9.70096e-16,-0.123893
9,289,137.689,111.626,111.626,110.29,1.65215
9,290,246.211,186.569,186.569,182.447,2.32427
9,293,162.656,181.716,181.716,170.457,-0.304356
9,295,95.2084,81.9074,81.9074,72.9616,2.02776
9,312,0.0583793,0.0936957,0.0936957,0.0537862,0.567908
9,336,2.3901e-6,6.58973e-6,6.58973e-6,2.03435e-6,1.16295
9,360,8.10958e-11,4.63464e-10,4.63464e-10,7.69451e-11,0.358743
9,384,3.05495e-15,3.2596e-14,3.2596e-14,2.91029e-15,0.330575
9,385,126.954,111.626,111.626,110.29,1.00481
9,386,214.092,186.569,186.569,182.447,1.15348
9,389,177.725,181.716,181.716,170.457,0.283559
9,391,90.2783,81.9074,81.9074,72.9616,1.57839
9,408,0.0542881,0.0936957,0.0936957,0.0537862,0.0620486
9,432,2.21631e-6,6.58973e-6,6.58973e-6,2.03435e-6,0.594838
9,456,7.37898e-11,4.63464e-10,4.63464e-10,7.69451e-11,-0.27271
9,480,2.70808e-15,3.2596e-14,3.2596e-14,2.91029e-15,-0.462082
9,481,112.242,111.626,111.626,110.29,0.117696
9,482,184.201,186.569,186.569,182.447,0.0639349
9,485,183.518,181.716,181.716,170.457,0.509556
9,487,88.2345,81.9074,81.9074,72.9616,1.3921
9,504,0.0519728,0.0936957,0.0936957,0.0537862,-0.224222
9,528,2.12683e-6,6.58973e-6,6.58973e-6,2.03435e-6,0.302304
9,552,7.31555e-11,4.63464e-10,4.63464e-10,7.69451e-11,-0.327536
9,576,3.19835e-15,3.2596e-14,3.2596e-14,2.91029e-15,0.658244
9,577,145.476,111.626,111.626,110.29,2.12168
9,578,211.78,186.569,186.569,182.447,1.06922
9,581,187.478,181.716,181.716,170.457,0.664072
9,583,80.953,81.9074,81.9074,72.9616,0.728402
9,600,0.0597523,0.0936957,0.0936957,0.0537862,0.737666
9,624,2.28935e-6,6.58973e-6,6.58973e-6,2.03435e-6,0.833602
9,648,8.21083e-11,4.63464e-10,4.63464e-10,7.69451e-11,0.446252
10,0,0,0,0,0,0
10,1,3.84495,3.72087,3.72087,3.36822,0.94128
10,2,5.91719,6.21896,6.21896,5.18764,0.935259
10,5,3.71251,6.05721,6.05721,3.61985,0.170228
10,7,1.02227,2.73025,2.73025,1.05622,-0.213736
10,24,3.20855e-5,0.00312319,0.00312319,2.99765e-5,0.467899
10,48,1.03196e-11,2.19658e-7,2.19658e-7,1.14163e-11,-0.638877
10,72,3.75296e-18,1.54488e-11,1.54488e-11,4.34781e-18,-0.00267895
10,96,1.45935e-24,1.08653e-15,1.08653e-15,1.65583e-24,-8.84843e-10
10,97,18.6874,18.6043,18.6043,16.8411,0.729097
10,98,24.7399,31.0948,31.0948,25.9382,-0.307223
10,101,21.0758,30.2861,30.2861,18.0992,1.0937
10,103,6.43133,13.6512,13.6512,5.28108,1.44849
10,120,0.0001899,0.015616,0.015616,0.000149882,1.77563
10,144,5.45213e-11,1.09829e-6,1.09829e-6,5.70815e-11,-0.298273
10,168,1.76415e-17,7.7244e-11,7.7244e-11,2.1739e-17,-0.0184534
10,192,6.62792e-24,5.43267e-15,5.43267e-15,8.27914e-24,-7.4364e-9
10,193,35.9834,37.2087,37.2087,33.6822,0.454359
10,194,56.2578,62.1896,62.1896,51.8764,0.56168
10,197,38.0348,60.5721,60.5721,36.1985,0.337358
10,199,12.8058,27.3025,27.3025,10.5622,1.41272
10,216,0.00035749,0.0312319,0.0312319,0.000299765,1.28065
10,240,1.08465e-10,2.19658e-6,2.19658e-6,1.14163e-10,-0.331938
10,264,3.51883e-17,1.54488e-10,1.54488e-10,4.34781e-17,-0.0373335
10,288,1.16848e-23,1.08653e-14,1.08653e-14,1.65583e-23,-2.19482e-8
10,289,164.261,167.439,167.439,151.57,0.556848
10,290,299.01,279.853,279.853,233.444,1.86787
10,293,151.543,272.575,272.575,162.893,-0.463385
10,295,47.7971,122.861,122.861,47.5297,0.0374112
10,312,0.0013903,0.140544,0.140544,0.00134894,0.203889
10,336,4.79049e-10,9.8846e-6,9.8846e-6,5.13733e-10,-0.44899
10,360,1.44294e-16,6.95196e-10,6.95196e-10,1.95651e-16,-0.231292
10,384,6.25356e-23,4.8894e-14,4.8894e-14,7.45122e-23,-5.3938e-8
10,385,183.319,167.439,167.439,151.57,1.39305
10,386,225.216,279.853,279.853,233.444,-0.234398
10,389,181.694,272.575,272.575,162.893,0.767581
10,391,54.226,122.861,122.861,47.5297,0.936953
10,408,0.00124216,0.140544,0.140544,0.00134894,-0.526441
10,432,4.20542e-10,9.8846e-6,9.8846e-6,5.13733e-10,-1.20637
10,456,1.67695e-16,6.95196e-10,6.95196e-10,1.95651e-16,-0.125903
10,480,5.37794e-23,4.8894e-14,4.8894e-14,7.45122e-23,-9.33723e-8
10,481,193.582,167.439,167.439,151.57,1.84336
10,482,281.091,279.853,279.853,233.444,1.35738
10,485,166.607,272.575,272.575,162.893,0.151608
10,487,62.6123,122.861,122.861,47.5297,2.11036
10,504,0.00158041,0.140544,0.140544,0.00134894,1.14115
10,528,4.43538e-10,9.8846e-6,9.8846e-6,5.13733e-10,-0.908685
10,552,1.58633e-16,6.95196e-10,6.95196e-10,1.95651e-16,-0.166714
10,576,5.57335e-23,4.8894e-14,4.8894e-14,7.45122e-23,-8.45718e-8
10,577,167.62,167.439,167.439,151.57,0.704199
10,578,254.327,279.853,279.853,233.444,0.594926
10,581,202.05,272.575,272.575,162.893,1.59864
10,583,53.6124,122.861,122.861,47.5297,0.851088
10,600,0.00135274,0.140544,0.140544,0.00134894,0.0187424
10,624,5.4593e-10,9.8846e-6,9.8846e-6,5.13733e-10,0.416786
10,648,1.65647e-16,6.95196e-10,6.95196e-10,1.95651e-16,-0.135129
11,0,0,0,0,0,0
11,1,3.81584,3.72087,3.72087,3.33704,0.954199
11,2,5.81336,6.21896,6.21896,5.10259,0.926364
11,5,3.67379,6.05721,6.05721,3.45535,0.420423
11,7,1.20342,2.73025,2.73025,0.967228,1.62398
11,24,1.9536e-5,0.00312319,0.00312319,1.92904e-5,0.0846883
11,48,4.61664e-12,2.19658e-7,2.19658e-7,4.46457e-12,0.226525
11,72,1.17345e-18,1.54488e-11,1.54488e-11,1.03328e-18,0.000631264
11,96,2.04655e-25,1.08653e-15,1.08653e-15,2.39143e-25,-1.55321e-10
11,97,17.8154,18.6043,18.6043,16.6852,0.450468
11,98,27.3894,31.0948,31.0948,25.5129,0.489117
11,101,21.2461,30.2861,30.2861,17.2768,1.52791
11,103,5.22312,13.6512,13.6512,4.83614,0.532152
11,120,0.000107206,0.015616,0.015616,9.64518e-5,0.741514
11,144,2.34315e-11,1.09829e-6,1.09829e-6,2.23228e-11,0.330288
11,168,4.64886e-18,7.7244e-11,7.7244e-11,5.16641e-18,-0.00233082
11,192,9.84634e-25,5.43267e-15,5.43267e-15,1.19572e-24,-9.50627e-10
11,193,36.816,37.2087,37.2087,33.3704,0.686674
11,194,62.8836,62.1896,62.1896,51.0259,1.54545
11,197,37.3563,60.5721,60.5721,34.5535,0.539442
11,199,10.4412,27.3025,27.3025,9.67228,0.528704
11,216,0.000218915,0.0312319,0.0312319,0.000192904,0.896731
11,240,4.44937e-11,2.19658e-6,2.19658e-6,4.46457e-11,-0.0226415
11,264,8.14518e-18,1.54488e-10,1.54488e-10,1.03328e-17,-0.00985222
11,288,2.74263e-24,1.08653e-14,1.08653e-14,2.39143e-24,1.58165e-9
11,289,171.185,167.439,167.439,150.167,0.930826
11,290,265.519,279.853,279.853,229.617,1.03984
11,293,165.56,272.575,272.575,155.491,0.430654
11,295,54.3367,122.861,122.861,43.5253,1.65192
11,312,0.00095438,0.140544,0.140544,0.000868066,0.661264
11,336,1.65029e-10,9.8846e-6,9.8846e-6,2.00906e-10,-1.18758
11,360,5.26924e-17,6.95196e-10,6.95196e-10,4.64977e-17,0.0278986
11,384,8.95396e-24,4.8894e-14,4.8894e-14,1.07614e-23,-8.14019e-9
11,385,153.823,167.439,167.439,150.167,0.161929
11,386,242.087,279.853,279.853,229.617,0.361194
11,389,164.842,272.575,272.575,155.491,0.399932
11,391,51.491,122.861,122.861,43.5253,1.2171
11,408,0.000976075,0.140544,0.140544,0.000868066,0.82747
11,432,2.02082e-10,9.8846e-6,9.8846e-6,2.00906e-10,0.0389382
11,456,4.59809e-17,6.95196e-10,6.95196e-10,4.64977e-17,-0.00232735
11,480,1.03436e-23,4.8894e-14,4.8894e-14,1.07614e-23,-1.88182e-9
11,481,183.36,167.439,167.439,150.167,1.47002
11,482,261.626,279.853,279.853,229.617,0.927079
11,485,182.511,272.575,272.575,155.491,1.15565
11,487,49.1943,122.861,122.861,43.5253,0.866188
11,504,0.000821126,0.140544,0.140544,0.000868066,-0.359615
11,528,2.03812e-10,9.8846e-6,9.8846e-6,2.00906e-10,0.0961981
11,552,4.64952e-17,6.95196e-10,6.95196e-10,4.64977e-17,-1.138e-5
11,576,1.00503e-23,4.8894e-14,4.8894e-14,1.07614e-23,-3.20287e-9
11,577,148.303,167.439,167.439,150.167,-0.0825474
11,578,270.983,279.853,279.853,229.617,1.19809
11,581,158.23,272.575,272.575,155.491,0.117157
11,583,43.2957,122.861,122.861,43.5253,-0.0350706
11,600,0.0010107,0.140544,0.140544,0.000868066,1.09271
11,624,1.60677e-10,9.8846e-6,9.8846e-6,2.00906e-10,-1.33163
11,648,4.23251e-17,6.95196e-10,6.95196e-10,4.64977e-17,-0.0187916
12,0,0,0,0,0,0
12,1,3.8023,3.72087,3.72087,3.42192,0.739263
12,2,4.72666,6.21896,6.21896,5.3364,-0.759867
12,5,3.96227,6.05721,6.05721,3.9201,0.0715412
12,7,1.56689,2.73025,2.73025,1.22704,1.84191
12,24,7.00265e-5,0.00312319,0.00312319,6.32602e-5,0.711323
12,48,5.30733e-11,2.19658e-7,2.19658e-7,5.59586e-11,-0.342902
12,72,4.78039e-17,1.54488e-11,1.54488e-11,4.94998e-17,-0.0076377
12,96,3.64584e-23,1.08653e-15,1.08653e-15,4.37865e-23,-3.30029e-8
12,97,19.6174,18.6043,18.6043,17.1096,0.974767
12,98,33.3832,31.0948,31.0948,26.682,1.67024
12,101,22.5706,30.2861,30.2861,19.6005,1.00772
12,103,7.23856,13.6512,13.6512,6.1352,1.19601
12,120,0.000319115,0.015616,0.015616,0.000316301,0.0591698
12,144,2.78801e-10,1.09829e-6,1.09829e-6,2.79793e-10,-0.0235897
12,168,2.23909e-16,7.7244e-11,7.7244e-11,2.47499e-16,-0.106239
12,192,1.74439e-22,5.43267e-15,5.43267e-15,2.18933e-22,-2.0038e-7
12,193,45.9969,37.2087,37.2087,34.2192,2.28896
12,194,69.8162,62.1896,62.1896,53.364,2.05033
12,197,40.9065,60.5721,60.5721,39.201,0.289332
12,199,17.4514,27.3025,27.3025,12.2704,2.80802
12,216,0.000564417,0.0312319,0.0312319,0.000632602,-0.716813
12,240,5.50528e-10,2.19658e-6,2.19658e-6,5.59586e-10,-0.107654
12,264,5.26218e-16,1.54488e-10,1.54488e-10,4.94998e-16,0.140603
12,288,3.62755e-22,1.08653e-14,1.08653e-14,4.37865e-22,-3.38266e-7
12,289,201.258,167.439,167.439,153.986,2.04159
12,290,291.008,279.853,279.853,240.138,1.4088
12,293,199.265,272.575,272.575,176.405,0.861816
12,295,70.1505,122.861,122.861,55.2168,1.79862
12,312,0.00304367,0.140544,0.140544,0.00284671,0.460128
12,336,2.59988e-9,9.8846e-6,9.8846e-6,2.51814e-9,0.215864
12,360,2.03791e-15,6.95196e-10,6.95196e-10,2.22749e-15,-0.566006
12,384,1.80802e-21,4.8894e-14,4.8894e-14,1.97039e-21,-7.31272e-7
12,385,188.557,167.439,167.439,153.986,1.49303
12,386,316.324,279.853,279.853,240.138,2.10988
12,389,155.956,272.575,272.575,176.405,-0.770903
12,391,60.1908,122.861,122.861,55.2168,0.599068
12,408,0.00330201,0.140544,0.140544,0.00284671,1.06365
12,432,2.20319e-9,9.8846e-6,9.8846e-6,2.51814e-9,-0.831767
12,456,2.49275e-15,6.95196e-10,6.95196e-10,2.22749e-15,0.79196
12,480,1.46037e-21,4.8894e-14,4.8894e-14,1.97039e-21,-2.29692e-6
12,481,157.591,167.439,167.439,153.986,0.155676
12,482,176.746,279.853,279.853,240.138,-1.75557
12,485,204.253,272.575,272.575,176.405,1.04987
12,487,53.4405,122.861,122.861,55.2168,-0.21394
12,504,0.00311361,0.140544,0.140544,0.00284671,0.623514
12,528,2.72249e-9,9.8846e-6,9.8846e-6,2.51814e-9,0.539682
12,552,2.05943e-15,6.95196e-10,6.95196e-10,2.22749e-15,-0.501766
12,576,1.89138e-21,4.8894e-14,4.8894e-14,1.97039e-21,-3.55833e-7
12,577,183.111,167.439,167.439,153.986,1.25783
12,578,271.817,279.853,279.853,240.138,0.877335
12,581,218.905,272.575,272.575,176.405,1.60223
12,583,63.8509,122.861,122.861,55.2168,1.0399
12,600,0.00330677,0.140544,0.140544,0.00284671,1.07479
12,624,2.29689e-9,9.8846e-6,9.8846e-6,2.51814e-9,-0.584324
12,648,2.16271e-15,6.95196e-10,6.95196e-10,2.22749e-15,-0.193399
13,0,0,0,0,0,0
13,1,27.6231,18.6043,18.6043,20.0532,2.51045
13,2,40.1746,31.0948,31.0948,35.8271,0.806999
13,5,49.4045,30.2861,30.2861,45.6192,0.551831
13,7,30.7079,13.6512,13.6512,28.2267,0.584571
13,24,0.581752,0.015616,0.015616,0.477005,1.46038
13,48,0.00141618,1.09829e-6,1.09829e-6,0.00150204,-0.380143
13,72,4.82849e-6,7.7244e-11,7.7244e-11,4.72976e-6,0.138828
13,96,1.44313e-8,5.43267e-15,5.43267e-15,1.48935e-8,-0.206387
13,97,47.9954,37.2087,37.2087,40.1064,1.30814
13,98,89.2889,62.1896,62.1896,71.6542,1.6367
13,101,86.8348,60.5721,60.5721,91.2384,-0.320974
13,103,57.8452,27.3025,27.3025,56.4535,0.163948
13,120,1.19379,0.0312319,0.0312319,0.954009,1.6715
13,144,0.00286541,2.19658e-6,2.19658e-6,0.00300408,-0.306963
13,168,1.11212e-5,1.54488e-10,1.54488e-10,9.45952e-6,1.1682
13,192,2.91869e-8,1.08653e-14,1.08653e-14,2.9787e-8,-0.133979
13,193,100.276,93.0217,93.0217,100.266,0.000652418
13,194,191.681,155.474,155.474,179.136,0.465753
13,197,232.811,151.43,151.43,228.096,0.137463
13,199,160.86,68.2561,68.2561,141.134,0.929546
13,216,2.15444,0.0780798,0.0780798,2.38502,-0.642957
13,240,0.00846078,5.49145e-6,5.49145e-6,0.00751019,0.841759
13,264,1.96693e-5,3.8622e-10,3.8622e-10,2.36488e-5,-1.11909
13,288,6.66295e-8,2.71633e-14,2.71633e-14,7.44675e-8,-0.699984
13,289,325.206,279.065,279.065,300.798,0.539638
13,290,639.214,466.422,466.422,537.407,1.25985
13,293,731.083,454.291,454.291,684.288,0.45479
13,295,399.298,204.768,204.768,423.401,-0.37859
13,312,8.33242,0.234239,0.234239,7.15507,1.0943
13,336,0.0233384,1.64743e-5,1.64743e-5,0.0225306,0.238451
13,360,7.2306e-5,1.15866e-9,1.15866e-9,7.09464e-5,0.127452
13,384,1.87573e-7,8.149e-14,8.149e-14,2.23403e-7,-1.06659
13,385,332.954,279.065,279.065,300.798,0.710935
13,386,611.445,466.422,466.422,537.407,0.916211
13,389,803.046,454.291,454.291,684.288,1.15417
13,391,461.216,204.768,204.768,423.401,0.593954
13,408,8.39911,0.234239,0.234239,7.15507,1.15628
13,432,0.0214344,1.64743e-5,1.64743e-5,0.0225306,-0.323552
13,456,6.935e-5,1.15866e-9,1.15866e-9,7.09464e-5,-0.149638
13,480,2.33094e-7,8.149e-14,8.149e-14,2.23403e-7,0.288491
13,481,324.477,279.065,279.065,300.798,0.523515
13,482,590.524,466.422,466.422,537.407,0.657317
13,485,713.346,454.291,454.291,684.288,0.282406
13,487,582.355,204.768,204.768,423.401,2.49668
13,504,8.71823,0.234239,0.234239,7.15507,1.4529
13,528,0.0214469,1.64743e-5,1.64743e-5,0.0225306,-0.319867
13,552,6.30874e-5,1.15866e-9,1.15866e-9,7.09464e-5,-0.736686
13,576,1.99185e-7,8.149e-14,8.149e-14,2.23403e-7,-0.720924
13,577,349.527,279.065,279.065,300.798,1.07736
13,578,643.569,466.422,466.422,537.407,1.31375
13,581,831.734,454.291,454.291,684.288,1.43298
13,583,495.603,204.768,204.768,423.401,1.13408
13,600,7.62329,0.234239,0.234239,7.15507,0.435196
13,624,0.0249478,1.64743e-5,1.64743e-5,0.0225306,0.713512
13,648,6.39929e-5,1.15866e-9,1.15866e-9,7.09464e-5,-0.651802
14,0,0,0,0,0,0
14,1,19.4568,18.6043,18.6043,19.4662,-0.00322057
14,2,40.2724,31.0948,31.0948,33.8546,1.26071
14,5,43.1787,30.2861,30.2861,38.6949,0.770621
14,7,25.7183,13.6512,13.6512,21.1406,1.44004
14,24,0.140981,0.015616,0.015616,0.124037,0.908457
14,48,9.59351e-5,1.09829e-6,1.09829e-6,8.77221e-5,0.622639
14,72,5.48513e-8,7.7244e-11,7.7244e-11,6.20391e-8,-0.770503
14,96,4.79828e-11,5.43267e-15,5.43267e-15,4.38755e-11,0.62255
14,97,42.1923,37.2087,37.2087,38.9324,0.556854
14,98,62.163,62.1896,62.1896,67.7091,-0.544742
14,101,90.275,60.5721,60.5721,77.3898,1.10727
14,103,44.1152,27.3025,27.3025,42.2812,0.28848
14,120,0.298675,0.0312319,0.0312319,0.248075,1.35649
14,144,0.00021519,2.19658e-6,2.19658e-6,0.000175444,1.50658
14,168,1.1868e-7,1.54488e-10,1.54488e-10,1.24078e-7,-0.289316
14,192,7.6654e-11,1.08653e-14,1.08653e-14,8.7751e-11,-0.841009
14,193,106.978,93.0217,93.0217,97.3309,0.659177
14,194,218.618,155.474,155.474,169.273,1.93867
14,197,213.649,151.43,151.43,193.475,0.693477
14,199,112.794,68.2561,68.2561,105.703,0.446162
14,216,0.736573,0.0780798,0.0780798,0.620187,1.24802
14,240,0.000460038,5.49145e-6,5.49145e-6,0.000438611,0.324891
14,264,3.32914e-7,3.8622e-10,3.8622e-10,3.10196e-7,0.487074
14,288,1.89409e-10,2.71633e-14,2.71633e-14,2.19378e-10,-0.908477
14,289,340.779,279.065,279.065,291.993,1.11115
14,290,526.723,466.422,466.422,507.819,0.247575
14,293,643.594,454.291,454.291,580.424,0.723792
14,295,345.713,204.768,204.768,317.109,0.599888
14,312,2.05816,0.234239,0.234239,1.86056,0.706301
14,336,0.00133239,1.64743e-5,1.64743e-5,0.00131583,0.0836775
14,360,1.04332e-6,1.15866e-9,1.15866e-9,9.30587e-7,0.805614
14,384,5.05875e-10,8.149e-14,8.149e-14,6.58133e-10,-1.53855
14,385,340.324,279.065,279.065,291.993,1.10077
14,386,528.289,466.422,466.422,507.819,0.268079
14,389,608.427,454.291,454.291,580.424,0.320851
14,391,326.413,204.768,204.768,317.109,0.195135
14,408,2.23556,0.234239,0.234239,1.86056,1.34039
14,432,0.00152339,1.64743e-5,1.64743e-5,0.00131583,1.04904
14,456,1.09123e-6,1.15866e-9,1.15866e-9,9.30587e-7,1.148
14,480,6.30985e-10,8.149e-14,8.149e-14,6.58133e-10,-0.274322
14,481,315.869,279.065,279.065,291.993,0.543806
14,482,585.321,466.422,466.422,507.819,1.01497
14,485,596.618,454.291,454.291,580.424,0.185555
14,487,331.651,204.768,204.768,317.109,0.30497
14,504,2.00431,0.234239,0.234239,1.86056,0.513809
14,528,0.00120787,1.64743e-5,1.64743e-5,0.00131583,-0.54567
14,552,7.70832e-7,1.15866e-9,1.15866e-9,9.30587e-7,-1.14168
14,576,6.54873e-10,8.149e-14,8.149e-14,6.58133e-10,-0.0329335
14,577,295.673,279.065,279.065,291.993,0.0838306
14,578,664.355,466.422,466.422,507.819,2.04999
14,581,625.509,454.291,454.291,580.424,0.516576
14,583,393.779,204.768,204.768,317.109,1.60792
14,600,2.10859,0.234239,0.234239,1.86056,0.886537
14,624,0.00128487,1.64743e-5,1.64743e-5,0.00131583,-0.156465
14,648,8.8315e-7,1.15866e-9,1.15866e-9,9.30587e-7,-0.339004
15,0,0,0,0,0,0
15,1,22.0939,18.6043,18.6043,19.7372,0.794056
15,2,41.1556,31.0948,31.0948,34.7559,1.22454
15,5,37.4225,30.2861,30.2861,41.7602,-0.690786
15,7,30.6545,13.6512,13.6512,24.1799,1.78076
15,24,0.237985,0.015616,0.015616,0.232456,0.158194
15,48,0.000364659,1.09829e-6,1.09829e-6,0.000330104,0.69616
15,72,4.35568e-7,7.7244e-11,7.7244e-11,4.6877e-7,-0.471028
16,0,0,0,0,0,0
16,1,53.0914,37.2087,37.2087,42.0524,1.74575
16,2,82.9395,62.1896,62.1896,78.5326,0.373191
16,5,139.002,60.5721,60.5721,119.394,1.09216
16,7,94.1113,27.3025,27.3025,89.8491,0.315472
16,24,9.54765,0.0312319,0.0312319,8.01719,1.26954
16,48,0.304051,2.19658e-6,2.19658e-6,0.264477,0.99512
16,72,0.00935708,1.54488e-10,1.54488e-10,0.00872473,0.482003
16,96,0.000313898,1.08653e-14,1.08653e-14,0.000287817,0.602614
16,97,121.009,93.0217,93.0217,105.131,1.00438
16,98,218.961,155.474,155.474,196.332,0.766524
16,101,329.142,151.43,151.43,298.486,0.683028
16,103,260.074,68.2561,68.2561,224.623,1.0496
16,120,20.3789,0.0780798,0.0780798,20.043,0.111459
16,144,0.73475,5.49145e-6,5.49145e-6,0.661192,0.739862
16,168,0.0200325,3.8622e-10,3.8622e-10,0.0218118,-0.542518
16,192,0.000710633,2.71633e-14,2.71633e-14,0.000719544,-0.0823607
16,193,257.599,186.043,186.043,210.263,1.49718
16,194,510.209,310.948,310.948,392.663,1.99081
16,197,709.426,302.861,302.861,596.972,1.25276
16,199,476.004,136.512,136.512,449.246,0.396112
16,216,33.4125,0.15616,0.15616,40.086,-1.10715
16,240,1.61594,1.09829e-5,1.09829e-5,1.32238,1.4763
16,264,0.0390138,7.7244e-10,7.7244e-10,0.0436237,-0.702775
16,288,0.00143837,5.43267e-14,5.43267e-14,0.00143909,-0.00330722
16,289,469.51,372.087,372.087,420.526,0.774656
16,290,882.145,621.896,621.896,785.327,0.819884
16,293,1506.04,605.721,605.721,1193.94,1.73842
16,295,1051.77,273.025,273.025,898.492,1.13452
16,312,87.6256,0.312319,0.312319,80.172,0.618288
16,336,2.83043,2.19658e-5,2.19658e-5,2.64477,0.46685
16,360,0.0883333,1.54488e-9,1.54488e-9,0.0872474,0.0827766
17,0,0,0,0,0,0
17,1,45.1907,37.2087,37.2087,38.6033,1.13485
17,2,76.4361,62.1896,62.1896,66.6304,0.978699
17,5,83.4565,60.5721,60.5721,73.8757,0.862477
17,7,48.646,27.3025,27.3025,38.9415,1.65732
17,24,0.171839,0.0312319,0.0312319,0.16852,0.130957
17,48,7.11531e-5,2.19658e-6,2.19658e-6,7.75497e-5,-0.548555
17,72,3.45742e-8,1.54488e-10,1.54488e-10,3.56868e-8,-0.207343
17,96,1.60764e-11,1.08653e-14,1.08653e-14,1.64224e-11,-0.140114
17,97,103.381,93.0217,93.0217,96.5082,0.473579
17,98,197.481,155.474,155.474,166.576,1.23383
17,101,192.439,151.43,151.43,184.689,0.27905
17,103,118.793,68.2561,68.2561,97.3536,1.46454
17,120,0.388085,0.0780798,0.0780798,0.421301,-0.52433
17,144,0.000183313,5.49145e-6,5.49145e-6,0.000193874,-0.362283
17,168,1.03762e-7,3.8622e-10,3.8622e-10,8.92171e-8,1.08421
17,192,4.16934e-11,2.71633e-14,2.71633e-14,4.10559e-11,0.103259
17,193,219.803,186.043,186.043,193.016,0.922936
17,194,429.837,310.948,310.948,333.152,1.93002
17,197,415.059,302.861,302.861,369.378,0.822447
17,199,229.173,136.512,136.512,194.707,1.17719
17,216,0.731818,0.15616,0.15616,0.842602,-0.874383
17,240,0.000362556,1.09829e-5,1.09829e-5,0.000387749,-0.432088
17,264,1.5428e-7,7.7244e-10,7.7244e-10,1.78434e-7,-0.900247
17,288,7.59009e-11,5.43267e-14,5.43267e-14,8.21119e-11,-0.503033
17,289,503.528,372.087,372.087,386.033,2.02415
17,290,707.384,621.896,621.896,666.304,0.410019
17,293,838.462,605.721,605.721,738.757,0.897553
17,295,454.596,273.025,273.025,389.415,1.11315
17,312,1.66427,0.312319,0.312319,1.6852,-0.0826176
17,336,0.00081003,2.19658e-5,2.19658e-5,0.000775497,0.296133
17,360,3.97879e-7,1.54488e-9,1.54488e-9,3.56868e-7,0.76425
18,0,0,0,0,0,0
18,1,42.9122,37.2087,37.2087,39.2068,0.628517
18,2,86.719,62.1896,62.1896,68.6178,1.75434
18,5,69.6945,60.5721,60.5721,80.4392,-0.888321
18,7,41.1496,27.3025,27.3025,45.2652,-0.604664
18,24,0.348891,0.0312319,0.0312319,0.341415,0.14562
18,48,0.00029379,2.19658e-6,2.19658e-6,0.000344223,-0.97436
18,72,3.61082e-7,1.54488e-10,1.54488e-10,3.47053e-7,0.268832
18,96,3.35165e-10,1.08653e-14,1.08653e-14,3.49907e-10,-0.280173
18,97,127.118,93.0217,93.0217,98.0171,1.97445
18,98,196.962,155.474,155.474,171.545,0.985366
18,101,257.133,151.43,151.43,201.098,1.85309
18,103,123.079,68.2561,68.2561,113.163,0.582764
18,120,0.89316,0.0780798,0.0780798,0.853539,0.308715
18,144,0.000711739,5.49145e-6,5.49145e-6,0.000860557,-1.15006
18,168,9.7819e-7,3.8622e-10,3.8622e-10,8.67632e-7,0.847415
18,192,7.16473e-10,2.71633e-14,2.71633e-14,8.74766e-10,-1.20342
18,193,201.116,186.043,186.043,196.034,0.172403
18,194,382.632,310.948,310.948,343.089,0.76649
18,197,422.836,302.861,302.861,402.196,0.341293
18,199,244.024,136.512,136.512,226.326,0.520052
18,216,1.78212,0.15616,0.15616,1.70708,0.292365
18,240,0.00182361,1.09829e-5,1.09829e-5,0.00172111,0.396038
18,264,1.9689e-6,7.7244e-10,7.7244e-10,1.73526e-6,0.895397
18,288,1.74512e-9,5.43267e-14,5.43267e-14,1.74953e-9,-0.0167656
18,289,420.935,372.087,372.087,392.068,0.489638
18,290,902.02,621.896,621.896,686.178,2.09192
18,293,866.552,605.721,605.721,804.392,0.513911
18,295,492.695,273.025,273.025,452.652,0.588314
18,312,3.72815,0.312319,0.312319,3.41415,0.611627
18,336,0.00338802,2.19658e-5,2.19658e-5,0.00344223,-0.104728
18,360,3.80557e-6,1.54488e-9,1.54488e-9,3.47053e-6,0.642014
18,384,3.09422e-9,1.08653e-13,1.08653e-13,3.49907e-9,-0.76945
18,385,360.373,372.087,372.087,392.068,-0.537616
18,386,667.775,621.896,621.896,686.178,-0.178358
18,389,879.379,605.721,605.721,804.392,0.61996
18,391,599.293,273.025,273.025,452.652,2.15446
18,408,3.92163,0.312319,0.312319,3.41415,0.988505
18,432,0.00405731,2.19658e-5,2.19658e-5,0.00344223,1.18833
18,456,3.1903e-6,1.54488e-9,1.54488e-9,3.47053e-6,-0.536991
18,480,3.54452e-9,1.08653e-13,1.08653e-13,3.49907e-9,0.0863926
18,481,421.61,372.087,372.087,392.068,0.501094
18,482,857.352,621.896,621.896,686.178,1.659
18,485,815.928,605.721,605.721,804.392,0.0953752
18,487,520.601,273.025,273.025,452.652,0.998307
18,504,3.88516,0.312319,0.312319,3.41415,0.917468
18,528,0.00342245,2.19658e-5,2.19658e-5,0.00344223,-0.0382164
18,552,3.70255e-6,1.54488e-9,1.54488e-9,3.47053e-6,0.444615
18,576,3.03551e-9,1.08653e-13,1.08653e-13,3.49907e-9,-0.88103
18,577,395.207,372.087,372.087,392.068,0.0532385
18,578,687.305,621.896,621.896,686.178,0.0109211
18,581,1026.91,605.721,605.721,804.392,1.83972
18,583,509.596,273.025,273.025,452.652,0.836631
18,600,4.37528,0.312319,0.312319,3.41415,1.87215
18,624,0.00301611,2.19658e-5,2.19658e-5,0.00344223,-0.82325
18,648,3.20925e-6,1.54488e-9,1.54488e-9,3.47053e-6,-0.500667
19,0,0,0,0,0,0
19,1,18.2263,18.6043,18.6043,20.7495,-0.808697
19,2,42.9429,31.0948,31.0948,38.2665,0.812712
19,5,72.105,30.2861,30.2861,55.3287,2.01647
19,7,46.6011,13.6512,13.6512,39.4325,1.209
19,24,2.92514,0.015616,0.015616,2.21581,2.12891
19,48,0.0400773,1.09829e-6,1.09829e-6,0.0380518,0.354001
19,72,0.000647473,7.7244e-11,7.7244e-11,0.000653456,-0.06089
19,96,1.0829e-5,5.43267e-15,5.43267e-15,1.12217e-5,-0.232745
19,97,45.8294,37.2087,37.2087,41.499,0.693955
19,98,98.7755,62.1896,62.1896,76.533,1.93277
19,101,119.894,60.5721,60.5721,110.657,0.555108
19,103,75.3446,27.3025,27.3025,78.8649,-0.296857
19,120,4.86546,0.0312319,0.0312319,4.43163,0.651032
19,144,0.0656477,2.19658e-6,2.19658e-6,0.0761035,-0.913692
19,168,0.00151981,1.54488e-10,1.54488e-10,0.00130691,1.08334
19,192,2.21169e-5,1.08653e-14,1.08653e-14,2.24434e-5,-0.0967292
19,193,145.115,93.0217,93.0217,103.748,2.65173
19,194,228.948,155.474,155.474,191.332,1.30744
19,197,313.489,151.43,151.43,276.643,0.885753
19,199,214.538,68.2561,68.2561,197.162,0.586091
19,216,12.5752,0.0780798,0.0780798,11.0791,0.898046
19,240,0.207023,5.49145e-6,5.49145e-6,0.190259,0.58599
19,264,0.00287529,3.8622e-10,3.8622e-10,0.00326728,-0.797864
19,288,5.6304e-5,2.71633e-14,2.71633e-14,5.61084e-5,0.0231769
19,289,410.739,279.065,279.065,311.243,2.12595
19,290,681.181,466.422,466.422,573.997,1.24184
19,293,869.02,454.291,454.291,829.93,0.313235
19,295,584.794,204.768,204.768,591.487,-0.0752479
19,312,37.062,0.234239,0.234239,33.2372,0.765297
19,336,0.542473,1.64743e-5,1.64743e-5,0.570777,-0.329778
19,360,0.00814012,1.15866e-9,1.15866e-9,0.00980184,-1.12745
20,0,0,0,0,0,0
20,1,18.1053,18.6043,18.6043,15.4288,1.15367
20,2,22.262,31.0948,31.0948,22.2615,0.000147205
20,5,13.9596,30.2861,30.2861,11.792,1.22245
20,7,1.99582,13.6512,13.6512,2.31262,-0.911026
20,24,2.27573e-6,0.015616,0.015616,2.24133e-6,0.10205
20,48,6.86444e-15,1.09829e-6,1.09829e-6,7.2564e-15,-0.35922
20,72,1.93198e-23,7.7244e-11,7.7244e-11,2.34928e-23,-1.87935e-8
20,96,5.95497e-32,5.43267e-15,5.43267e-15,7.60588e-32,-7.43505e-17
20,97,34.3019,37.2087,37.2087,30.8576,0.742301
20,98,46.6101,62.1896,62.1896,44.523,0.311752
20,101,22.5072,60.5721,60.5721,23.584,-0.303649
20,103,6.16229,27.3025,27.3025,4.62525,2.21002
20,120,4.98647e-6,0.0312319,0.0312319,4.48267e-6,0.747424
20,144,1.21043e-14,2.19658e-6,2.19658e-6,1.45128e-14,-1.10368
20,168,4.26319e-23,1.54488e-10,1.54488e-10,4.69857e-23,-1.96076e-8
20,192,1.03704e-31,1.08653e-14,1.08653e-14,1.52118e-31,-2.18036e-16
20,193,74.9407,93.0217,93.0217,77.144,-0.189941
20,194,122.6,155.474,155.474,111.307,0.674714
20,197,69.6675,151.43,151.43,58.9599,1.20775
20,199,12.1915,68.2561,68.2561,11.5631,0.361426
20,216,1.10564e-5,0.0780798,0.0780798,1.12067e-5,-0.0891763
20,240,3.54323e-14,5.49145e-6,5.49145e-6,3.6282e-14,-0.155743
20,264,1.02107e-22,3.8622e-10,3.8622e-10,1.17464e-22,-6.91609e-8
20,288,3.13612e-31,2.71633e-14,2.71633e-14,3.80294e-31,-3.00311e-16
20,289,262.098,279.065,279.065,231.432,0.881205
20,290,399.026,466.422,466.422,333.922,1.29661
20,293,204.118,454.291,454.291,176.88,1.02412
20,295,35.1846,204.768,204.768,34.6894,0.0949539
20,312,3.23266e-5,0.234239,0.234239,3.362e-5,-0.255844
20,336,1.13631e-13,1.64743e-5,1.64743e-5,1.08846e-13,0.292351
20,360,3.43835e-22,1.15866e-9,1.15866e-9,3.52393e-22,-3.8538e-8
20,384,9.4888e-31,8.149e-14,8.149e-14,1.14088e-30,-8.64703e-16
20,385,239.05,279.065,279.065,231.432,0.218899
20,386,388.416,466.422,466.422,333.922,1.0853
20,389,184.177,454.291,454.291,176.88,0.274346
20,391,41.9016,204.768,204.768,34.6894,1.38267
20,408,3.91092e-5,0.234239,0.234239,3.362e-5,1.08581
20,432,1.01395e-13,1.64743e-5,1.64743e-5,1.08846e-13,-0.455275
20,456,2.95059e-22,1.15866e-9,1.15866e-9,3.52393e-22,-2.58207e-7
20,480,8.82839e-31,8.149e-14,8.149e-14,1.14088e-30,-1.16213e-15
20,481,278.861,279.065,279.065,231.432,1.3629
20,482,303.105,466.422,466.422,333.922,-0.613752
20,485,188.728,454.291,454.291,176.88,0.445457
20,487,46.503,204.768,204.768,34.6894,2.26482
20,504,3.56761e-5,0.234239,0.234239,3.362e-5,0.40671
20,528,1.18687e-13,1.64743e-5,1.64743e-5,1.08846e-13,0.601268
20,552,3.01713e-22,1.15866e-9,1.15866e-9,3.52393e-22,-2.28241e-7
20,576,9.10768e-31,8.149e-14,8.149e-14,1.14088e-30,-1.03634e-15
20,577,286.791,279.065,279.065,231.432,1.59078
20,578,381.516,466.422,466.422,333.922,0.947867
20,581,226.163,454.291,454.291,176.88,1.85295
20,583,41.0087,204.768,204.768,34.6894,1.2115
20,600,3.65523e-5,0.234239,0.234239,3.362e-5,0.580032
20,624,1.05363e-13,1.64743e-5,1.64743e-5,1.08846e-13,-0.212826
20,648,2.38742e-22,1.15866e-9,1.15866e-9,3.52393e-22,-5.11834e-7
21,0,0,0,0,0,0
21,1,16.6072,18.6043,18.6043,16.1381,0.193318
21,2,25.1278,31.0948,31.0948,24.0591,0.295414
21,5,15.0642,30.2861,30.2861,14.6536,0.186344
21,7,4.11731,13.6512,13.6512,3.53017,1.10608
21,24,1.91697e-5,0.015616,0.015616,1.96578e-5,-0.165125
21,48,7.44795e-13,1.09829e-6,1.09829e-6,7.51198e-13,-0.0566845
21,72,2.6153e-20,7.7244e-11,7.7244e-11,2.87061e-20,-1.14979e-5
22,0,0,0,0,0,0
22,1,18.154,18.6043,18.6043,14.4653,1.69582
22,2,25.0155,31.0948,31.0948,19.9731,1.67895
22,5,9.58878,30.2861,30.2861,8.70736,0.673197
22,7,1.25305,13.6512,13.6512,1.26234,-0.0489791
22,24,8.92562e-8,0.015616,0.015616,9.3789e-8,-0.321406
22,48,4.86105e-18,1.09829e-6,1.09829e-6,8.08434e-18,-0.0145164
22,72,4.28391e-28,7.7244e-11,7.7244e-11,6.96847e-28,-1.20902e-12
22,96,3.23189e-38,5.43267e-15,5.43267e-15,6.00662e-38,-1.24963e-22
22,97,34.8544,37.2087,37.2087,28.9307,1.3617
22,98,42.5076,62.1896,62.1896,39.9462,0.426436
22,101,15.8057,60.5721,60.5721,17.4147,-0.61444
22,103,2.94811,27.3025,27.3025,2.52469,1.11536
22,120,1.70361e-7,0.0312319,0.0312319,1.87578e-7,-0.610404
22,144,1.16691e-17,2.19658e-6,2.19658e-6,1.61687e-17,-0.0202642
22,168,9.6981e-28,1.54488e-10,1.54488e-10,1.39369e-27,-1.909e-12
22,192,6.3881e-38,1.08653e-14,1.08653e-14,1.20132e-37,-2.53334e-22
22,193,80.29,93.0217,93.0217,72.3267,0.732217
22,194,101.875,155.474,155.474,99.8654,0.133821
22,197,43.0496,151.43,151.43,43.5368,-0.0744188
22,199,5.93317,68.2561,68.2561,6.31172,-0.398861
22,216,4.52124e-7,0.0780798,0.0780798,4.68945e-7,-0.238547
22,240,2.95876e-17,5.49145e-6,5.49145e-6,4.04217e-17,-0.0487926
22,264,1.8322e-27,3.8622e-10,3.8622e-10,3.48424e-27,-7.4401e-12
22,288,1.64414e-37,2.71633e-14,2.71633e-14,3.00331e-37,-6.12116e-22
22,289,260.785,279.065,279.065,216.98,1.3426
22,290,307.523,466.422,466.422,299.596,0.175947
22,293,150.698,454.291,454.291,130.61,1.02283
22,295,20.6065,204.768,204.768,18.9352,0.587014
22,312,1.55979e-6,0.234239,0.234239,1.40683e-6,0.723052
22,336,8.86865e-17,1.64743e-5,1.64743e-5,1.21265e-16,-0.146721
22,360,7.58545e-27,1.15866e-9,1.15866e-9,1.04527e-26,-1.2913e-11
22,384,5.04834e-37,8.149e-14,8.149e-14,9.00994e-37,-1.78414e-21
22,385,285.753,279.065,279.065,216.98,2.10785
22,386,327.487,466.422,466.422,299.596,0.619104
22,389,148.395,454.291,454.291,130.61,0.905534
22,391,17.2371,204.768,204.768,18.9352,-0.596387
22,408,1.12523e-6,0.234239,0.234239,1.40683e-6,-1.33117
22,432,8.57235e-17,1.64743e-5,1.64743e-5,1.21265e-16,-0.160065
22,456,7.1131e-27,1.15866e-9,1.15866e-9,1.04527e-26,-1.50402e-11
22,480,5.9148e-37,8.149e-14,8.149e-14,9.00994e-37,-1.39393e-21
22,481,315.337,279.065,279.065,216.98,3.0146
22,482,305.54,466.422,466.422,299.596,0.131945
22,485,157.591,454.291,454.291,130.61,1.3738
22,487,22.4151,204.768,204.768,18.9352,1.22221
22,504,1.2941e-6,0.234239,0.234239,1.40683e-6,-0.53292
22,528,8.30923e-17,1.64743e-5,1.64743e-5,1.21265e-16,-0.171915
22,552,7.49011e-27,1.15866e-9,1.15866e-9,1.04527e-26,-1.33424e-11
22,576,5.37135e-37,8.149e-14,8.149e-14,9.00994e-37,-1.63868e-21
22,577,221.858,279.065,279.065,216.98,0.149519
22,578,336.77,466.422,466.422,299.596,0.825165
22,581,138.277,454.291,454.291,130.61,0.390354
22,583,22.8422,204.768,204.768,18.9352,1.37223
22,600,1.57268e-6,0.234239,0.234239,1.40683e-6,0.783967
22,624,1.1149e-16,1.64743e-5,1.64743e-5,1.21265e-16,-0.0440221
22,648,6.88313e-27,1.15866e-9,1.15866e-9,1.04527e-26,-1.60759e-11
23,0,0,0,0,0,0
23,1,24.3383,18.6043,18.6043,20.1699,1.3744
23,2,40.8878,31.0948,31.0948,36.2285,0.855286
23,5,58.3175,30.2861,30.2861,47.1274,1.57909
23,7,28.0526,13.6512,13.6512,29.873,-0.405276
23,24,0.560699,0.015616,0.015616,0.619913,-0.635244
23,48,0.00251266,1.09829e-6,1.09829e-6,0.00260857,-0.244512
23,72,9.14857e-6,7.7244e-11,7.7244e-11,1.09768e-5,-1.10764
23,96,4.42357e-8,5.43267e-15,5.43267e-15,4.61899e-8,-0.281368
23,97,46.2785,37.2087,37.2087,40.3399,0.979039
23,98,86.0517,62.1896,62.1896,72.457,1.24777
23,101,108.789,60.5721,60.5721,94.2548,1.02548
23,103,63.3809,27.3025,27.3025,59.7461,0.404598
23,120,1.48021,0.0312319,0.0312319,1.23983,1.28943
23,144,0.00543435,2.19658e-6,2.19658e-6,0.00521714,0.276879
23,168,2.27204e-5,1.54488e-10,1.54488e-10,2.19536e-5,0.232299
23,192,8.38136e-8,1.08653e-14,1.08653e-14,9.23799e-8,-0.616682
23,193,120.374,93.0217,93.0217,100.85,1.28747
23,194,207.201,155.474,155.474,181.143,0.956683
23,197,227.514,151.43,151.43,235.637,-0.229267
23,199,170.075,68.2561,68.2561,149.365,0.922098
23,216,3.43839,0.0780798,0.0780798,3.09956,0.726971
23,240,0.0125964,5.49145e-6,5.49145e-6,0.0130429,-0.22764
23,264,6.0775e-5,3.8622e-10,3.8622e-10,5.48839e-5,0.713833
23,288,2.16031e-7,2.71633e-14,2.71633e-14,2.3095e-7,-0.429593
23,289,413.659,279.065,279.065,302.549,2.44233
23,290,564.775,466.422,466.422,543.428,0.261249
23,293,762.799,454.291,454.291,706.911,0.525779
23,295,505.213,204.768,204.768,448.096,0.847705
23,312,7.97952,0.234239,0.234239,9.29869,-0.943466
23,336,0.0444536,1.64743e-5,1.64743e-5,0.0391286,0.905053
23,360,0.000155767,1.15866e-9,1.15866e-9,0.000164652,-0.35888
23,384,7.11749e-7,8.149e-14,8.149e-14,6.92849e-7,0.181414
23,385,371.128,279.065,279.065,302.549,1.50745
23,386,659.394,466.422,466.422,543.428,1.41918
23,389,801.164,454.291,454.291,706.911,0.886704
23,391,464.654,204.768,204.768,448.096,0.24575
23,408,10.5566,0.234239,0.234239,9.29869,0.899624
23,432,0.0457022,1.64743e-5,1.64743e-5,0.0391286,1.11727
23,456,0.000164167,1.15866e-9,1.15866e-9,0.000164652,-0.0195913
23,480,5.91077e-7,8.149e-14,8.149e-14,6.92849e-7,-0.976871
23,481,329.782,279.065,279.065,302.549,0.598611
23,482,587.756,466.422,466.422,543.428,0.542483
23,485,756.943,454.291,454.291,706.911,0.470686
23,487,517.143,204.768,204.768,448.096,1.02476
23,504,9.36733,0.234239,0.234239,9.29869,0.0490908
23,528,0.0478235,1.64743e-5,1.64743e-5,0.0391286,1.47779
23,552,0.000159843,1.15866e-9,1.15866e-9,0.000164652,-0.19424
23,576,7.11932e-7,8.149e-14,8.149e-14,6.92849e-7,0.183168
23,577,399.425,279.065,279.065,302.549,2.12944
23,578,683.966,466.422,466.422,543.428,1.71988
23,581,954.358,454.291,454.291,706.911,2.32789
23,583,477.658,204.768,204.768,448.096,0.438743
23,600,8.90458,0.234239,0.234239,9.29869,-0.281865
23,624,0.0378595,1.64743e-5,1.64743e-5,0.0391286,-0.215691
23,648,0.000163878,1.15866e-9,1.15866e-9,0.000164652,-0.031259
24,0,0,0,0,0,0
24,1,18.7371,18.6043,18.6043,17.2564,0.570649
24,2,35.7198,31.0948,31.0948,27.0948,2.11698
24,5,22.0965,30.2861,30.2861,20.469,0.528769
24,7,7.36874,13.6512,13.6512,6.65353,0.714864
24,24,0.000530725,0.015616,0.015616,0.00047279,0.814922
24,48,6.0244e-10,1.09829e-6,1.09829e-6,6.57849e-10,-0.560145
24,72,8.42532e-16,7.7244e-11,7.7244e-11,9.15343e-16,-0.327911
24,96,1.13504e-21,5.43267e-15,5.43267e-15,1.27363e-21,-6.2413e-7
24,97,37.5361,37.2087,37.2087,34.5128,0.582583
24,98,57.7648,62.1896,62.1896,54.1897,0.438756
24,101,42.9688,60.5721,60.5721,40.9381,0.329884
24,103,14.1973,27.3025,27.3025,13.3071,0.444909
24,120,0.00102915,0.0312319,0.0312319,0.00094558,0.587723
24,144,1.66157e-9,2.19658e-6,2.19658e-6,1.3157e-9,1.74827
24,168,1.89622e-15,1.54488e-10,1.54488e-10,1.83069e-15,0.238065
24,192,2.41791e-21,1.08653e-14,1.08653e-14,2.54725e-21,-5.82504e-7
24,193,93.7217,93.0217,93.0217,86.2819,0.573436
24,194,137.305,155.474,155.474,135.474,0.0898744
24,197,117.629,151.43,151.43,102.345,0.993142
24,199,45.4847,68.2561,68.2561,33.2677,2.44225
24,216,0.00282742,0.0780798,0.0780798,0.00236395,1.30387
24,240,3.3907e-9,5.49145e-6,5.49145e-6,3.28924e-9,0.205134
24,264,4.39912e-15,3.8622e-10,3.8622e-10,4.57671e-15,-0.258064
24,288,7.7895e-21,2.71633e-14,2.71633e-14,6.36813e-21,6.40129e-6
24,289,317.362,279.065,279.065,258.846,1.50342
24,290,467.644,466.422,466.422,406.423,1.00178
24,293,298.821,454.291,454.291,307.036,-0.177938
24,295,108.411,204.768,204.768,99.803,0.573579
24,312,0.007419,0.234239,0.234239,0.00709185,0.306788
24,336,8.5571e-9,1.64743e-5,1.64743e-5,9.86773e-9,-0.883302
24,360,1.42565e-14,1.15866e-9,1.15866e-9,1.37301e-14,0.254949
25,0,0,0,0,0,0
25,1,17.4809,18.6043,18.6043,15.6411,0.782266
25,2,24.8549,31.0948,31.0948,22.7892,0.602815
25,5,13.7812,30.2861,30.2861,12.5902,0.629101
25,7,2.80911,13.6512,13.6512,2.6296,0.453971
25,24,4.45435e-6,0.015616,0.015616,4.3518e-6,0.156725
25,48,2.75596e-14,1.09829e-6,1.09829e-6,2.99877e-14,-0.538483
25,72,1.79812e-22,7.7244e-11,7.7244e-11,2.06642e-22,-1.20831e-7
25,96,9.44542e-31,5.43267e-15,5.43267e-15,1.42395e-30,-2.15906e-15
25,97,38.5066,37.2087,37.2087,31.2821,1.53587
25,98,54.0827,62.1896,62.1896,45.5785,1.24085
25,101,27.2659,60.5721,60.5721,25.1805,0.550776
25,103,5.04987,27.3025,27.3025,5.25921,-0.264708
25,120,8.79435e-6,0.0312319,0.0312319,8.70359e-6,0.0693442
25,144,5.76091e-14,2.19658e-6,2.19658e-6,5.99755e-14,-0.262392
25,168,3.43135e-22,1.54488e-10,1.54488e-10,4.13284e-22,-3.15925e-7
25,192,2.33101e-30,1.08653e-14,1.08653e-14,2.8479e-30,-2.32786e-15
25,193,91.6893,93.0217,93.0217,78.2053,1.14663
25,194,130.401,155.474,155.474,113.946,0.96039
25,197,74.7269,151.43,151.43,62.9512,1.24402
25,199,14.9425,68.2561,68.2561,13.148,0.907678
25,216,2.32715e-5,0.0780798,0.0780798,2.1759e-5,0.462286
25,240,1.44027e-13,5.49145e-6,5.49145e-6,1.49939e-13,-0.262225
25,264,7.90419e-22,3.8622e-10,3.8622e-10,1.03321e-21,-1.09344e-6
25,288,5.2806e-30,2.71633e-14,2.71633e-14,7.11974e-30,-8.28278e-15
25,289,278.331,279.065,279.065,234.616,1.23912
25,290,393.168,466.422,466.422,341.839,0.998592
25,293,231.375,454.291,454.291,188.854,1.49736
25,295,44.9684,204.768,204.768,39.4441,0.931415
25,312,7.22569e-5,0.234239,0.234239,6.5277e-5,0.711109
25,336,3.66029e-13,1.64743e-5,1.64743e-5,4.49816e-13,-1.23876
25,360,2.52638e-21,1.15866e-9,1.15866e-9,3.09963e-21,-2.58172e-6
26,0,0,0,0,0,0
26,1,21.2764,18.6043,18.6043,18.5922,0.960154
26,2,35.5583,31.0948,31.0948,31.057,0.963878
26,5,34.811,30.2861,30.2861,30.1807,1.02031
26,7,18.093,13.6512,13.6512,13.5657,2.21945
26,24,0.0140216,0.015616,0.015616,0.015153,-0.496537
26,48,9.9199e-7,1.09829e-6,1.09829e-6,1.0305e-6,-0.248513
26,72,6.05786e-11,7.7244e-11,7.7244e-11,7.00805e-11,-0.901694
26,96,5.11079e-15,5.43267e-15,5.43267e-15,4.76593e-15,0.481228
26,97,39.822,37.2087,37.2087,37.1843,0.471747
26,98,76.4699,62.1896,62.1896,62.114,1.53705
26,101,63.8902,60.5721,60.5721,60.3613,0.388798
26,103,25.4605,27.3025,27.3025,27.1313,-0.409543
26,120,0.0320656,0.0312319,0.0312319,0.0303059,0.386151
26,144,2.50628e-6,2.19658e-6,2.19658e-6,2.061e-6,1.43683
26,168,1.33129e-10,1.54488e-10,1.54488e-10,1.40161e-10,-0.33366
26,192,8.41943e-15,1.08653e-14,1.08653e-14,9.53185e-15,-0.776132
26,193,86.5794,93.0217,93.0217,92.9609,-0.456527
26,194,189.814,155.474,155.474,155.285,1.47877
26,197,156.302,151.43,151.43,150.903,0.237943
26,199,78.288,68.2561,68.2561,67.8283,1.02553
26,216,0.0753782,0.0780798,0.0780798,0.0757648,-0.0339355
26,240,5.41378e-6,5.49145e-6,5.49145e-6,5.15249e-6,0.337247
26,264,3.57065e-10,3.8622e-10,3.8622e-10,3.50403e-10,0.126449
26,288,2.46482e-14,2.71633e-14,2.71633e-14,2.38296e-14,0.228439
26,289,267.374,279.065,279.065,278.883,-0.274444
26,290,487.879,466.422,466.422,465.855,0.314401
26,293,493.176,454.291,454.291,452.71,0.594454
26,295,213.436,204.768,204.768,203.485,0.325219
26,312,0.245132,0.234239,0.234239,0.227294,0.521908
26,336,1.94838e-5,1.64743e-5,1.64743e-5,1.54575e-5,1.73225
26,360,1.04724e-9,1.15866e-9,1.15866e-9,1.05121e-9,-0.0251123
26,384,5.63059e-14,8.149e-14,8.149e-14,7.14889e-14,-1.41242
26,385,341.274,279.065,279.065,278.883,1.48782
26,386,658.375,466.422,466.422,465.855,2.74834
26,389,549.657,454.291,454.291,452.71,1.42417
26,391,239.242,204.768,204.768,203.485,1.16861
26,408,0.24189,0.234239,0.234239,0.227294,0.427057
26,432,1.75544e-5,1.64743e-5,1.64743e-5,1.54575e-5,0.902179
26,456,1.10343e-9,1.15866e-9,1.15866e-9,1.05121e-9,0.3304
26,480,5.21529e-14,8.149e-14,8.149e-14,7.14889e-14,-1.79876
26,481,271.858,279.065,279.065,278.883,-0.167503
26,482,519.371,466.422,466.422,465.855,0.763973
26,485,461.606,454.291,454.291,452.71,0.130684
26,487,205.697,204.768,204.768,203.485,0.0722852
26,504,0.258908,0.234239,0.234239,0.227294,0.92498
26,528,1.38239e-5,1.64743e-5,1.64743e-5,1.54575e-5,-0.702817
26,552,1.1465e-9,1.15866e-9,1.15866e-9,1.05121e-9,0.60285
26,576,8.64877e-14,8.149e-14,8.149e-14,7.14889e-14,1.39529
26,577,325.043,279.065,279.065,278.883,1.10076
26,578,489.629,466.422,466.422,465.855,0.339387
26,581,559.7,454.291,454.291,452.71,1.5717
26,583,258.461,204.768,204.768,203.485,1.79673
26,600,0.31605,0.234239,0.234239,0.227294,2.59689
26,624,1.73565e-5,1.64743e-5,1.64743e-5,1.54575e-5,0.817026
26,648,1.23461e-9,1.15866e-9,1.15866e-9,1.05121e-9,1.16031
27,0,0,0,0,0,0
27,1,20.4666,18.6043,18.6043,19.8113,0.219968
27,2,33.3051,31.0948,31.0948,35.0051,-0.322982
27,5,47.8261,30.2861,30.2861,42.6367,0.80942
27,7,26.5312,13.6512,13.6512,25.0779,0.385386
27,24,0.281043,0.015616,0.015616,0.275488,0.134114
27,48,0.00046386,1.09829e-6,1.09829e-6,0.000472268,-0.118399
27,72,8.19927e-7,7.7244e-11,7.7244e-11,8.09609e-7,0.0847577
28,0,0,0,0,0,0
28,1,3.13901,3.72087,3.72087,3.39814,-0.507131
28,2,4.6692,6.21896,6.21896,5.27017,-0.758361
28,5,4.15546,6.05721,6.05721,3.78445,0.651975
28,7,1.21734,2.73025,2.73025,1.14853,0.39844
28,24,3.89875e-5,0.00312319,0.00312319,4.55349e-5,-0.956244
28,48,2.82459e-11,2.19658e-7,2.19658e-7,2.77996e-11,0.106774
28,72,1.45226e-17,1.54488e-11,1.54488e-11,1.6972e-17,-0.0110314
29,0,0,0,0,0,0
29,1,4.20376,3.72087,3.72087,3.27117,1.89598
29,2,5.76461,6.21896,6.21896,4.92612,1.13198
29,5,3.29206,6.05721,6.05721,3.13012,0.344074
29,7,0.743276,2.73025,2.73025,0.801169,-0.480559
29,24,7.93632e-6,0.00312319,0.00312319,7.46645e-6,0.418509
29,48,6.34396e-13,2.19658e-7,2.19658e-7,5.90305e-13,0.496721
29,72,3.64024e-20,1.54488e-11,1.54488e-11,4.66701e-20,-4.62417e-5
29,96,2.30131e-27,1.08653e-15,1.08653e-15,3.68979e-27,-6.25317e-12
29,97,18.2694,18.6043,18.6043,16.3558,0.778063
29,98,26.3097,31.0948,31.0948,24.6306,0.453359
29,101,18.5631,30.2861,30.2861,15.6506,1.23759
29,103,4.52213,13.6512,13.6512,4.00585,0.857113
29,120,4.19092e-5,0.015616,0.015616,3.73323e-5,0.815345
29,144,2.94651e-12,1.09829e-6,1.09829e-6,2.95153e-12,-0.0113063
29,168,1.77585e-19,7.7244e-11,7.7244e-11,2.33351e-19,-0.000251145
29,192,1.26177e-26,5.43267e-15,5.43267e-15,1.84489e-26,-2.62617e-11
29,193,38.863,37.2087,37.2087,32.7117,1.25057
29,194,59.33,62.1896,62.1896,49.2612,1.35931
29,197,35.7184,60.5721,60.5721,31.3012,0.938504
29,199,9.37484,27.3025,27.3025,8.01169,1.13152
29,216,7.61861e-5,0.0312319,0.0312319,7.46645e-5,0.135531
29,240,5.01916e-12,2.19658e-6,2.19658e-6,5.90305e-12,-0.995787
29,264,3.16069e-19,1.54488e-10,1.54488e-10,4.66701e-19,-0.000678386
29,288,2.65913e-26,1.08653e-14,1.08653e-14,3.68979e-26,-4.64165e-11
29,289,170.872,167.439,167.439,147.203,1.06934
29,290,259.843,279.853,279.853,221.675,1.14505
29,293,142.023,272.575,272.575,140.855,0.0551218
29,295,33.8172,122.861,122.861,36.0526,-0.412346
29,312,0.000352891,0.140544,0.140544,0.00033599,0.334531
29,336,2.35473e-11,9.8846e-6,9.8846e-6,2.65637e-11,-0.75519
29,360,1.66301e-18,6.95196e-10,6.95196e-10,2.10016e-18,-0.00196873
30,0,0,0,0,0,0
30,1,3.71112,3.72087,3.72087,3.8669,-0.267904
30,2,7.2601,6.21896,6.21896,6.68449,0.572664
30,5,8.0671,6.05721,6.05721,7.45654,0.544548
30,7,5.34308,2.73025,2.73025,3.95884,2.32534
30,24,0.0190126,0.00312319,0.00312319,0.018211,0.292723
30,48,8.94666e-6,2.19658e-7,2.19658e-7,9.13497e-6,-0.137094
30,72,5.14955e-9,1.54488e-11,1.54488e-11,4.58228e-9,0.823301
30,96,1.93571e-12,1.08653e-15,1.08653e-15,2.29856e-12,-1.04982
30,97,19.3712,18.6043,18.6043,19.3345,0.0126428
30,98,43.427,31.0948,31.0948,33.4225,1.9907
30,101,43.186,30.2861,30.2861,37.2827,1.05301
30,103,27.1694,13.6512,13.6512,19.7942,2.47787
30,120,0.0939686,0.015616,0.015616,0.0910549,0.21281
30,144,5.18401e-5,1.09829e-6,1.09829e-6,4.56749e-5,0.897674
30,168,2.57695e-8,7.7244e-11,7.7244e-11,2.29114e-8,0.829621
30,192,1.11082e-11,5.43267e-15,5.43267e-15,1.14928e-11,-0.222567
30,193,45.6195,37.2087,37.2087,38.669,1.19536
30,194,90.2954,62.1896,62.1896,66.8449,2.33308
30,197,91.9124,60.5721,60.5721,74.5654,1.54716
30,199,42.7756,27.3025,27.3025,39.5884,0.535399
30,216,0.207152,0.0312319,0.0312319,0.18211,0.914487
30,240,9.37341e-5,2.19658e-6,2.19658e-6,9.13497e-5,0.173582
30,264,5.54702e-8,1.54488e-10,1.54488e-10,4.58228e-8,1.40016
30,288,2.07555e-11,1.08653e-14,1.08653e-14,2.29856e-11,-0.645208
30,289,183.462,167.439,167.439,174.01,0.361206
30,290,310.708,279.853,279.853,300.802,0.219008
30,293,410.102,272.575,272.575,335.544,1.47771
30,295,221.214,122.861,122.861,178.148,1.60766
30,312,0.965863,0.140544,0.140544,0.819494,1.18781
30,336,0.000456354,9.8846e-6,9.8846e-6,0.000411074,0.732544
30,360,1.8127e-7,6.95196e-10,6.95196e-10,2.06202e-7,-0.804099
30,384,8.22035e-11,4.8894e-14,4.8894e-14,1.03435e-10,-1.36509
30,385,198.49,167.439,167.439,174.01,0.935551
30,386,298.694,279.853,279.853,300.802,-0.0466037
30,389,324.219,272.575,272.575,335.544,-0.22446
30,391,221.146,122.861,122.861,178.148,1.60513
30,408,0.825502,0.140544,0.140544,0.819494,0.0487593
30,432,0.000409108,9.8846e-6,9.8846e-6,0.000411074,-0.0318015
30,456,1.83791e-7,6.95196e-10,6.95196e-10,2.06202e-7,-0.722811
30,480,9.71128e-11,4.8894e-14,4.8894e-14,1.03435e-10,-0.406491
30,481,237.269,167.439,167.439,174.01,2.41763
30,482,329.289,279.853,279.853,300.802,0.629809
30,485,461.489,272.575,272.575,335.544,2.49618
30,487,192.812,122.861,122.861,178.148,0.5474
30,504,0.959279,0.140544,0.140544,0.819494,1.13438
30,528,0.000500308,9.8846e-6,9.8846e-6,0.000411074,1.44364
30,552,1.78174e-7,6.95196e-10,6.95196e-10,2.06202e-7,-0.903969
30,576,9.98951e-11,4.8894e-14,4.8894e-14,1.03435e-10,-0.227603
30,577,210.204,167.439,167.439,174.01,1.38327
30,578,364.09,279.853,279.853,300.802,1.3992
30,581,357.503,272.575,272.575,335.544,0.435218
30,583,211.7,122.861,122.861,178.148,1.25251
30,600,0.857025,0.140544,0.140544,0.819494,0.304571
30,624,0.000357466,9.8846e-6,9.8846e-6,0.000411074,-0.867269
30,648,2.5885e-7,6.95196e-10,6.95196e-10,2.06202e-7,1.69796