id	admin	tox	CRS	oDLT	dose	id_seq
1	1	0	0	0	70	1
1	2	0	0	0	350	1
1	3	0	0	0	700	1
1	4	0	0	0	1400	1
1	5	1	0	1	1400	1
2	1	0	0	0	70	1
2	2	0	0	0	350	1
2	3	0	0	0	700	1
2	4	0	0	0	1400	1
2	5	0	0	0	1400	1
2	6	0	0	0	1400	1
2	7	0	0	0	1400	1
3	1	0	0	0	70	1
3	2	0	0	0	350	1
3	3	0	0	0	700	1
3	4	0	0	0	1400	1
3	5	0	0	0	1400	1
3	6	0	0	0	1400	1
3	7	0	0	0	1400	1
4	1	0	0	0	70	1
4	2	0	0	0	350	1
4	3	0	0	0	700	1
4	4	0	0	0	1400	1
4	5	0	0	0	1400	1
4	6	0	0	0	1400	1
4	7	0	0	0	1400	1
5	1	0	0	0	70	1
5	2	0	0	0	350	1
5	3	0	0	0	700	1
5	4	0	0	0	1400	1
5	5	0	0	0	1400	1
5	6	0	0	0	1400	1
5	7	0	0	0	1400	1
6	1	0	0	0	70	1
6	2	0	0	0	350	1
6	3	0	0	0	700	1
6	4	0	0	0	1400	1
6	5	0	0	0	1400	1
6	6	0	0	0	1400	1
6	7	0	0	0	1400	1
7	1	0	0	0	70	2
7	2	0	0	0	350	2
7	3	0	0	0	700	2
7	4	1	0	1	1750	2
8	1	0	0	0	70	2
8	2	0	0	0	350	2
8	3	0	0	0	700	2
8	4	0	0	0	1750	2
8	5	0	0	0	1750	2
8	6	0	0	0	1750	2
8	7	0	0	0	1750	2
9	1	0	0	0	70	2
9	2	0	0	0	350	2
9	3	0	0	0	700	2
9	4	0	0	0	1750	2
9	5	0	0	0	1750	2
9	6	0	0	0	1750	2
9	7	0	0	0	1750	2
10	1	0	0	0	70	2
10	2	0	0	0	350	2
10	3	0	0	0	700	2
10	4	0	0	0	1750	2
10	5	0	0	0	1750	2
10	6	0	0	0	1750	2
10	7	0	0	0	1750	2
11	1	0	0	0	70	2
11	2	0	0	0	350	2
11	3	0	0	0	700	2
11	4	0	0	0	1750	2
11	5	0	0	0	1750	2
11	6	0	0	0	1750	2
11	7	0	0	0	1750	2
12	1	0	0	0	70	2
12	2	0	0	0	350	2
12	3	0	0	0	700	2
12	4	0	0	0	1750	2
12	5	0	0	0	1750	2
12	6	0	0	0	1750	2
12	7	0	0	0	1750	2
13	1	0	0	0	70	3
13	2	0	0	0	350	3
13	3	0	0	0	700	3
13	4	0	0	0	2100	3
13	5	0	0	0	2100	3
13	6	0	0	0	2100	3
13	7	0	0	0	2100	3
14	1	0	0	0	70	3
14	2	0	0	0	350	3
14	3	0	0	0	700	3
14	4	1	1	0	2100	3
15	1	0	0	0	70	3
15	2	0	0	0	350	3
15	3	0	0	0	700	3
15	4	0	0	0	2100	3
15	5	0	0	0	2100	3
15	6	0	0	0	2100	3
15	7	0	0	0	2100	3
16	1	0	0	0	70	3
16	2	0	0	0	350	3
16	3	0	0	0	700	3
16	4	0	0	0	2100	3
16	5	0	0	0	2100	3
16	6	0	0	0	2100	3
16	7	0	0	0	2100	3
17	1	0	0	0	70	3
17	2	0	0	0	350	3
17	3	0	0	0	700	3
17	4	0	0	0	2100	3
17	5	0	0	0	2100	3
17	6	0	0	0	2100	3
17	7	0	0	0	2100	3
18	1	0	0	0	70	3
18	2	0	0	0	350	3
18	3	0	0	0	700	3
18	4	0	0	0	2100	3
18	5	0	0	0	2100	3
18	6	0	0	0	2100	3
18	7	0	0	0	2100	3
19	1	0	0	0	70	4
19	2	0	0	0	350	4
19	3	0	0	0	700	4
19	4	0	0	0	3150	4
19	5	1	0	1	3150	4
20	1	0	0	0	70	4
20	2	0	0	0	350	4
20	3	0	0	0	700	4
20	4	0	0	0	3150	4
20	5	0	0	0	3150	4
20	6	0	0	0	3150	4
20	7	0	0	0	3150	4
21	1	0	0	0	70	4
21	2	0	0	0	350	4
21	3	0	0	0	700	4
21	4	0	0	0	3150	4
21	5	0	0	0	3150	4
21	6	0	0	0	3150	4
21	7	0	0	0	3150	4
22	1	0	0	0	70	4
22	2	0	0	0	350	4
22	3	0	0	0	700	4
22	4	0	0	0	3150	4
22	5	0	0	0	3150	4
22	6	0	0	0	3150	4
22	7	0	0	0	3150	4
23	1	0	0	0	70	4
23	2	0	0	0	350	4
23	3	0	0	0	700	4
23	4	0	0	0	3150	4
23	5	0	0	0	3150	4
23	6	0	0	0	3150	4
23	7	0	0	0	3150	4
24	1	0	0	0	70	4
24	2	0	0	0	350	4
24	3	0	0	0	700	4
24	4	1	1	0	3150	4
25	1	0	0	0	70	4
25	2	0	0	0	350	4
25	3	0	0	0	700	4
25	4	0	0	0	3150	4
25	5	0	0	0	3150	4
25	6	1	0	1	3150	4
26	1	0	0	0	70	4
26	2	0	0	0	350	4
26	3	0	0	0	700	4
26	4	0	0	0	3150	4
26	5	1	0	1	3150	4
27	1	0	0	0	70	4
27	2	0	0	0	350	4
27	3	0	0	0	700	4
27	4	1	1	0	3150	4
28	1	0	0	0	70	3
28	2	0	0	0	350	3
28	3	0	0	0	700	3
28	4	0	0	0	2100	3
28	5	0	0	0	2100	3
28	6	0	0	0	2100	3
28	7	0	0	0	2100	3
29	1	0	0	0	70	3
29	2	0	0	0	350	3
29	3	0	0	0	700	3
29	4	0	0	0	2100	3
29	5	0	0	0	2100	3
29	6	0	0	0	2100	3
29	7	0	0	0	2100	3
30	1	0	0	0	70	3
30	2	0	0	0	350	3
30	3	0	0	0	700	3
30	4	0	0	0	2100	3
30	5	0	0	0	2100	3
30	6	0	0	0	2100	3
30	7	0	0	0	2100	3
