id,time,y1,popPred_medianCOV,popPred,indivPred_SAEM,indWRes_SAEM
1,0,0,0,0,0,0
1,1,4.59527,3.71048,3.71048,3.64009,1.56953
1,2,7.21743,6.27051,6.27051,6.05072,1.15333
1,5,6.04141,6.38575,6.38575,5.76445,0.287382
1,7,2.78232,3.03978,3.03978,2.52811,0.601433
1,24,0.00293861,0.00552967,0.00552967,0.00229154,1.68894
1,48,1.28972e-7,7.48622e-7,7.48622e-7,1.16037e-7,0.666746
1,72,5.47529e-12,1.0135e-10,1.0135e-10,5.87575e-12,-0.407657
1,96,3.09834e-16,1.37211e-14,1.37211e-14,2.9753e-16,0.0554103
1,97,19.7365,18.5524,18.5524,18.2004,0.504802
1,98,31.7397,31.3526,31.3526,30.2536,0.293802
1,101,29.037,31.9288,31.9288,28.8222,0.0445744
1,103,12.3267,15.1989,15.1989,12.6406,-0.148522
1,120,0.0121312,0.0276484,0.0276484,0.0114577,0.351575
1,144,5.70095e-7,3.74311e-6,3.74311e-6,5.80184e-7,-0.104003
1,168,2.79184e-11,5.06752e-10,5.06752e-10,2.93787e-11,-0.297311
1,192,1.5399e-15,6.86055e-14,6.86055e-14,1.48765e-15,0.210073
1,193,54.0212,37.1048,37.1048,36.4009,2.89534
1,194,72.6478,62.7051,62.7051,60.5072,1.20013
1,197,55.6549,63.8575,63.8575,57.6445,-0.206441
1,199,25.7558,30.3978,30.3978,25.2811,0.112301
1,216,0.0240459,0.0552967,0.0552967,0.0229154,0.295067
1,240,1.20941e-6,7.48622e-6,7.48622e-6,1.16037e-6,0.252791
1,264,6.05657e-11,1.0135e-9,1.0135e-9,5.87575e-11,0.18407
1,288,2.85807e-15,1.37211e-13,1.37211e-13,2.9753e-15,-0.235678
1,289,96.1262,74.2096,74.2096,72.8017,1.91631
1,290,155.741,125.41,125.41,121.014,1.71642
1,293,138.977,127.715,127.715,115.289,1.22899
1,295,63.1817,60.7956,60.7956,50.5623,1.49282
1,312,0.0475744,0.110593,0.110593,0.0458308,0.227548
1,336,2.29367e-6,1.49724e-5,1.49724e-5,2.32073e-6,-0.0697615
1,360,1.08344e-10,2.02701e-9,2.02701e-9,1.17515e-10,-0.46677
1,384,5.87102e-15,2.74422e-13,2.74422e-13,5.9506e-15,-0.0799951
1,385,86.089,74.2096,74.2096,72.8017,1.09167
1,386,129.074,125.41,125.41,121.014,0.398344
1,389,131.825,127.715,127.715,115.289,0.857916
1,391,56.1383,60.7956,60.7956,50.5623,0.659626
1,408,0.0450268,0.110593,0.110593,0.0458308,-0.104939
1,432,2.37478e-6,1.49724e-5,1.49724e-5,2.32073e-6,0.139304
1,456,1.23848e-10,2.02701e-9,2.02701e-9,1.17515e-10,0.322364
1,480,5.77235e-15,2.74422e-13,2.74422e-13,5.9506e-15,-0.179175
1,481,91.6549,74.2096,74.2096,72.8017,1.54896
1,482,156.116,125.41,125.41,121.014,1.73495
1,485,127.772,127.715,127.715,115.289,0.647622
1,487,58.7866,60.7956,60.7956,50.5623,0.972908
1,504,0.0569643,0.110593,0.110593,0.0458308,1.45301
1,528,2.80015e-6,1.49724e-5,1.49724e-5,2.32073e-6,1.23563
1,552,1.11101e-10,2.02701e-9,2.02701e-9,1.17515e-10,-0.326435
1,576,5.29699e-15,2.74422e-13,2.74422e-13,5.9506e-15,-0.656987
1,577,68.5492,74.2096,74.2096,72.8017,-0.349382
1,578,123.652,125.41,125.41,121.014,0.130356
1,581,158.316,127.715,127.715,115.289,2.23227
1,583,60.2592,60.7956,60.7956,50.5623,1.14711
1,600,0.0557379,0.110593,0.110593,0.0458308,1.29296
1,624,2.64841e-6,1.49724e-5,1.49724e-5,2.32073e-6,0.844536
1,648,1.17309e-10,2.02701e-9,2.02701e-9,1.17515e-10,-0.0104891
2,0,0,0,0,0,0
2,1,5.17506,3.71048,3.71048,3.94122,1.8725
2,2,10.1119,6.27051,6.27051,7.0292,2.6231
2,5,10.9324,6.38575,6.38575,8.88837,1.3755
2,7,5.02574,3.03978,3.03978,5.45643,-0.472125
2,24,0.0959997,0.00552967,0.00552967,0.0862276,0.677858
2,48,0.000240424,7.48622e-7,7.48622e-7,0.000246994,-0.159103
2,72,7.44452e-7,1.0135e-10,1.0135e-10,7.07502e-7,0.312376
2,96,2.05979e-9,1.37211e-14,1.37211e-14,2.0266e-9,0.0979432
2,97,20.4606,18.5524,18.5524,19.7061,0.22899
2,98,38.9408,31.3526,31.3526,35.146,0.645808
2,101,52.0159,31.9288,31.9288,44.4418,1.01937
2,103,29.5233,15.1989,15.1989,27.2822,0.491344
2,120,0.487004,0.0276484,0.0276484,0.431138,0.77505
2,144,0.00132651,3.74311e-6,3.74311e-6,0.00123497,0.443364
2,168,3.39386e-6,5.06752e-10,5.06752e-10,3.53751e-6,-0.24289
2,192,9.83034e-9,6.86055e-14,6.86055e-14,1.0133e-8,-0.178662
2,193,48.9294,37.1048,37.1048,39.4122,1.44435
2,194,75.7221,62.7051,62.7051,70.292,0.462052
2,197,109.166,63.8575,63.8575,88.8837,1.36485
2,199,73.3766,30.3978,30.3978,54.5643,2.06219
2,216,0.982945,0.0552967,0.0552967,0.862276,0.837041
2,240,0.0027356,7.48622e-6,7.48622e-6,0.00246994,0.643323
2,264,6.03444e-6,1.0135e-9,1.0135e-9,7.07502e-6,-0.879721
2,288,1.71802e-8,1.37211e-13,1.37211e-13,2.0266e-8,-0.910751
2,289,105.486,74.2096,74.2096,78.8245,2.02311
2,290,165.894,125.41,125.41,140.584,1.07684
2,293,196.847,127.715,127.715,177.767,0.64197
2,295,136.668,60.7956,60.7956,109.129,1.50942
2,312,1.83236,0.110593,0.110593,1.72455,0.3739
2,336,0.00555807,1.49724e-5,1.49724e-5,0.00493989,0.748508
2,360,1.23875e-5,2.02701e-9,2.02701e-9,1.415e-5,-0.745019
2,384,3.92139e-8,2.74422e-13,2.74422e-13,4.05321e-8,-0.194516
2,385,87.998,74.2096,74.2096,78.8245,0.696099
2,386,178.643,125.41,125.41,140.584,1.61925
2,389,199.313,127.715,127.715,177.767,0.724931
2,391,131.166,60.7956,60.7956,109.129,1.20786
2,408,2.05085,0.110593,0.110593,1.72455,1.13172
2,432,0.00565905,1.49724e-5,1.49724e-5,0.00493989,0.870772
2,456,1.25702e-5,2.02701e-9,2.02701e-9,1.415e-5,-0.667831
2,480,4.2027e-8,2.74422e-13,2.74422e-13,4.05321e-8,0.220611
2,481,79.8043,74.2096,74.2096,78.8245,0.0743503
2,482,156.396,125.41,125.41,140.584,0.672746
2,485,209.067,127.715,127.715,177.767,1.05314
2,487,123.597,60.7956,60.7956,109.129,0.79299
2,504,2.32112,0.110593,0.110593,1.72455,2.06909
2,528,0.0052155,1.49724e-5,1.49724e-5,0.00493989,0.333716
2,552,1.70174e-5,2.02701e-9,2.02701e-9,1.415e-5,1.21204
2,576,4.21061e-8,2.74422e-13,2.74422e-13,4.05321e-8,0.232281
2,577,89.4401,74.2096,74.2096,78.8245,0.80553
2,578,145.688,125.41,125.41,140.584,0.21714
2,581,202.048,127.715,127.715,177.767,0.816966
2,583,117.873,60.7956,60.7956,109.129,0.479301
2,600,1.73269,0.110593,0.110593,1.72455,0.0282229
2,624,0.00475827,1.49724e-5,1.49724e-5,0.00493989,-0.2199
2,648,1.59056e-5,2.02701e-9,2.02701e-9,1.415e-5,0.742102
3,0,0,0,0,0,0
3,1,4.56029,3.71048,3.71048,3.52937,1.74712
3,2,7.00404,6.27051,6.27051,5.71585,1.34802
3,5,4.76392,6.38575,6.38575,4.90003,-0.166141
3,7,2.09925,3.03978,3.03978,1.88058,0.69548
3,24,0.000610282,0.00552967,0.00552967,0.000548398,0.674964
3,48,5.49338e-9,7.48622e-7,7.48622e-7,5.60053e-9,-0.114437
3,72,5.62211e-14,1.0135e-10,1.0135e-10,5.71956e-14,-0.101903
3,96,5.48804e-19,1.37211e-14,1.37211e-14,5.84112e-19,-0.000159013
3,97,24.5404,18.5524,18.5524,17.6469,2.33654
3,98,30.579,31.3526,31.3526,28.5792,0.418524
3,101,27.7025,31.9288,31.9288,24.5001,0.781813
3,103,10.2614,15.1989,15.1989,9.40292,0.546065
3,120,0.00315816,0.0276484,0.0276484,0.00274199,0.907826
3,144,3.01315e-8,3.74311e-6,3.74311e-6,2.80026e-8,0.454728
3,168,2.99095e-13,5.06752e-10,5.06752e-10,2.85978e-13,0.274347
3,192,2.6413e-18,6.86055e-14,6.86055e-14,2.92056e-18,-0.00125769
3,193,41.824,37.1048,37.1048,35.2937,1.1067
3,194,65.5671,62.7051,62.7051,57.1585,0.87991
3,197,50.7458,63.8575,63.8575,49.0003,0.21307
3,199,21.4952,30.3978,30.3978,18.8058,0.855353
3,216,0.00644582,0.0552967,0.0552967,0.00548398,1.04908
3,240,6.80077e-8,7.48622e-6,7.48622e-6,5.60053e-8,1.28185
3,264,4.60319e-13,1.0135e-9,1.0135e-9,5.71956e-13,-1.16746
3,288,4.48e-18,1.37211e-13,1.37211e-13,5.84112e-18,-0.00612991
3,289,80.0119,74.2096,74.2096,70.5875,0.798593
3,290,135.167,125.41,125.41,114.317,1.0909
3,293,132.98,127.715,127.715,98.0005,2.13491
3,295,44.8673,60.7956,60.7956,37.6117,1.15384
3,312,0.0110586,0.110593,0.110593,0.010968,0.0494365
3,336,1.23884e-7,1.49724e-5,1.49724e-5,1.12011e-7,0.634048
3,360,1.11317e-12,2.02701e-9,2.02701e-9,1.14391e-12,-0.160724
3,384,1.00729e-17,2.74422e-13,2.74422e-13,1.16822e-17,-0.00724775
3,385,85.4315,74.2096,74.2096,70.5875,1.25783
3,386,147.943,125.41,125.41,114.317,1.75937
3,389,139.486,127.715,127.715,98.0005,2.53198
3,391,43.0176,60.7956,60.7956,37.6117,0.85969
3,408,0.0107919,0.110593,0.110593,0.010968,-0.0960334
3,432,1.16702e-7,1.49724e-5,1.49724e-5,1.12011e-7,0.250494
3,456,1.15284e-12,2.02701e-9,2.02701e-9,1.14391e-12,0.0466951
3,480,1.12442e-17,2.74422e-13,2.74422e-13,1.16822e-17,-0.00197294
3,481,86.2338,74.2096,74.2096,70.5875,1.32581
3,482,149.415,125.41,125.41,114.317,1.83638
3,485,91.7892,127.715,127.715,98.0005,-0.3791
3,487,35.4497,60.7956,60.7956,37.6117,-0.343814
3,504,0.00968681,0.110593,0.110593,0.010968,-0.698664
3,528,1.0999e-7,1.49724e-5,1.49724e-5,1.12011e-7,-0.1079
3,552,1.05555e-12,2.02701e-9,2.02701e-9,1.14391e-12,-0.462036
3,576,9.2161e-18,2.74422e-13,2.74422e-13,1.16822e-17,-0.0111065
3,577,73.4667,74.2096,74.2096,70.5875,0.243979
3,578,110.69,125.41,125.41,114.317,-0.189751
3,581,135.824,127.715,127.715,98.0005,2.30849
3,583,54.9927,60.7956,60.7956,37.6117,2.76406
3,600,0.0104008,0.110593,0.110593,0.010968,-0.309295
3,624,1.23057e-7,1.49724e-5,1.49724e-5,1.12011e-7,0.589883
3,648,1.0353e-12,2.02701e-9,2.02701e-9,1.14391e-12,-0.56789
4,0,0,0,0,0,0
4,1,3.93088,3.71048,3.71048,4.05478,-0.182768
4,2,8.65318,6.27051,6.27051,7.42452,0.989826
4,5,11.7768,6.38575,6.38575,10.4316,0.771301
4,7,8.74897,3.03978,3.03978,7.20462,1.28213
4,24,0.381558,0.00552967,0.00552967,0.309965,1.3815
4,48,0.00373001,7.48622e-7,7.48622e-7,0.00365108,0.129294
4,72,4.60272e-5,1.0135e-10,1.0135e-10,4.30062e-5,0.420169
4,96,5.15268e-7,1.37211e-14,1.37211e-14,5.0657e-7,0.102707
4,97,23.5554,18.5524,18.5524,20.2739,0.968114
4,98,35.0045,31.3526,31.3526,37.1226,-0.341268
4,101,63.1964,31.9288,31.9288,52.1581,1.26583
4,103,42.8413,15.1989,15.1989,36.0231,1.13209
4,120,1.89988,0.0276484,0.0276484,1.54983,1.35098
4,144,0.0197263,3.74311e-6,3.74311e-6,0.0182554,0.481923
4,168,0.0001911,5.06752e-10,5.06752e-10,0.000215031,-0.665663
4,192,2.77649e-6,6.86055e-14,6.86055e-14,2.53285e-6,0.57535
4,193,44.6416,37.1048,37.1048,40.5478,0.603881
4,194,87.7992,62.7051,62.7051,74.2452,1.09193
4,197,129.123,63.8575,63.8575,104.316,1.42239
4,199,81.8721,30.3978,30.3978,72.0462,0.815749
4,216,3.70339,0.0552967,0.0552967,3.09965,1.165
4,240,0.0328303,7.48622e-6,7.48622e-6,0.0365108,-0.602953
4,264,0.000452232,1.0135e-9,1.0135e-9,0.000430062,0.308351
4,288,4.91051e-6,1.37211e-13,1.37211e-13,5.0657e-6,-0.183235
4,289,122.24,92.762,92.762,101.369,1.23148
4,290,162.479,156.763,156.763,185.613,-0.745485
4,293,267.074,159.644,159.644,260.791,0.144111
4,295,209.816,75.9945,75.9945,180.116,0.986282
4,312,9.66106,0.138242,0.138242,7.74913,1.47575
4,336,0.0961146,1.87156e-5,1.87156e-5,0.0912771,0.316999
4,360,0.000966623,2.53376e-9,2.53376e-9,0.00107515,-0.603779
4,384,1.33922e-5,3.43028e-13,3.43028e-13,1.26642e-5,0.343789
4,385,133.234,92.762,92.762,101.369,1.88018
4,386,234.339,156.763,156.763,185.613,1.57018
4,389,339.864,159.644,159.644,260.791,1.81357
4,391,198.316,75.9945,75.9945,180.116,0.604405
4,408,6.75905,0.138242,0.138242,7.74913,-0.764216
4,432,0.10538,1.87156e-5,1.87156e-5,0.0912771,0.924143
4,456,0.00102684,2.53376e-9,2.53376e-9,0.00107515,-0.268776
4,480,1.27663e-5,3.43028e-13,3.43028e-13,1.26642e-5,0.0481981
4,481,109.191,92.762,92.762,101.369,0.461489
4,482,219.388,156.763,156.763,185.613,1.08838
4,485,315.057,159.644,159.644,260.791,1.24461
4,487,226.608,75.9945,75.9945,180.116,1.54393
4,504,7.87245,0.138242,0.138242,7.74913,0.0951868
4,528,0.0953244,1.87156e-5,1.87156e-5,0.0912771,0.265213
4,552,0.00101417,2.53376e-9,2.53376e-9,0.00107515,-0.33927
4,576,1.26291e-5,3.43028e-13,3.43028e-13,1.26642e-5,-0.0165986
4,577,118.974,92.762,92.762,101.369,1.03874
4,578,229.064,156.763,156.763,185.613,1.40018
4,581,317.023,159.644,159.644,260.791,1.2897
4,583,211.395,75.9945,75.9945,180.116,1.03873
4,600,8.3327,0.138242,0.138242,7.74913,0.450437
4,624,0.0915894,1.87156e-5,1.87156e-5,0.0912771,0.0204667
4,648,0.00109153,2.53376e-9,2.53376e-9,0.00107515,0.0911153
5,0,0,0,0,0,0
5,1,3.97444,3.71048,3.71048,3.28797,1.2488
5,2,5.49061,6.27051,6.27051,5.03047,0.547108
5,5,3.53614,6.38575,6.38575,3.41475,0.212622
5,7,1.19769,3.03978,3.03978,0.959077,1.48813
5,24,2.17234e-5,0.00552967,0.00552967,1.96814e-5,0.620583
5,48,4.98528e-12,7.48622e-7,7.48622e-7,4.74231e-12,0.306458
5,72,1.1743e-18,1.0135e-10,1.0135e-10,1.14268e-18,0.000142403
5,96,2.504e-25,1.37211e-14,1.37211e-14,2.75332e-25,-1.12284e-10
5,97,18.3299,18.5524,18.5524,16.4398,0.687655
5,98,25.4016,31.3526,31.3526,25.1524,0.0592551
5,101,18.3345,31.9288,31.9288,17.0737,0.441681
5,103,4.45303,15.1989,15.1989,4.79538,-0.427021
5,120,0.000110835,0.0276484,0.0276484,9.8407e-5,0.7554
5,144,2.13832e-11,3.74311e-6,3.74311e-6,2.37115e-11,-0.587318
5,168,4.07613e-18,5.06752e-10,5.06752e-10,5.71338e-18,-0.00737353
5,192,1.27224e-24,6.86055e-14,6.86055e-14,1.37666e-24,-4.70248e-10
5,193,38.2091,37.1048,37.1048,32.8797,0.969496
5,194,47.9967,62.7051,62.7051,50.3047,-0.274432
5,197,34.2673,63.8575,63.8575,34.1475,0.0209872
5,199,11.1959,30.3978,30.3978,9.59077,1.00108
5,216,0.000213953,0.0552967,0.0552967,0.000196814,0.520861
5,240,4.55813e-11,7.48622e-6,7.48622e-6,4.74231e-11,-0.232297
5,264,1.08369e-17,1.0135e-9,1.0135e-9,1.14268e-17,-0.00265633
5,288,2.04911e-24,1.37211e-13,1.37211e-13,2.75332e-24,-3.17146e-9
5,289,86.518,92.762,92.762,82.1992,0.314267
5,290,155.794,156.763,156.763,125.762,1.42833
5,293,121.477,159.644,159.644,85.3687,2.52992
5,295,27.7121,75.9945,75.9945,23.9769,0.931791
5,312,0.000588606,0.138242,0.138242,0.000492035,1.17395
5,336,1.0847e-10,1.87156e-5,1.87156e-5,1.18558e-10,-0.508944
5,360,2.89248e-17,2.53376e-9,2.53376e-9,2.85669e-17,0.0016121
6,0,0,0,0,0,0
6,1,3.9852,3.71048,3.71048,3.67419,0.506295
6,2,6.56551,6.27051,6.27051,6.15653,0.397342
6,5,7.45717,6.38575,6.38575,6.05805,1.38139
6,7,2.99458,3.03978,3.03978,2.76524,0.496071
6,24,0.00374092,0.00552967,0.00552967,0.00352068,0.374166
6,48,3.34809e-7,7.48622e-7,7.48622e-7,2.88017e-7,0.971738
6,72,2.06005e-11,1.0135e-10,1.0135e-10,2.35619e-11,-0.751763
6,96,1.84488e-15,1.37211e-14,1.37211e-14,1.92753e-15,-0.256493
6,97,21.5073,18.5524,18.5524,18.371,1.02113
6,98,37.0227,31.3526,31.3526,30.7827,1.21249
6,101,37.6452,31.9288,31.9288,30.2903,1.45235
6,103,16.5716,15.1989,15.1989,13.8262,1.18768
6,120,0.0189348,0.0276484,0.0276484,0.0176034,0.452372
6,144,1.31812e-6,3.74311e-6,3.74311e-6,1.44009e-6,-0.506595
6,168,1.26217e-10,5.06752e-10,5.06752e-10,1.17809e-10,0.426857
6,192,9.50394e-15,6.86055e-14,6.86055e-14,9.63767e-15,-0.0829976
6,193,34.6165,37.1048,37.1048,36.7419,-0.346002
6,194,62.8162,62.7051,62.7051,61.5653,0.121527
6,197,66.3467,63.8575,63.8575,60.5805,0.569307
6,199,29.1329,30.3978,30.3978,27.6524,0.320245
6,216,0.0425162,0.0552967,0.0552967,0.0352068,1.24179
6,240,3.13074e-6,7.48622e-6,7.48622e-6,2.88017e-6,0.52036
6,264,2.14951e-10,1.0135e-9,1.0135e-9,2.35619e-10,-0.52467
6,288,1.8768e-14,1.37211e-13,1.37211e-13,1.92753e-14,-0.157436
6,289,101.054,92.762,92.762,91.8548,0.59903
6,290,154.937,156.763,156.763,153.913,0.0397654
6,293,180.728,159.644,159.644,151.451,1.15621
6,295,80.2386,75.9945,75.9945,69.1309,0.961048
6,312,0.0880704,0.138242,0.138242,0.088017,0.0036247
6,336,7.18224e-6,1.87156e-5,1.87156e-5,7.20043e-6,-0.0151074
6,360,5.7519e-10,2.53376e-9,2.53376e-9,5.89047e-10,-0.140706
7,0,0,0,0,0,0
7,1,4.53334,3.71048,3.71048,3.64974,1.44807
7,2,6.43217,6.27051,6.27051,6.08056,0.345871
7,5,6.99311,6.38575,6.38575,5.84622,1.17339
7,7,2.8005,3.03978,3.03978,2.5933,0.477884
7,24,0.00248975,0.00552967,0.00552967,0.00258921,-0.229762
7,48,1.53279e-7,7.48622e-7,7.48622e-7,1.50282e-7,0.119306
7,72,1.11048e-11,1.0135e-10,1.0135e-10,8.72257e-12,1.63356
7,96,4.73247e-16,1.37211e-14,1.37211e-14,5.0627e-16,-0.148721
7,97,21.162,18.5524,18.5524,18.2487,0.954886
7,98,38.0349,31.3526,31.3526,30.4028,1.50152
7,101,34.547,31.9288,31.9288,29.2311,1.08775
7,103,16.9158,15.1989,15.1989,12.9665,1.82176
7,120,0.017219,0.0276484,0.0276484,0.0129461,1.97417
7,144,7.61907e-7,3.74311e-6,3.74311e-6,7.51409e-7,0.0835659
7,168,4.71233e-11,5.06752e-10,5.06752e-10,4.36128e-11,0.481442
7,192,2.70371e-15,6.86055e-14,6.86055e-14,2.53135e-15,0.407271
7,193,41.4284,37.1048,37.1048,36.4974,0.808096
7,194,72.4356,62.7051,62.7051,60.8056,1.14402
7,197,68.8434,63.8575,63.8575,58.4622,1.0621
7,199,29.5079,30.3978,30.3978,25.933,0.82453
7,216,0.0345099,0.0552967,0.0552967,0.0258921,1.99077
7,240,1.72906e-6,7.48622e-6,7.48622e-6,1.50282e-6,0.900456
7,264,1.07386e-10,1.0135e-9,1.0135e-9,8.72257e-11,1.38243
7,288,6.33992e-15,1.37211e-13,1.37211e-13,5.0627e-15,1.50896
7,289,76.0634,74.2096,74.2096,72.9949,0.25144
7,290,133.225,125.41,125.41,121.611,0.571226
7,293,142.591,127.715,127.715,116.924,1.31296
7,295,61.7007,60.7956,60.7956,51.8661,1.13415
7,312,0.0492069,0.110593,0.110593,0.0517843,-0.297699
7,336,3.04815e-6,1.49724e-5,1.49724e-5,3.00563e-6,0.0846056
7,360,1.89515e-10,2.02701e-9,2.02701e-9,1.74451e-10,0.516471
7,384,1.28979e-14,2.74422e-13,2.74422e-13,1.01254e-14,1.63775
7,385,83.2216,74.2096,74.2096,72.9949,0.837993
7,386,129.486,125.41,125.41,121.611,0.387312
7,389,123.895,127.715,127.715,116.924,0.356599
7,391,54.4849,60.7956,60.7956,51.8661,0.302007
7,408,0.0633935,0.110593,0.110593,0.0517843,1.34091
7,432,3.35774e-6,1.49724e-5,1.49724e-5,3.00563e-6,0.700693
7,456,2.02129e-10,2.02701e-9,2.02701e-9,1.74451e-10,0.948951
7,480,1.1226e-14,2.74422e-13,2.74422e-13,1.01254e-14,0.650127
7,481,86.0628,74.2096,74.2096,72.9949,1.0708
7,482,126.662,125.41,125.41,121.611,0.248417
7,485,121.511,127.715,127.715,116.924,0.234621
7,487,64.2136,60.7956,60.7956,51.8661,1.42394
7,504,0.0608354,0.110593,0.110593,0.0517843,1.04545
7,528,3.11041e-6,1.49724e-5,1.49724e-5,3.00563e-6,0.208516
7,552,1.85673e-10,2.02701e-9,2.02701e-9,1.74451e-10,0.384766
7,576,8.35297e-15,2.74422e-13,2.74422e-13,1.01254e-14,-1.04702
7,577,98.6518,74.2096,74.2096,72.9949,2.10236
7,578,128.818,125.41,125.41,121.611,0.354446
7,581,123.037,127.715,127.715,116.924,0.312666
7,583,53.1616,60.7956,60.7956,51.8661,0.149404
7,600,0.0517474,0.110593,0.110593,0.0517843,-0.00425821
7,624,3.44154e-6,1.49724e-5,1.49724e-5,3.00563e-6,0.867467
7,648,2.16173e-10,2.02701e-9,2.02701e-9,1.74451e-10,1.43048
8,0,0,0,0,0,0
8,1,3.89422,3.71048,3.71048,3.5743,0.535365
8,2,6.59616,6.27051,6.27051,5.85015,0.76273
8,5,6.11348,6.38575,6.38575,5.23513,1.00355
8,7,2.483,3.03978,3.03978,2.12244,1.01611
8,24,0.000957727,0.00552967,0.00552967,0.000986385,-0.173775
8,48,2.32707e-8,7.48622e-7,7.48622e-7,1.94506e-8,1.17474
8,72,3.77496e-13,1.0135e-10,1.0135e-10,3.83548e-13,-0.0943803
8,96,6.545e-18,1.37211e-14,1.37211e-14,7.56322e-18,-0.00458566
8,97,21.1602,18.5524,18.5524,17.8715,1.10068
8,98,31.9809,31.3526,31.3526,29.2508,0.558278
8,101,31.785,31.9288,31.9288,26.1757,1.28177
8,103,10.107,15.1989,15.1989,10.6122,-0.284751
8,120,0.00567857,0.0276484,0.0276484,0.00493192,0.905507
8,144,9.78185e-8,3.74311e-6,3.74311e-6,9.7253e-8,0.0347765
8,168,1.77264e-12,5.06752e-10,5.06752e-10,1.91774e-12,-0.452548
8,192,3.47016e-17,6.86055e-14,6.86055e-14,3.78161e-17,-0.0140267
8,193,38.2623,37.1048,37.1048,35.743,0.421579
8,194,60.5503,62.7051,62.7051,58.5015,0.209472
8,197,54.8905,63.8575,63.8575,52.3513,0.290114
8,199,22.064,30.3978,30.3978,21.2244,0.236615
8,216,0.00956904,0.0552967,0.0552967,0.00986385,-0.178767
8,240,1.85643e-7,7.48622e-6,7.48622e-6,1.94506e-7,-0.272553
8,264,4.0836e-12,1.0135e-9,1.0135e-9,3.83548e-12,0.386937
8,288,7.68419e-17,1.37211e-13,1.37211e-13,7.56322e-17,0.00544781
8,289,103.031,74.2096,74.2096,71.486,2.63943
8,290,141.786,125.41,125.41,117.003,1.26694
8,293,115.848,127.715,127.715,104.703,0.636721
8,295,48.3835,60.7956,60.7956,42.4487,0.836247
8,312,0.0227217,0.110593,0.110593,0.0197277,0.907749
8,336,4.16578e-7,1.49724e-5,1.49724e-5,3.89012e-7,0.423844
8,360,7.48082e-12,2.02701e-9,2.02701e-9,7.67096e-12,-0.148266
8,384,1.4133e-16,2.74422e-13,2.74422e-13,1.51264e-16,-0.0447424
8,385,84.6661,74.2096,74.2096,71.486,1.10279
8,386,116.893,125.41,125.41,117.003,-0.0056082
8,389,103.235,127.715,127.715,104.703,-0.0838463
8,391,50.2761,60.7956,60.7956,42.4487,1.10293
8,408,0.020582,0.110593,0.110593,0.0197277,0.259016
8,432,4.10278e-7,1.49724e-5,1.49724e-5,3.89012e-7,0.326982
8,456,7.79446e-12,2.02701e-9,2.02701e-9,7.67096e-12,0.0962897
8,480,1.34814e-16,2.74422e-13,2.74422e-13,1.51264e-16,-0.0740844
8,481,80.0676,74.2096,74.2096,71.486,0.718034
8,482,156.829,125.41,125.41,117.003,2.03594
8,485,153.186,127.715,127.715,104.703,2.76966
8,487,44.8572,60.7956,60.7956,42.4487,0.339362
8,504,0.0184094,0.110593,0.110593,0.0197277,-0.399685
8,528,4.42797e-7,1.49724e-5,1.49724e-5,3.89012e-7,0.826976
8,552,7.76727e-12,2.02701e-9,2.02701e-9,7.67096e-12,0.0750955
8,576,1.37358e-16,2.74422e-13,2.74422e-13,1.51264e-16,-0.0626285
8,577,86.5781,74.2096,74.2096,71.486,1.26277
8,578,137.484,125.41,125.41,117.003,1.04702
8,581,123.582,127.715,127.715,104.703,1.07851
8,583,50.9555,60.7956,60.7956,42.4487,1.19866
8,600,0.020467,0.110593,0.110593,0.0197277,0.224138
8,624,3.70935e-7,1.49724e-5,1.49724e-5,3.89012e-7,-0.277947
8,648,7.0456e-12,2.02701e-9,2.02701e-9,7.67096e-12,-0.48762
9,0,0,0,0,0,0
9,1,4.67788,3.71048,3.71048,3.51288,1.98362
9,2,6.49062,6.27051,6.27051,5.6671,0.869184
9,5,5.08421,6.38575,6.38575,4.78212,0.377837
9,7,1.93555,3.03978,3.03978,1.79833,0.456382
9,24,0.000533131,0.00552967,0.00552967,0.000441054,1.24869
9,48,3.59555e-9,7.48622e-7,7.48622e-7,3.52766e-9,0.115118
9,72,2.20309e-14,1.0135e-10,1.0135e-10,2.82151e-14,-1.31098
9,96,2.25612e-19,1.37211e-14,1.37211e-14,2.25671e-19,-2.63467e-7
9,97,16.5065,18.5524,18.5524,17.5644,-0.360264
9,98,22.9224,31.3526,31.3526,28.3355,-1.14264
9,101,28.7583,31.9288,31.9288,23.9106,1.21265
9,103,9.92267,15.1989,15.1989,8.99167,0.619308
9,120,0.00247129,0.0276484,0.0276484,0.00220527,0.721517
9,144,1.79708e-8,3.74311e-6,3.74311e-6,1.76383e-8,0.112756
9,168,1.4035e-13,5.06752e-10,5.06752e-10,1.41075e-13,-0.0307388
9,192,9.2469e-19,6.86055e-14,6.86055e-14,1.12835e-18,-0.000917226
9,193,44.2319,37.1048,37.1048,35.1288,1.54995
9,194,69.953,62.7051,62.7051,56.671,1.40184
9,197,50.7823,63.8575,63.8575,47.8212,0.370357
9,199,18.6288,30.3978,30.3978,17.9833,0.214692
9,216,0.00454976,0.0552967,0.0552967,0.00441054,0.188807
9,240,4.15796e-8,7.48622e-6,7.48622e-6,3.52766e-8,1.0687
9,264,2.97698e-13,1.0135e-9,1.0135e-9,2.82151e-13,0.329585
9,288,2.15513e-18,1.37211e-13,1.37211e-13,2.25671e-18,-0.00045748
9,289,90.1257,74.2096,74.2096,70.2577,1.69144
9,290,111.812,125.41,125.41,113.342,-0.0807561
9,293,102.199,127.715,127.715,95.6425,0.41005
9,295,39.53,60.7956,60.7956,35.9667,0.592586
9,312,0.00980359,0.110593,0.110593,0.00882108,0.666213
9,336,7.59791e-8,1.49724e-5,1.49724e-5,7.05531e-8,0.459997
9,360,4.70724e-13,2.02701e-9,2.02701e-9,5.64301e-13,-0.991868
9,384,3.95959e-18,2.74422e-13,2.74422e-13,4.51342e-18,-0.00249424
9,385,83.4749,74.2096,74.2096,70.2577,1.12523
9,386,131.706,125.41,125.41,113.342,0.969091
9,389,129.584,127.715,127.715,95.6425,2.12266
9,391,41.5048,60.7956,60.7956,35.9667,0.920995
9,408,0.00934623,0.110593,0.110593,0.00882108,0.356092
9,432,8.17334e-8,1.49724e-5,1.49724e-5,7.05531e-8,0.947836
9,456,6.33067e-13,2.02701e-9,2.02701e-9,5.64301e-13,0.728879
9,480,4.90615e-18,2.74422e-13,2.74422e-13,4.51342e-18,0.0017687
9,481,85.5251,74.2096,74.2096,70.2577,1.29977
9,482,142.74,125.41,125.41,113.342,1.55138
9,485,91.4936,127.715,127.715,95.6425,-0.259462
9,487,34.5448,60.7956,60.7956,35.9667,-0.236456
9,504,0.0104968,0.110593,0.110593,0.00882108,1.13626
9,528,6.97944e-8,1.49724e-5,1.49724e-5,7.05531e-8,-0.0643234
9,552,6.49659e-13,2.02701e-9,2.02701e-9,5.64301e-13,0.904744
9,576,4.65821e-18,2.74422e-13,2.74422e-13,4.51342e-18,0.000652076
9,577,70.8743,74.2096,74.2096,70.2577,0.0524929
9,578,128.487,125.41,125.41,113.342,0.79923
9,581,100.729,127.715,127.715,95.6425,0.318078
9,583,38.5973,60.7956,60.7956,35.9667,0.437469
9,600,0.0131154,0.110593,0.110593,0.00882108,2.91182
9,624,6.99832e-8,1.49724e-5,1.49724e-5,7.05531e-8,-0.0483188
9,648,5.44233e-13,2.02701e-9,2.02701e-9,5.64301e-13,-0.212717
10,0,0,0,0,0,0
10,1,3.67679,3.71048,3.71048,3.59666,0.133247
10,2,6.76655,6.27051,6.27051,5.91781,0.857841
10,5,6.15659,6.38575,6.38575,5.40978,0.825714
10,7,2.66368,3.03978,3.03978,2.25313,1.08987
10,24,0.00133673,0.00552967,0.00552967,0.00131658,0.0915523
10,48,4.50541e-8,7.48622e-7,7.48622e-7,3.58703e-8,1.53138
10,72,9.21594e-13,1.0135e-10,1.0135e-10,9.77287e-13,-0.340861
10,96,2.32323e-17,1.37211e-14,1.37211e-14,2.66262e-17,-0.0152846
10,97,23.1353,18.5524,18.5524,17.9833,1.71357
10,98,36.6006,31.3526,31.3526,29.5891,1.41736
10,101,30.8901,31.9288,31.9288,27.0489,0.849401
10,103,13.3373,15.1989,15.1989,11.2657,1.0999
10,120,0.00673064,0.0276484,0.0276484,0.00658291,0.134224
10,144,1.92294e-7,3.74311e-6,3.74311e-6,1.79352e-7,0.431636
10,168,4.43582e-12,5.06752e-10,5.06752e-10,4.88643e-12,-0.551586
10,192,1.23446e-16,6.86055e-14,6.86055e-14,1.33131e-16,-0.0436177
10,193,43.1945,37.1048,37.1048,35.9666,1.202
10,194,70.6418,62.7051,62.7051,59.1781,1.15866
10,197,63.1405,63.8575,63.8575,54.0978,0.999813
10,199,25.2491,30.3978,30.3978,22.5313,0.721471
10,216,0.0124961,0.0552967,0.0552967,0.0131658,-0.304283
10,240,3.3946e-7,7.48622e-6,7.48622e-6,3.58703e-7,-0.320867
10,264,1.01571e-11,1.0135e-9,1.0135e-9,9.77287e-12,0.235174
10,288,2.40926e-16,1.37211e-13,1.37211e-13,2.66262e-16,-0.114104
10,289,121.408,92.762,92.762,89.9166,2.09483
10,290,179.52,156.763,156.763,147.945,1.27652
10,293,158.971,159.644,159.644,135.244,1.04933
10,295,73.7951,75.9945,75.9945,56.3283,1.85475
10,312,0.0308008,0.138242,0.138242,0.0329146,-0.384122
10,336,9.80013e-7,1.87156e-5,1.87156e-5,8.96758e-7,0.555304
10,360,2.50181e-11,2.53376e-9,2.53376e-9,2.44322e-11,0.143441
10,384,7.11925e-16,3.43028e-13,3.43028e-13,6.65655e-16,0.208383
10,385,109.949,92.762,92.762,89.9166,1.3326
10,386,181.135,156.763,156.763,147.945,1.34183
10,389,161.037,159.644,159.644,135.244,1.14072
10,391,69.7861,75.9945,75.9945,56.3283,1.42904
10,408,0.0423819,0.138242,0.138242,0.0329146,1.72043
10,432,9.49394e-7,1.87156e-5,1.87156e-5,8.96758e-7,0.351077
10,456,2.44319e-11,2.53376e-9,2.53376e-9,2.44322e-11,-7.34705e-5
10,480,6.59247e-16,3.43028e-13,3.43028e-13,6.65655e-16,-0.0288582
10,481,118.798,92.762,92.762,89.9166,1.92119
10,482,153.23,156.763,156.763,147.945,0.213662
10,485,149.357,159.644,159.644,135.244,0.624155
10,487,62.2413,75.9945,75.9945,56.3283,0.627877
10,504,0.0339097,0.138242,0.138242,0.0329146,0.180831
10,528,8.98498e-7,1.87156e-5,1.87156e-5,8.96758e-7,0.0116089
10,552,2.14973e-11,2.53376e-9,2.53376e-9,2.44322e-11,-0.7185
10,576,7.08536e-16,3.43028e-13,3.43028e-13,6.65655e-16,0.193119
10,577,90.5961,92.762,92.762,89.9166,0.0451985
10,578,192.202,156.763,156.763,147.945,1.78925
10,581,170.566,159.644,159.644,135.244,1.56212
10,583,73.0155,75.9945,75.9945,56.3283,1.77196
10,600,0.0330511,0.138242,0.138242,0.0329146,0.0248022
10,624,8.31991e-7,1.87156e-5,1.87156e-5,8.96758e-7,-0.431988
10,648,2.33689e-11,2.53376e-9,2.53376e-9,2.44322e-11,-0.260297
11,0,0,0,0,0,0
11,1,5.4883,3.71048,3.71048,4.038,2.14826
11,2,8.13187,6.27051,6.27051,7.3652,0.622613
11,5,10.6799,6.38575,6.38575,10.1889,0.288244
11,7,8.38787,3.03978,3.03978,6.91752,1.27135
11,24,0.295963,0.00552967,0.00552967,0.257303,0.898706
11,48,0.00266451,7.48622e-7,7.48622e-7,0.00246785,0.476638
11,72,2.25937e-5,1.0135e-10,1.0135e-10,2.36697e-5,-0.271908
11,96,1.78658e-7,1.37211e-14,1.37211e-14,2.27022e-7,-1.27423
11,97,21.0939,18.5524,18.5524,20.19,0.267764
11,98,42.9695,31.3526,31.3526,36.826,0.997835
11,101,69.682,31.9288,31.9288,50.9445,2.19993
11,103,37.592,15.1989,15.1989,34.5876,0.519562
11,120,1.44718,0.0276484,0.0276484,1.28651,0.746964
11,144,0.011866,3.74311e-6,3.74311e-6,0.0123393,-0.22942
11,168,9.72579e-5,5.06752e-10,5.06752e-10,0.000118349,-1.06592
11,192,1.2544e-6,6.86055e-14,6.86055e-14,1.13511e-6,0.628583
11,193,49.2736,37.1048,37.1048,40.38,1.31735
11,194,96.8721,62.7051,62.7051,73.652,1.88571
11,197,131.702,63.8575,63.8575,101.889,1.75011
11,199,80.7779,30.3978,30.3978,69.1752,1.00324
11,216,3.14011,0.0552967,0.0552967,2.57303,1.31824
11,240,0.0238804,7.48622e-6,7.48622e-6,0.0246785,-0.193426
11,264,0.000240407,1.0135e-9,1.0135e-9,0.000236697,0.0937386
11,288,2.40081e-6,1.37211e-13,1.37211e-13,2.27022e-6,0.344079
11,289,119.017,92.762,92.762,100.95,1.07046
11,290,225.292,156.763,156.763,184.13,1.3371
11,293,233.896,159.644,159.644,254.723,-0.489056
11,295,202.854,75.9945,75.9945,172.938,1.03469
11,312,7.52853,0.138242,0.138242,6.43257,1.01907
11,336,0.057128,1.87156e-5,1.87156e-5,0.0616963,-0.442887
11,360,0.000495688,2.53376e-9,2.53376e-9,0.000591743,-0.970924
11,384,5.45018e-6,3.43028e-13,3.43028e-13,5.67554e-6,-0.237504
11,385,122.588,92.762,92.762,100.95,1.28205
11,386,206.662,156.763,156.763,184.13,0.731941
11,389,312.179,159.644,159.644,254.723,1.34917
11,391,202.428,75.9945,75.9945,172.938,1.01997
11,408,7.64567,0.138242,0.138242,6.43257,1.12799
11,432,0.065623,1.87156e-5,1.87156e-5,0.0616963,0.380681
11,456,0.000535285,2.53376e-9,2.53376e-9,0.000591743,-0.570675
11,480,5.83582e-6,3.43028e-13,3.43028e-13,5.67554e-6,0.168907
11,481,108.617,92.762,92.762,100.95,0.454235
11,482,204.054,156.763,156.763,184.13,0.647226
11,485,304.749,159.644,159.644,254.723,1.1747
11,487,172.257,75.9945,75.9945,172.938,-0.0235549
11,504,8.6026,0.138242,0.138242,6.43257,2.01779
11,528,0.0631523,1.87156e-5,1.87156e-5,0.0616963,0.141157
11,552,0.000640374,2.53376e-9,2.53376e-9,0.000591743,0.49156
11,576,5.55906e-6,3.43028e-13,3.43028e-13,5.67554e-6,-0.122757
11,577,122.43,92.762,92.762,100.95,1.27267
11,578,242.492,156.763,156.763,184.13,1.89585
11,581,241.747,159.644,159.644,254.723,-0.304686
11,583,168.614,75.9945,75.9945,172.938,-0.149568
11,600,7.14154,0.138242,0.138242,6.43257,0.659226
11,624,0.0759301,1.87156e-5,1.87156e-5,0.0616963,1.37993
11,648,0.000632764,2.53376e-9,2.53376e-9,0.000591743,0.414632
12,0,0,0,0,0,0
12,1,4.45389,3.71048,3.71048,3.3575,1.95318
12,2,5.23084,6.27051,6.27051,5.2217,0.0104701
12,5,4.26096,6.38575,6.38575,3.79305,0.737858
12,7,1.19527,3.03978,3.03978,1.16933,0.132697
12,24,5.73732e-5,0.00552967,0.00552967,5.29671e-5,0.49756
12,48,2.86203e-11,7.48622e-7,7.48622e-7,3.90299e-11,-1.59526
12,72,2.7263e-17,1.0135e-10,1.0135e-10,2.876e-17,-0.00674177
12,96,1.5633e-23,1.37211e-14,1.37211e-14,2.11924e-23,-2.50374e-8
12,97,18.245,18.5524,18.5524,16.7875,0.519299
12,98,32.3687,31.3526,31.3526,26.1085,1.43419
12,101,22.022,31.9288,31.9288,18.9652,0.96405
12,103,6.19567,15.1989,15.1989,5.84665,0.357051
12,120,0.000323528,0.0276484,0.0276484,0.000264835,1.32558
12,144,1.96556e-10,3.74311e-6,3.74311e-6,1.9515e-10,0.0431204
12,168,1.45405e-16,5.06752e-10,5.06752e-10,1.438e-16,0.0072294
12,192,6.55418e-23,6.86055e-14,6.86055e-14,1.05962e-22,-1.82036e-7
12,193,39.0949,37.1048,37.1048,33.575,0.983341
12,194,61.7183,62.7051,62.7051,52.217,1.08835
12,197,44.7474,63.8575,63.8575,37.9305,1.07497
12,199,13.7978,30.3978,30.3978,11.6933,1.07649
12,216,0.00056209,0.0552967,0.0552967,0.000529671,0.366091
12,240,3.65173e-10,7.48622e-6,7.48622e-6,3.90299e-10,-0.385056
12,264,2.36872e-16,1.0135e-9,1.0135e-9,2.876e-16,-0.228457
12,288,1.48824e-22,1.37211e-13,1.37211e-13,2.11924e-22,-2.84176e-7
12,289,85.765,92.762,92.762,83.9376,0.130221
12,290,136.442,156.763,156.763,130.542,0.270291
12,293,105.88,159.644,159.644,94.8261,0.697225
12,295,37.9045,75.9945,75.9945,29.2333,1.77419
12,312,0.00142958,0.138242,0.138242,0.00132418,0.476105
12,336,8.66058e-10,1.87156e-5,1.87156e-5,9.75748e-10,-0.672391
12,360,5.61401e-16,2.53376e-9,2.53376e-9,7.19e-16,-0.709764
12,384,4.29368e-22,3.43028e-13,3.43028e-13,5.2981e-22,-4.52348e-7
12,385,113.241,92.762,92.762,83.9376,2.08815
12,386,158.886,156.763,156.763,130.542,1.29867
12,389,115.517,159.644,159.644,94.8261,1.3051
12,391,34.1308,75.9945,75.9945,29.2333,1.00206
12,408,0.00158405,0.138242,0.138242,0.00132418,1.17386
12,432,8.75382e-10,1.87156e-5,1.87156e-5,9.75748e-10,-0.615238
12,456,7.71576e-16,2.53376e-9,2.53376e-9,7.19e-16,0.236782
12,480,4.48624e-22,3.43028e-13,3.43028e-13,5.2981e-22,-3.65627e-7
12,481,90.8138,92.762,92.762,83.9376,0.489988
12,482,157.805,156.763,156.763,130.542,1.24915
12,485,102.183,159.644,159.644,94.8261,0.464018
12,487,34.613,75.9945,75.9945,29.2333,1.10073
12,504,0.00143609,0.138242,0.138242,0.00132418,0.50551
12,528,9.6773e-10,1.87156e-5,1.87156e-5,9.75748e-10,-0.0491458
12,552,6.50214e-16,2.53376e-9,2.53376e-9,7.19e-16,-0.309783
12,576,4.6237e-22,3.43028e-13,3.43028e-13,5.2981e-22,-3.03723e-7
12,577,87.0565,92.762,92.762,83.9376,0.222247
12,578,141.195,156.763,156.763,130.542,0.488069
12,581,100.177,159.644,159.644,94.8261,0.337543
12,583,32.8811,75.9945,75.9945,29.2333,0.746366
12,600,0.00171638,0.138242,0.138242,0.00132418,1.77158
12,624,9.79935e-10,1.87156e-5,1.87156e-5,9.75748e-10,0.02567
12,648,5.78326e-16,2.53376e-9,2.53376e-9,7.19e-16,-0.633538
13,0,0,0,0,0,0
13,1,4.84007,3.71048,3.71048,3.8077,1.6217
13,2,8.01042,6.27051,6.27051,6.58295,1.29701
13,5,8.8415,6.38575,6.38575,7.34687,1.21682
13,7,4.38168,3.03978,3.03978,3.90288,0.733776
13,24,0.016504,0.00552967,0.00552967,0.0180421,-0.509921
13,48,1.07555e-5,7.48622e-7,7.48622e-7,9.11335e-6,1.07776
13,72,4.17664e-9,1.0135e-10,1.0135e-10,4.60329e-9,-0.554376
13,96,2.34354e-12,1.37211e-14,1.37211e-14,2.3252e-12,0.0471926
13,97,22.7382,18.5524,18.5524,19.0385,1.16233
13,98,34.1301,31.3526,31.3526,32.9148,0.220856
13,101,40.8004,31.9288,31.9288,36.7344,0.662052
13,103,21.5174,15.1989,15.1989,19.5144,0.613924
13,120,0.0991729,0.0276484,0.0276484,0.0902105,0.594245
13,144,4.6573e-5,3.74311e-6,3.74311e-6,4.55667e-5,0.132086
13,168,2.42239e-8,5.06752e-10,5.06752e-10,2.30165e-8,0.313768
13,192,1.02265e-11,6.86055e-14,6.86055e-14,1.1626e-11,-0.720016
13,193,42.3692,37.1048,37.1048,38.077,0.67425
13,194,63.0964,62.7051,62.7051,65.8295,-0.248337
13,197,91.611,63.8575,63.8575,73.4687,1.47702
13,199,44.4303,30.3978,30.3978,39.0288,0.827806
13,216,0.211156,0.0552967,0.0552967,0.180421,1.01892
13,240,0.000104024,7.48622e-6,7.48622e-6,9.11335e-5,0.846033
13,264,4.14954e-8,1.0135e-9,1.0135e-9,4.60329e-8,-0.589587
13,288,2.14449e-11,1.37211e-13,1.37211e-13,2.3252e-11,-0.464839
13,289,131.873,111.314,111.314,114.231,0.923756
13,290,210.84,188.115,188.115,197.489,0.404382
13,293,272.694,191.573,191.573,220.406,1.41896
13,295,159.282,91.1934,91.1934,117.086,2.15554
13,312,0.516764,0.16589,0.16589,0.541263,-0.27073
13,336,0.000294868,2.24587e-5,2.24587e-5,0.0002734,0.469665
13,360,1.44964e-7,3.04051e-9,3.04051e-9,1.38099e-7,0.297332
13,384,6.3513e-11,4.11633e-13,4.11633e-13,6.97559e-11,-0.535301
13,385,135.759,111.314,111.314,114.231,1.12725
13,386,223.073,188.115,188.115,197.489,0.774882
13,389,265.629,191.573,191.573,220.406,1.22723
13,391,140.141,91.1934,91.1934,117.086,1.17776
13,408,0.634164,0.16589,0.16589,0.541263,1.02662
13,432,0.000261495,2.24587e-5,2.24587e-5,0.0002734,-0.260468
13,456,1.35982e-7,3.04051e-9,3.04051e-9,1.38099e-7,-0.0916891
13,480,6.09151e-11,4.11633e-13,4.11633e-13,6.97559e-11,-0.758068
13,481,136.055,111.314,111.314,114.231,1.14275
13,482,261.931,188.115,188.115,197.489,1.95175
13,485,270.979,191.573,191.573,220.406,1.37243
13,487,139.489,91.1934,91.1934,117.086,1.14445
13,504,0.620349,0.16589,0.16589,0.541263,0.873956
13,528,0.000219513,2.24587e-5,2.24587e-5,0.0002734,-1.17893
13,552,1.58537e-7,3.04051e-9,3.04051e-9,1.38099e-7,0.885203
13,576,8.38277e-11,4.11633e-13,4.11633e-13,6.97559e-11,1.2066
13,577,129.656,111.314,111.314,114.231,0.8077
13,578,233.835,188.115,188.115,197.489,1.10081
13,581,246.856,191.573,191.573,220.406,0.717788
13,583,153.473,91.1934,91.1934,117.086,1.8588
13,600,0.521981,0.16589,0.16589,0.541263,-0.213072
13,624,0.000265736,2.24587e-5,2.24587e-5,0.0002734,-0.167676
13,648,1.50594e-7,3.04051e-9,3.04051e-9,1.38099e-7,0.541183
14,0,0,0,0,0,0
14,1,4.62491,3.71048,3.71048,3.71355,1.4679
14,2,8.68816,6.27051,6.27051,6.28023,2.29332
14,5,7.87188,6.38575,6.38575,6.41424,1.35925
14,7,3.58124,3.03978,3.03978,3.06413,1.00941
14,24,0.00644655,0.00552967,0.00552967,0.00574365,0.731985
14,48,7.93984e-7,7.48622e-7,7.48622e-7,8.11215e-7,-0.127055
14,72,1.24273e-10,1.0135e-10,1.0135e-10,1.14574e-10,0.506348
14,96,1.60144e-14,1.37211e-14,1.37211e-14,1.6182e-14,-0.0619637
14,97,21.5847,18.5524,18.5524,18.5678,0.971863
14,98,41.9715,31.3526,31.3526,31.4011,2.01345
14,101,29.6803,31.9288,31.9288,32.0712,-0.445912
14,103,15.9983,15.1989,15.1989,15.3207,0.264555
14,120,0.023721,0.0276484,0.0276484,0.0287182,-1.04079
14,144,3.73692e-6,3.74311e-6,3.74311e-6,4.05608e-6,-0.47064
14,168,6.27997e-10,5.06752e-10,5.06752e-10,5.72868e-10,0.575599
14,192,6.20515e-14,6.86055e-14,6.86055e-14,8.09102e-14,-1.39413
14,193,42.4629,37.1048,37.1048,37.1355,0.858068
14,194,65.7646,62.7051,62.7051,62.8023,0.282136
14,197,46.9736,63.8575,63.8575,64.1424,-1.601
14,199,43.0618,30.3978,30.3978,30.6413,2.42452
14,216,0.0668878,0.0552967,0.0552967,0.0574365,0.984245
14,240,1.01612e-5,7.48622e-6,7.48622e-6,8.11215e-6,1.5108
14,264,1.12541e-9,1.0135e-9,1.0135e-9,1.14574e-9,-0.106137
14,288,1.45072e-13,1.37211e-13,1.37211e-13,1.6182e-13,-0.619059
14,289,147.18,111.314,111.314,111.407,1.92061
14,290,229.841,188.115,188.115,188.407,1.31539
14,293,220.959,191.573,191.573,192.427,0.886866
14,295,88.318,91.1934,91.1934,91.924,-0.234632
14,312,0.183804,0.16589,0.16589,0.172309,0.398995
14,336,3.09043e-5,2.24587e-5,2.24587e-5,2.43365e-5,1.61422
14,360,3.58331e-9,3.04051e-9,3.04051e-9,3.43721e-9,0.254242
14,384,4.30807e-13,4.11633e-13,4.11633e-13,4.85461e-13,-0.673388
14,385,126.861,111.314,111.314,111.407,0.829719
14,386,199.547,188.115,188.115,188.407,0.353663
14,389,268.988,191.573,191.573,192.427,2.37976
14,391,104.072,91.1934,91.1934,91.924,0.790464
14,408,0.199026,0.16589,0.16589,0.172309,0.927411
14,432,2.37366e-5,2.24587e-5,2.24587e-5,2.43365e-5,-0.147419
14,456,4.30543e-9,3.04051e-9,3.04051e-9,3.43721e-9,1.51085
14,480,4.60235e-13,4.11633e-13,4.11633e-13,4.85461e-13,-0.310805
14,481,115.884,111.314,111.314,111.407,0.240413
14,482,160.353,188.115,188.115,188.407,-0.890622
14,485,211.596,191.573,191.573,192.427,0.595833
14,487,115.346,91.1934,91.1934,91.924,1.52401
14,504,0.160123,0.16589,0.16589,0.172309,-0.423037
14,528,2.79578e-5,2.24587e-5,2.24587e-5,2.43365e-5,0.890025
14,552,3.69076e-9,3.04051e-9,3.04051e-9,3.43721e-9,0.441216
14,576,4.04891e-13,4.11633e-13,4.11633e-13,4.85461e-13,-0.992691
14,577,132.849,111.314,111.314,111.407,1.15123
14,578,217.932,188.115,188.115,188.407,0.93734
14,581,201.199,191.573,191.573,192.427,0.27267
14,583,96.6491,91.1934,91.1934,91.924,0.307452
14,600,0.151181,0.16589,0.16589,0.172309,-0.733438
14,624,2.68697e-5,2.24587e-5,2.24587e-5,2.43365e-5,0.622601
14,648,3.27974e-9,3.04051e-9,3.04051e-9,3.43721e-9,-0.274013
15,0,0,0,0,0,0
15,1,3.64965,3.71048,3.71048,3.46989,0.309871
15,2,7.14636,6.27051,6.27051,5.54132,1.73249
15,5,5.76045,6.38575,6.38575,4.48692,1.69769
15,7,1.90239,3.03978,3.03978,1.59903,1.13475
15,24,0.000220658,0.00552967,0.00552967,0.000248362,-0.667192
15,48,1.24446e-9,7.48622e-7,7.48622e-7,1.04231e-9,1.16005
15,72,4.39894e-15,1.0135e-10,1.0135e-10,4.37429e-15,0.0337084
15,96,1.7938e-20,1.37211e-14,1.37211e-14,1.83577e-20,-1.89033e-6
15,97,17.5253,18.5524,18.5524,17.3494,0.0606119
15,98,34.8529,31.3526,31.3526,27.7066,1.54274
15,101,23.2135,31.9288,31.9288,22.4346,0.207656
15,103,10.4472,15.1989,15.1989,7.99516,1.8344
15,120,0.00148086,0.0276484,0.0276484,0.00124181,1.15138
15,144,4.98672e-9,3.74311e-6,3.74311e-6,5.21155e-9,-0.258037
15,168,2.19136e-14,5.06752e-10,5.06752e-10,2.18715e-14,0.0115117
15,192,7.41843e-20,6.86055e-14,6.86055e-14,9.17886e-20,-7.92825e-5
15,193,39.8701,37.1048,37.1048,34.6989,0.891397
15,194,61.4112,62.7051,62.7051,55.4132,0.647423
15,197,53.8718,63.8575,63.8575,44.8692,1.2001
15,199,18.5899,30.3978,30.3978,15.9903,0.972382
15,216,0.00234018,0.0552967,0.0552967,0.00248362,-0.34545
15,240,1.28493e-8,7.48622e-6,7.48622e-6,1.04231e-8,1.39227
15,264,4.15213e-14,1.0135e-9,1.0135e-9,4.37429e-14,-0.303773
15,288,1.54363e-19,1.37211e-13,1.37211e-13,1.83577e-19,-0.000131571
15,289,104.134,111.314,111.314,104.097,0.00213661
15,290,184.135,188.115,188.115,166.24,0.643887
15,293,177.232,191.573,191.573,134.607,1.89401
15,295,54.6876,91.1934,91.1934,47.971,0.837475
15,312,0.0081335,0.16589,0.16589,0.00745087,0.54799
15,336,3.2066e-8,2.24587e-5,2.24587e-5,3.12693e-8,0.152392
15,360,1.33022e-13,3.04051e-9,3.04051e-9,1.31229e-13,0.0817218
15,384,4.48039e-19,4.11633e-13,4.11633e-13,5.50732e-19,-0.000462485
15,385,115.673,111.314,111.314,104.097,0.665182
15,386,219.409,188.115,188.115,166.24,1.91304
15,389,153.098,191.573,191.573,134.607,0.821636
15,391,54.318,91.1934,91.1934,47.971,0.791391
15,408,0.00618109,0.16589,0.16589,0.00745087,-1.01934
15,432,2.93249e-8,2.24587e-5,2.24587e-5,3.12693e-8,-0.371926
15,456,1.33261e-13,3.04051e-9,3.04051e-9,1.31229e-13,0.092651
15,480,5.04699e-19,4.11633e-13,4.11633e-13,5.50732e-19,-0.000207314
15,481,138.142,111.314,111.314,104.097,1.95619
15,482,212.258,188.115,188.115,166.24,1.65574
15,485,122.816,191.573,191.573,134.607,-0.523958
15,487,41.8175,91.1934,91.1934,47.971,-0.76725
15,504,0.0092642,0.16589,0.16589,0.00745087,1.45568
15,528,3.02941e-8,2.24587e-5,2.24587e-5,3.12693e-8,-0.186537
15,552,1.28135e-13,3.04051e-9,3.04051e-9,1.31229e-13,-0.140995
15,576,5.26605e-19,4.11633e-13,4.11633e-13,5.50732e-19,-0.000108656
15,577,132.521,111.314,111.314,104.097,1.63323
15,578,204.186,188.115,188.115,166.24,1.36531
15,581,140.203,191.573,191.573,134.607,0.248651
15,583,51.0901,91.1934,91.1934,47.971,0.388911
15,600,0.00828508,0.16589,0.16589,0.00745087,0.669671
15,624,3.03846e-8,2.24587e-5,2.24587e-5,3.12693e-8,-0.169225
15,648,1.24523e-13,3.04051e-9,3.04051e-9,1.31229e-13,-0.305662
16,0,0,0,0,0,0
16,1,3.55678,3.71048,3.71048,3.53122,0.043294
16,2,8.02061,6.27051,6.27051,5.72134,2.40375
16,5,5.08019,6.38575,6.38575,4.91342,0.203012
16,7,2.18493,3.03978,3.03978,1.89003,0.93328
16,24,0.000660304,0.00552967,0.00552967,0.000561924,1.04718
16,48,5.18601e-9,7.48622e-7,7.48622e-7,5.89766e-9,-0.721744
16,72,5.34325e-14,1.0135e-10,1.0135e-10,6.18987e-14,-0.818098
16,96,5.45512e-19,1.37211e-14,1.37211e-14,6.49657e-19,-0.000469025
16,97,19.6913,18.5524,18.5524,17.6561,0.689455
16,98,33.0047,31.3526,31.3526,28.6067,0.91957
16,101,27.0674,31.9288,31.9288,24.5671,0.608734
16,103,9.05747,15.1989,15.1989,9.45013,-0.248527
16,120,0.00316387,0.0276484,0.0276484,0.00280962,0.754145
16,144,3.08777e-8,3.74311e-6,3.74311e-6,2.94883e-8,0.281818
16,168,2.86761e-13,5.06752e-10,5.06752e-10,3.09494e-13,-0.439334
16,192,2.52373e-18,6.86055e-14,6.86055e-14,3.24828e-18,-0.00326308
16,193,44.8426,37.1048,37.1048,35.3122,1.61428
16,194,69.6351,62.7051,62.7051,57.2134,1.29861
16,197,56.3112,63.8575,63.8575,49.1342,0.87368
16,199,19.2423,30.3978,30.3978,18.9003,0.108255
16,216,0.00542793,0.0552967,0.0552967,0.00561924,-0.203632
16,240,5.04901e-8,7.48622e-6,7.48622e-6,5.89766e-8,-0.860683
16,264,6.70643e-13,1.0135e-9,1.0135e-9,6.18987e-13,0.49915
16,288,5.71681e-18,1.37211e-13,1.37211e-13,6.49657e-18,-0.00351172
16,289,181.401,166.972,166.972,158.905,0.846746
16,290,343.03,282.173,282.173,257.46,1.98796
16,293,273.715,287.359,287.359,221.104,1.42324
16,295,111.605,136.79,136.79,85.0512,1.86743
16,312,0.0364928,0.248835,0.248835,0.0252866,2.65071
16,336,2.30778e-7,3.3688e-5,3.3688e-5,2.65395e-7,-0.780172
16,360,2.8547e-12,4.56077e-9,4.56077e-9,2.78544e-12,0.148712
16,384,2.72826e-17,6.1745e-13,6.1745e-13,2.92346e-17,-0.0087908
16,385,172.597,166.972,166.972,158.905,0.515358
16,386,296.071,282.173,282.173,257.46,0.897007
16,389,183.13,287.359,287.359,221.104,-1.02728
16,391,101.787,136.79,136.79,85.0512,1.177
16,408,0.0286162,0.248835,0.248835,0.0252866,0.787584
16,432,2.60257e-7,3.3688e-5,3.3688e-5,2.65395e-7,-0.115781
16,456,2.245e-12,4.56077e-9,4.56077e-9,2.78544e-12,-1.16052
16,480,2.21971e-17,6.1745e-13,6.1745e-13,2.92346e-17,-0.0316937
16,481,173.902,166.972,166.972,158.905,0.564486
16,482,298.614,282.173,282.173,257.46,0.956095
16,485,253.942,287.359,287.359,221.104,0.888322
16,487,101.742,136.79,136.79,85.0512,1.1738
16,504,0.0227808,0.248835,0.248835,0.0252866,-0.592721
16,528,2.45047e-7,3.3688e-5,3.3688e-5,2.65395e-7,-0.458582
16,552,2.67411e-12,4.56077e-9,4.56077e-9,2.78544e-12,-0.23907
16,576,2.19154e-17,6.1745e-13,6.1745e-13,2.92346e-17,-0.0329626
16,577,171.401,166.972,166.972,158.905,0.470346
16,578,283.041,282.173,282.173,257.46,0.59429
16,581,204.354,287.359,287.359,221.104,-0.453135
16,583,91.5232,136.79,136.79,85.0512,0.455149
16,600,0.0288261,0.248835,0.248835,0.0252866,0.837237
16,624,3.01872e-7,3.3688e-5,3.3688e-5,2.65395e-7,0.822097
16,648,2.43494e-12,4.56077e-9,4.56077e-9,2.78544e-12,-0.752642
17,0,0,0,0,0,0
17,1,4.05436,3.71048,3.71048,3.89534,0.244178
17,2,8.98176,6.27051,6.27051,6.8736,1.8345
17,5,9.17359,6.38575,6.38575,8.32747,0.607733
17,7,6.09767,3.03978,3.03978,4.86798,1.51092
17,24,0.055141,0.00552967,0.00552967,0.0507519,0.517283
17,48,7.70604e-5,7.48622e-7,7.48622e-7,8.08128e-5,-0.277726
17,72,1.08188e-7,1.0135e-10,1.0135e-10,1.28679e-7,-0.952457
17,96,1.58402e-10,1.37211e-14,1.37211e-14,2.04897e-10,-1.35726
17,97,18.9891,18.5524,18.5524,19.4767,-0.149733
17,98,38.4005,31.3526,31.3526,34.368,0.701807
17,101,47.377,31.9288,31.9288,41.6373,0.824511
17,103,27.508,15.1989,15.1989,24.3399,0.778523
17,120,0.284006,0.0276484,0.0276484,0.253759,0.712937
17,144,0.000394659,3.74311e-6,3.74311e-6,0.000404064,-0.139215
17,168,7.3982e-7,5.06752e-10,5.06752e-10,6.43395e-7,0.896412
17,192,1.12505e-9,6.86055e-14,6.86055e-14,1.02449e-9,0.587142
17,193,57.9193,37.1048,37.1048,38.9534,2.91222
17,194,87.9407,62.7051,62.7051,68.736,1.67116
17,197,99.6933,63.8575,63.8575,83.2747,1.17928
17,199,58.7545,30.3978,30.3978,48.6798,1.23789
17,216,0.530081,0.0552967,0.0552967,0.507519,0.265906
17,240,0.000955367,7.48622e-6,7.48622e-6,0.000808128,1.08978
17,264,1.08001e-6,1.0135e-9,1.0135e-9,1.28679e-6,-0.961145
17,288,1.88965e-9,1.37211e-13,1.37211e-13,2.04897e-9,-0.465084
17,289,182.658,166.972,166.972,175.29,0.251409
17,290,321.441,282.173,282.173,309.312,0.234543
17,293,414.929,287.359,287.359,374.736,0.641528
17,295,247.346,136.79,136.79,219.059,0.77236
17,312,2.14852,0.248835,0.248835,2.28383,-0.354384
17,336,0.0042349,3.3688e-5,3.3688e-5,0.00363657,0.984109
17,360,4.43979e-6,4.56077e-9,4.56077e-9,5.79056e-6,-1.39526
17,384,1.06556e-8,6.1745e-13,6.1745e-13,9.22037e-9,0.93105
17,385,186.901,166.972,166.972,175.29,0.396186
17,386,351.264,282.173,282.173,309.312,0.811242
17,389,403.241,287.359,287.359,374.736,0.454973
17,391,274.841,136.79,136.79,219.059,1.52309
17,408,2.31149,0.248835,0.248835,2.28383,0.0724358
17,432,0.00414165,3.3688e-5,3.3688e-5,0.00363657,0.830739
17,456,5.79271e-6,4.56077e-9,4.56077e-9,5.79056e-6,0.00221867
17,480,9.17023e-9,6.1745e-13,6.1745e-13,9.22037e-9,-0.0325296
17,481,191.569,166.972,166.972,175.29,0.555464
17,482,374.345,282.173,282.173,309.312,1.25758
17,485,385.454,287.359,287.359,374.736,0.171073
17,487,264.042,136.79,136.79,219.059,1.22825
17,504,2.38584,0.248835,0.248835,2.28383,0.267153
17,528,0.00377439,3.3688e-5,3.3688e-5,0.00363657,0.226673
17,552,5.84417e-6,4.56077e-9,4.56077e-9,5.79056e-6,0.0553775
17,576,8.28082e-9,6.1745e-13,6.1745e-13,9.22037e-9,-0.609494
17,577,158.783,166.972,166.972,175.29,-0.563257
17,578,359.754,282.173,282.173,309.312,0.975424
17,581,472.24,287.359,287.359,374.736,1.5563
17,583,282.339,136.79,136.79,219.059,1.72783
17,600,2.78312,0.248835,0.248835,2.28383,1.30762
17,624,0.00381608,3.3688e-5,3.3688e-5,0.00363657,0.295242
17,648,5.78492e-6,4.56077e-9,4.56077e-9,5.79056e-6,-0.00582454
18,0,0,0,0,0,0
18,1,4.54497,3.71048,3.71048,3.69336,1.37916
18,2,7.0974,6.27051,6.27051,6.21655,0.847513
18,5,7.06128,6.38575,6.38575,6.22913,0.799045
18,7,3.70272,3.03978,3.03978,2.90728,1.63652
18,24,0.00526758,0.00552967,0.00552967,0.00447186,1.06431
18,48,4.84535e-7,7.48622e-7,7.48622e-7,4.77746e-7,0.0849985
18,72,5.03579e-11,1.0135e-10,1.0135e-10,5.10394e-11,-0.0798751
18,96,4.11292e-15,1.37211e-14,1.37211e-14,5.45274e-15,-1.4697
18,97,22.6222,18.5524,18.5524,18.4668,1.34593
18,98,35.1458,31.3526,31.3526,31.0828,0.781853
18,101,34.9584,31.9288,31.9288,31.1456,0.732213
18,103,15.1646,15.1989,15.1989,14.5364,0.258499
18,120,0.0237677,0.0276484,0.0276484,0.0223593,0.376756
18,144,2.04052e-6,3.74311e-6,3.74311e-6,2.38873e-6,-0.871919
18,168,2.32431e-10,5.06752e-10,5.06752e-10,2.55197e-10,-0.533605
18,192,2.74079e-14,6.86055e-14,6.86055e-14,2.72637e-14,0.0316451
18,193,40.9908,37.1048,37.1048,36.9336,0.65705
18,194,61.4219,62.7051,62.7051,62.1655,-0.0715492
18,197,74.2323,63.8575,63.8575,62.2913,1.14659
18,199,36.9839,30.3978,30.3978,29.0728,1.6276
18,216,0.0580308,0.0552967,0.0552967,0.0447186,1.78056
18,240,4.99817e-6,7.48622e-6,7.48622e-6,4.77746e-6,0.276322
18,264,5.08361e-10,1.0135e-9,1.0135e-9,5.10394e-10,-0.0238271
18,288,5.7406e-14,1.37211e-13,1.37211e-13,5.45274e-14,0.315762
18,289,199.905,166.972,166.972,166.201,1.21295
18,290,300.485,282.173,282.173,279.745,0.44346
18,293,292.334,287.359,287.359,280.311,0.256553
18,295,138.772,136.79,136.79,130.827,0.363214
18,312,0.211516,0.248835,0.248835,0.201234,0.305623
18,336,1.98133e-5,3.3688e-5,3.3688e-5,2.14986e-5,-0.468877
18,360,2.86741e-9,4.56077e-9,4.56077e-9,2.29677e-9,1.48606
18,384,2.0206e-13,6.1745e-13,6.1745e-13,2.45373e-13,-1.05582
18,385,215.986,166.972,166.972,166.201,1.79168
18,386,283.758,282.173,282.173,279.745,0.0858122
18,389,322.409,287.359,287.359,280.311,0.898296
18,391,158.426,136.79,136.79,130.827,1.26179
18,408,0.203686,0.248835,0.248835,0.201234,0.0728843
18,432,2.58636e-5,3.3688e-5,3.3688e-5,2.14986e-5,1.21442
18,456,2.58238e-9,4.56077e-9,4.56077e-9,2.29677e-9,0.743769
18,480,2.43617e-13,6.1745e-13,6.1745e-13,2.45373e-13,-0.0428208
18,481,217.383,166.972,166.972,166.201,1.84197
18,482,304.818,282.173,282.173,279.745,0.536085
18,485,389.078,287.359,287.359,280.311,2.32089
18,487,155.811,136.79,136.79,130.827,1.14224
18,504,0.199602,0.248835,0.248835,0.201234,-0.0485068
18,528,2.18074e-5,3.3688e-5,3.3688e-5,2.14986e-5,0.0859196
18,552,2.44052e-9,4.56077e-9,4.56077e-9,2.29677e-9,0.374343
18,576,2.30559e-13,6.1745e-13,6.1745e-13,2.45373e-13,-0.361118
18,577,176.544,166.972,166.972,166.201,0.372235
18,578,342.307,282.173,282.173,279.745,1.33765
18,581,269.908,287.359,287.359,280.311,-0.221985
18,583,141.962,136.79,136.79,130.827,0.509044
18,600,0.217108,0.248835,0.248835,0.201234,0.47183
18,624,2.48509e-5,3.3688e-5,3.3688e-5,2.14986e-5,0.932686
18,648,2.34659e-9,4.56077e-9,4.56077e-9,2.29677e-9,0.12972
19,0,0,0,0,0,0
19,1,23.8474,18.5524,18.5524,18.1252,1.88834
19,2,38.2463,31.3526,31.3526,30.0221,1.6385
19,5,36.4715,31.9288,31.9288,28.1957,1.75558
19,7,14.7645,15.1989,15.1989,12.1476,1.28851
19,24,0.00970459,0.0276484,0.0276484,0.00946448,0.151746
19,48,3.45412e-7,3.74311e-6,3.74311e-6,3.87059e-7,-0.643572
19,72,1.71547e-11,5.06752e-10,5.06752e-10,1.58291e-11,0.500877
19,96,5.61024e-16,6.86055e-14,6.86055e-14,6.47347e-16,-0.388766
19,97,42.1618,37.1048,37.1048,36.2504,0.975387
19,98,68.1897,62.7051,62.7051,60.0443,0.81141
19,101,66.5614,63.8575,63.8575,56.3914,1.0787
19,103,27.0462,30.3978,30.3978,24.2952,0.677293
19,120,0.0201147,0.0552967,0.0552967,0.018929,0.374673
19,144,7.7667e-7,7.48622e-6,7.48622e-6,7.74118e-7,0.0197215
19,168,3.18623e-11,1.0135e-9,1.0135e-9,3.16583e-11,0.0385475
20,0,0,0,0,0,0
20,1,23.5801,18.5524,18.5524,19.1484,1.38432
20,2,35.1412,31.3526,31.3526,33.2752,0.335426
20,5,45.885,31.9288,31.9288,37.9105,1.25819
20,7,26.5816,15.1989,15.1989,20.634,1.72405
20,24,0.146426,0.0276484,0.0276484,0.117244,1.48873
20,48,8.7793e-5,3.74311e-6,3.74311e-6,7.92473e-5,0.645001
20,72,5.20811e-8,5.06752e-10,5.06752e-10,5.35646e-8,-0.16565
20,96,2.746e-11,6.86055e-14,6.86055e-14,3.62052e-11,-1.44476
20,97,41.6038,37.1048,37.1048,38.2967,0.516513
20,98,65.6433,62.7051,62.7051,66.5503,-0.081517
20,101,90.7271,63.8575,63.8575,75.8209,1.17591
20,103,48.2154,30.3978,30.3978,41.268,1.00694
20,120,0.319296,0.0552967,0.0552967,0.234488,2.16327
20,144,0.00021781,7.48622e-6,7.48622e-6,0.000158495,2.23847
20,168,9.44729e-8,1.0135e-9,1.0135e-9,1.07129e-7,-0.706631
20,192,6.40411e-11,1.37211e-13,1.37211e-13,7.24104e-11,-0.691327
20,193,114.346,92.762,92.762,95.7418,1.16226
20,194,190.681,156.763,156.763,166.376,0.873785
20,197,205.778,159.644,159.644,189.552,0.511988
20,199,127.995,75.9945,75.9945,103.17,1.43922
20,216,0.662624,0.138242,0.138242,0.586221,0.779556
20,240,0.000476205,1.87156e-5,1.87156e-5,0.000396236,1.20715
20,264,2.72905e-7,2.53376e-9,2.53376e-9,2.67823e-7,0.1135
20,288,1.45288e-10,3.43028e-13,3.43028e-13,1.81026e-10,-1.18081
20,289,299.517,278.286,278.286,287.225,0.255975
20,290,562.577,470.288,470.288,499.127,0.760345
20,293,715.485,478.931,478.931,568.657,1.54438
20,295,344.352,227.984,227.984,309.51,0.67332
20,312,1.70574,0.414726,0.414726,1.75866,-0.179994
20,336,0.00151922,5.61467e-5,5.61467e-5,0.00118871,1.66303
20,360,7.14643e-7,7.60129e-9,7.60129e-9,8.03468e-7,-0.66125
20,384,3.26627e-10,1.02908e-12,1.02908e-12,5.43078e-10,-2.38392
20,385,360.779,278.286,278.286,287.225,1.53172
20,386,568.741,470.288,470.288,499.127,0.834213
20,389,613.059,478.931,478.931,568.657,0.467033
20,391,369.984,227.984,227.984,309.51,1.16866
20,408,1.64689,0.414726,0.414726,1.75866,-0.380151
20,432,0.00121674,5.61467e-5,5.61467e-5,0.00118871,0.141019
20,456,9.27001e-7,7.60129e-9,7.60129e-9,8.03468e-7,0.919618
20,480,4.74035e-10,1.02908e-12,1.02908e-12,5.43078e-10,-0.760418
20,481,310.594,278.286,278.286,287.225,0.486636
20,482,610.411,470.288,470.288,499.127,1.33357
20,485,658.355,478.931,478.931,568.657,0.943473
20,487,320.95,227.984,227.984,309.51,0.221068
20,504,1.92795,0.414726,0.414726,1.75866,0.575739
20,528,0.00108246,5.61467e-5,5.61467e-5,0.00118871,-0.534612
20,552,8.37763e-7,7.60129e-9,7.60129e-9,8.03468e-7,0.255303
20,576,5.48365e-10,1.02908e-12,1.02908e-12,5.43078e-10,0.058228
20,577,312.245,278.286,278.286,287.225,0.521022
20,578,600.606,470.288,470.288,499.127,1.21608
20,581,693.597,478.931,478.931,568.657,1.31415
20,583,330.774,227.984,227.984,309.51,0.410929
20,600,1.90658,0.414726,0.414726,1.75866,0.503084
20,624,0.00119026,5.61467e-5,5.61467e-5,0.00118871,0.00781924
20,648,8.77796e-7,7.60129e-9,7.60129e-9,8.03468e-7,0.553323
21,0,0,0,0,0,0
21,1,22.7086,18.5524,18.5524,19.9999,0.810072
21,2,41.8376,31.3526,31.3526,36.1598,0.939196
21,5,45.6233,31.9288,31.9288,48.2911,-0.330433
21,7,35.715,15.1989,15.1989,31.5269,0.794559
21,24,0.975123,0.0276484,0.0276484,0.840636,0.956906
21,48,0.00478099,3.74311e-6,3.74311e-6,0.00503948,-0.3068
21,72,3.31522e-5,5.06752e-10,5.06752e-10,3.02109e-5,0.582336
21,96,2.12226e-7,6.86055e-14,6.86055e-14,1.8111e-7,1.02765
21,97,44.8109,37.1048,37.1048,39.9999,0.719411
21,98,81.51,62.7051,62.7051,72.3195,0.760117
21,101,129.701,63.8575,63.8575,96.5822,2.05105
21,103,68.0509,30.3978,30.3978,63.0539,0.474017
21,120,1.68993,0.0552967,0.0552967,1.68127,0.0308014
21,144,0.00880987,7.48622e-6,7.48622e-6,0.010079,-0.753135
21,168,6.6711e-5,1.0135e-9,1.0135e-9,6.04218e-5,0.622582
21,192,2.80586e-7,1.37211e-13,1.37211e-13,3.62219e-7,-1.34801
21,193,122.481,92.762,92.762,99.9997,1.34468
21,194,193.878,156.763,156.763,180.799,0.432696
21,197,249.246,159.644,159.644,241.455,0.192984
21,199,197.729,75.9945,75.9945,157.635,1.52135
21,216,4.77907,0.138242,0.138242,4.20318,0.819515
21,240,0.0258115,1.87156e-5,1.87156e-5,0.0251974,0.14578
21,264,0.000136883,2.53376e-9,2.53376e-9,0.000151054,-0.56114
21,288,8.8353e-7,3.43028e-13,3.43028e-13,9.05548e-7,-0.145431
21,289,415.417,278.286,278.286,299.999,2.30116
21,290,592.384,470.288,470.288,542.396,0.55124
21,293,737.177,478.931,478.931,724.366,0.10578
21,295,541.499,227.984,227.984,472.904,0.867592
21,312,14.3094,0.414726,0.414726,12.6095,0.806325
21,336,0.0702615,5.61467e-5,5.61467e-5,0.0755922,-0.421799
21,360,0.000495767,7.60129e-9,7.60129e-9,0.000453163,0.562329
21,384,2.46902e-6,1.02908e-12,1.02908e-12,2.71664e-6,-0.545207
21,385,370.187,278.286,278.286,299.999,1.39938
21,386,599.404,470.288,470.288,542.396,0.628659
21,389,796.144,478.931,478.931,724.366,0.592692
21,391,538.024,227.984,227.984,472.904,0.823646
21,408,13.7431,0.414726,0.414726,12.6095,0.53769
21,432,0.0786441,5.61467e-5,5.61467e-5,0.0755922,0.241484
21,456,0.000431873,7.60129e-9,7.60129e-9,0.000453163,-0.281018
21,480,2.54743e-6,1.02908e-12,1.02908e-12,2.71664e-6,-0.372569
21,481,387.601,278.286,278.286,299.999,1.74657
21,482,679.987,470.288,470.288,542.396,1.51729
21,485,905.881,478.931,478.931,724.366,1.49883
21,487,575.745,227.984,227.984,472.904,1.30074
21,504,14.4118,0.414726,0.414726,12.6095,0.854904
21,528,0.083984,5.61467e-5,5.61467e-5,0.0755922,0.664007
21,552,0.000484738,7.60129e-9,7.60129e-9,0.000453163,0.416747
21,576,2.55492e-6,1.02908e-12,1.02908e-12,2.71664e-6,-0.356082
21,577,340.375,278.286,278.286,299.999,0.805004
21,578,743.626,470.288,470.288,542.396,2.21907
21,581,843.058,478.931,478.931,724.366,0.98007
21,583,439.942,227.984,227.984,472.904,-0.416909
21,600,13.6305,0.414726,0.414726,12.6095,0.48429
21,624,0.0754315,5.61467e-5,5.61467e-5,0.0755922,-0.0127149
21,648,0.000505754,7.60129e-9,7.60129e-9,0.000453163,0.694138
22,0,0,0,0,0,0
22,1,41.5574,37.1048,37.1048,37.3065,0.681547
22,2,60.6856,62.7051,62.7051,63.3448,-0.251094
22,5,80.1032,63.8575,63.8575,65.7495,1.30577
22,7,44.2869,30.3978,30.3978,32.0295,2.289
22,24,0.0724962,0.0552967,0.0552967,0.0708979,0.134838
22,48,1.26668e-5,7.48622e-6,7.48622e-6,1.26624e-5,0.00204106
22,72,2.23503e-9,1.0135e-9,1.0135e-9,2.26152e-9,-0.0700755
23,0,0,0,0,0,0
23,1,43.5525,37.1048,37.1048,36.6752,1.12161
23,2,70.7443,62.7051,62.7051,61.3573,0.915076
23,5,68.2421,63.8575,63.8575,59.9953,0.822172
23,7,31.0173,30.3978,30.3978,27.173,0.846218
23,24,0.0421307,0.0552967,0.0552967,0.0323821,1.80065
23,48,2.26791e-6,7.48622e-6,7.48622e-6,2.41292e-6,-0.359477
23,72,1.6797e-10,1.0135e-9,1.0135e-9,1.79797e-10,-0.393428
23,96,1.23074e-14,1.37211e-13,1.37211e-13,1.33974e-14,-0.486639
23,97,104.089,92.762,92.762,91.6879,0.809008
23,98,162.846,156.763,156.763,153.393,0.368583
23,101,186.579,159.644,159.644,149.988,1.45919
23,103,83.4482,75.9945,75.9945,67.9324,1.36614
23,120,0.0856592,0.138242,0.138242,0.0809554,0.347541
23,144,7.10326e-6,1.87156e-5,1.87156e-5,6.03231e-6,1.06189
23,168,4.18704e-10,2.53376e-9,2.53376e-9,4.49492e-10,-0.409693
23,192,3.1304e-14,3.43028e-13,3.43028e-13,3.34935e-14,-0.390994
23,193,213.689,185.524,185.524,183.376,0.988751
23,194,283.953,313.526,313.526,306.786,-0.445175
23,197,300.175,319.288,319.288,299.976,0.00395256
23,199,123.869,151.989,151.989,135.865,-0.528102
23,216,0.171177,0.276484,0.276484,0.161911,0.342329
23,240,1.12509e-5,3.74311e-5,3.74311e-5,1.20646e-5,-0.403408
23,264,9.14715e-10,5.06752e-9,5.06752e-9,8.98984e-10,0.104664
23,288,6.22364e-14,6.86055e-13,6.86055e-13,6.69869e-14,-0.424178
23,289,463.467,371.048,371.048,366.752,1.57731
23,290,616.43,627.051,627.051,613.573,0.0278519
23,293,589.12,638.575,638.575,599.953,-0.107998
23,295,323.628,303.978,303.978,271.73,1.14239
23,312,0.295146,0.552967,0.552967,0.323821,-0.529663
23,336,2.75814e-5,7.48622e-5,7.48622e-5,2.41292e-5,0.855744
23,360,1.81441e-9,1.0135e-8,1.0135e-8,1.79797e-9,0.0547071
24,0,0,0,0,0,0
24,1,44.6973,37.1048,37.1048,37.3563,1.17541
24,2,60.015,62.7051,62.7051,63.5034,-0.32857
24,5,91.2481,63.8575,63.8575,66.2246,2.26009
24,7,31.2145,30.3978,30.3978,32.4444,-0.226735
24,24,0.0787409,0.0552967,0.0552967,0.0753646,0.267962
24,48,1.54561e-5,7.48622e-6,7.48622e-6,1.44085e-5,0.434904
24,72,2.64847e-9,1.0135e-9,1.0135e-9,2.75466e-9,-0.230581
25,0,0,0,0,0,0
25,1,3.64602,3.71048,3.71048,3.33853,0.550895
25,2,6.61777,6.27051,6.27051,5.16903,1.6764
25,5,3.74671,6.38575,6.38575,3.68617,0.0982201
25,7,1.356,3.03978,3.03978,1.10816,1.3377
25,24,3.39649e-5,0.00552967,0.00552967,4.05363e-5,-0.969631
25,48,2.06955e-11,7.48622e-7,7.48622e-7,2.20893e-11,-0.377402
25,72,1.21179e-17,1.0135e-10,1.0135e-10,1.20371e-17,0.000364061
25,96,5.27908e-24,1.37211e-14,1.37211e-14,6.55932e-24,-5.76571e-9
25,97,21.0309,18.5524,18.5524,16.6926,1.55449
25,98,33.6183,31.3526,31.3526,25.8451,1.79892
25,101,22.3682,31.9288,31.9288,18.4309,1.27775
25,103,5.81359,15.1989,15.1989,5.54082,0.294453
25,120,0.000217804,0.0276484,0.0276484,0.000202681,0.446274
25,144,1.08689e-10,3.74311e-6,3.74311e-6,1.10447e-10,-0.095178
25,168,5.11193e-17,5.06752e-10,5.06752e-10,6.01853e-17,-0.0408298
25,192,2.58948e-23,6.86055e-14,6.86055e-14,3.27966e-23,-3.1083e-8
25,193,34.5845,37.1048,37.1048,33.3853,0.214856
25,194,52.6446,62.7051,62.7051,51.6903,0.110431
25,197,43.8162,63.8575,63.8575,36.8617,1.12846
25,199,13.279,30.3978,30.3978,11.0816,1.18604
25,216,0.000368607,0.0552967,0.0552967,0.000405363,-0.542348
25,240,2.43136e-10,7.48622e-6,7.48622e-6,2.20893e-10,0.602276
25,264,9.78957e-17,1.0135e-9,1.0135e-9,1.20371e-16,-0.101218
25,288,3.93091e-23,1.37211e-13,1.37211e-13,6.55932e-23,-1.18373e-7
25,289,183.283,166.972,166.972,150.234,1.31579
25,290,296.219,282.173,282.173,232.606,1.63577
25,293,205.624,287.359,287.359,165.878,1.43317
25,295,58.3265,136.79,136.79,49.8674,1.01462
25,312,0.00191386,0.248835,0.248835,0.00182413,0.294204
25,336,1.03557e-9,3.3688e-5,3.3688e-5,9.94019e-10,0.250053
25,360,5.0944e-16,4.56077e-9,4.56077e-9,5.41668e-16,-0.145143
25,384,2.55774e-22,6.1745e-13,6.1745e-13,2.9517e-22,-1.77424e-7
25,385,162.511,166.972,166.972,150.234,0.488786
25,386,291.605,282.173,282.173,232.606,1.5171
25,389,205.223,287.359,287.359,165.878,1.41871
25,391,44.0612,136.79,136.79,49.8674,-0.696417
25,408,0.00204006,0.248835,0.248835,0.00182413,0.708026
25,432,9.6798e-10,3.3688e-5,3.3688e-5,9.94019e-10,-0.156683
25,456,4.19262e-16,4.56077e-9,4.56077e-9,5.41668e-16,-0.551266
25,480,2.32355e-22,6.1745e-13,6.1745e-13,2.9517e-22,-2.82891e-7
25,481,171.954,166.972,166.972,150.234,0.864742
25,482,258.831,282.173,282.173,232.606,0.674356
25,485,163.18,287.359,287.359,165.878,-0.0972793
25,487,43.3117,136.79,136.79,49.8674,-0.786315
25,504,0.00199774,0.248835,0.248835,0.00182413,0.569251
25,528,9.93096e-10,3.3688e-5,3.3688e-5,9.94019e-10,-0.00555582
25,552,5.89989e-16,4.56077e-9,4.56077e-9,5.41668e-16,0.217619
25,576,2.4985e-22,6.1745e-13,6.1745e-13,2.9517e-22,-2.04102e-7
25,577,176.827,166.972,166.972,150.234,1.05878
25,578,275.564,282.173,282.173,232.606,1.10464
25,581,205.474,287.359,287.359,165.878,1.42778
25,583,68.5955,136.79,136.79,49.8674,2.24632
25,600,0.00185162,0.248835,0.248835,0.00182413,0.0901433
25,624,8.41468e-10,3.3688e-5,3.3688e-5,9.94019e-10,-0.917942
25,648,5.54374e-16,4.56077e-9,4.56077e-9,5.41668e-16,0.057224
26,0,0,0,0,0,0
26,1,5.61971,3.71048,3.71048,3.84839,2.75305
26,2,8.93959,6.27051,6.27051,6.71684,1.97935
26,5,8.77625,6.38575,6.38575,7.78794,0.759041
26,7,5.12728,3.03978,3.03978,4.32673,1.10669
26,24,0.035595,0.00552967,0.00552967,0.0292702,1.29246
26,48,2.77355e-5,7.48622e-7,7.48622e-7,2.53088e-5,0.573529
26,72,1.81139e-8,1.0135e-10,1.0135e-10,2.18835e-8,-1.03033
26,96,1.64633e-11,1.37211e-14,1.37211e-14,1.89218e-11,-0.777131
26,97,19.6822,18.5524,18.5524,19.2419,0.136862
26,98,38.1675,31.3526,31.3526,33.5842,0.816282
26,101,47.0902,31.9288,31.9288,38.9397,1.25195
26,103,23.2081,15.1989,15.1989,21.6336,0.43531
26,120,0.184691,0.0276484,0.0276484,0.146351,1.56695
26,144,0.000135832,3.74311e-6,3.74311e-6,0.000126544,0.43902
26,168,1.02257e-7,5.06752e-10,5.06752e-10,1.09417e-7,-0.391419
26,192,9.06456e-11,6.86055e-14,6.86055e-14,9.46089e-11,-0.250568
26,193,44.2335,37.1048,37.1048,38.4839,0.893625
26,194,67.4367,62.7051,62.7051,67.1684,0.0238955
26,197,102.571,63.8575,63.8575,77.8794,1.89639
26,199,56.474,30.3978,30.3978,43.2673,1.82571
26,216,0.322464,0.0552967,0.0552967,0.292702,0.608196
26,240,0.000277883,7.48622e-6,7.48622e-6,0.000253088,0.586008
26,264,2.54042e-7,1.0135e-9,1.0135e-9,2.18835e-7,0.962289
26,288,1.7728e-10,1.37211e-13,1.37211e-13,1.89218e-10,-0.377353
26,289,193.708,166.972,166.972,173.177,0.709093
26,290,393.605,282.173,282.173,302.258,1.80765
26,293,489.98,287.359,287.359,350.457,2.38126
26,295,248.509,136.79,136.79,194.703,1.65294
26,312,1.50337,0.248835,0.248835,1.31716,0.845611
26,336,0.00100335,3.3688e-5,3.3688e-5,0.00113889,-0.711869
26,360,8.01124e-7,4.56077e-9,4.56077e-9,9.84757e-7,-1.11536
26,384,1.01436e-9,6.1745e-13,6.1745e-13,8.5148e-10,1.14418
26,385,210.706,166.972,166.972,173.177,1.29618
26,386,320.573,282.173,282.173,302.258,0.362442
26,389,383.753,287.359,287.359,350.457,0.568271
26,391,282.242,136.79,136.79,194.703,2.68923
26,408,1.25988,0.248835,0.248835,1.31716,-0.260123
26,432,0.00122703,3.3688e-5,3.3688e-5,0.00113889,0.462893
26,456,1.06958e-6,4.56077e-9,4.56077e-9,9.84757e-7,0.515203
26,480,7.06087e-10,6.1745e-13,6.1745e-13,8.5148e-10,-1.02133
26,481,182.586,166.972,166.972,173.177,0.324944
26,482,380.055,282.173,282.173,302.258,1.53952
26,485,387.66,287.359,287.359,350.457,0.634951
26,487,207.046,136.79,136.79,194.703,0.379196
26,504,1.48684,0.248835,0.248835,1.31716,0.770558
26,528,0.00107494,3.3688e-5,3.3688e-5,0.00113889,-0.335858
26,552,1.05299e-6,4.56077e-9,4.56077e-9,9.84757e-7,0.41443
26,576,9.38385e-10,6.1745e-13,6.1745e-13,8.5148e-10,0.610469
26,577,204.492,166.972,166.972,173.177,1.08156
26,578,280.421,282.173,282.173,302.258,-0.432114
26,581,412.734,287.359,287.359,350.457,1.06288
26,583,218.81,136.79,136.79,194.703,0.740571
26,600,1.44563,0.248835,0.248835,1.31716,0.58338
26,624,0.00127218,3.3688e-5,3.3688e-5,0.00113889,0.700001
26,648,8.21091e-7,4.56077e-9,4.56077e-9,9.84757e-7,-0.994088
27,0,0,0,0,0,0
27,1,3.1364,3.71048,3.71048,3.28919,-0.277843
27,2,6.00337,6.27051,6.27051,5.0338,1.15207
27,5,4.50429,6.38575,6.38575,3.4211,1.89381
27,7,1.04493,3.03978,3.03978,0.962461,0.512511
27,24,2.19006e-5,0.00552967,0.00552967,2.00322e-5,0.557861
27,48,5.86002e-12,7.48622e-7,7.48622e-7,4.92421e-12,1.13671
27,72,9.69704e-19,1.0135e-10,1.0135e-10,1.21044e-18,-0.00108418
27,96,2.12628e-25,1.37211e-14,1.37211e-14,2.97543e-25,-3.82427e-10
27,97,18.9776,18.5524,18.5524,16.446,0.920756
27,98,34.7085,31.3526,31.3526,25.169,2.26701
27,101,21.307,31.9288,31.9288,17.1055,1.46914
27,103,5.55383,15.1989,15.1989,4.8123,0.921659
27,120,0.000122466,0.0276484,0.0276484,0.000100161,1.33199
27,144,2.31723e-11,3.74311e-6,3.74311e-6,2.4621e-11,-0.351946
27,168,4.6031e-18,5.06752e-10,5.06752e-10,6.0522e-18,-0.00652616
27,192,9.56095e-25,6.86055e-14,6.86055e-14,1.48772e-24,-2.39421e-9
27,193,42.1451,37.1048,37.1048,32.8919,1.68267
27,194,66.2979,62.7051,62.7051,50.338,1.8964
27,197,37.8161,63.8575,63.8575,34.211,0.630296
27,199,10.4997,30.3978,30.3978,9.62461,0.543835
27,216,0.000189946,0.0552967,0.0552967,0.000200322,-0.309811
27,240,4.81014e-11,7.48622e-6,7.48622e-6,4.92421e-11,-0.13855
27,264,9.18299e-18,1.0135e-9,1.0135e-9,1.21044e-17,-0.0131568
27,288,2.23985e-24,1.37211e-13,1.37211e-13,2.97543e-24,-3.31277e-9
27,289,143.675,166.972,166.972,148.014,-0.175312
27,290,330.384,282.173,282.173,226.521,2.7425
27,293,193.412,287.359,287.359,153.95,1.53322
27,295,43.7607,136.79,136.79,43.3107,0.0621372
27,312,0.000854847,0.248835,0.248835,0.000901451,-0.309224
27,336,2.21002e-10,3.3688e-5,3.3688e-5,2.21589e-10,-0.0158669
27,360,4.79293e-17,4.56077e-9,4.56077e-9,5.44698e-17,-0.0294559
27,384,9.17503e-24,6.1745e-13,6.1745e-13,1.33894e-23,-1.898e-8
27,385,157.937,166.972,166.972,148.014,0.401011
27,386,257.015,282.173,282.173,226.521,0.805185
27,389,190.008,287.359,287.359,153.95,1.40094
27,391,49.7862,136.79,136.79,43.3107,0.89428
27,408,0.000945541,0.248835,0.248835,0.000901451,0.29255
27,432,2.08102e-10,3.3688e-5,3.3688e-5,2.21589e-10,-0.364053
27,456,4.10545e-17,4.56077e-9,4.56077e-9,5.44698e-17,-0.0604172
27,480,9.43197e-24,6.1745e-13,6.1745e-13,1.33894e-23,-1.78229e-8
27,481,183.578,166.972,166.972,148.014,1.43719
27,482,286.084,282.173,282.173,226.521,1.57277
27,485,141.948,287.359,287.359,153.95,-0.466291
27,487,42.8264,136.79,136.79,43.3107,-0.0668823
27,504,0.000907239,0.248835,0.248835,0.000901451,0.0384023
27,528,1.69324e-10,3.3688e-5,3.3688e-5,2.21589e-10,-1.4108
27,552,3.62866e-17,4.56077e-9,4.56077e-9,5.44698e-17,-0.0818898
27,576,1.08892e-23,6.1745e-13,6.1745e-13,1.33894e-23,-1.126e-8
27,577,161.708,166.972,166.972,148.014,0.553383
27,578,252.626,282.173,282.173,226.521,0.689313
27,581,143.885,287.359,287.359,153.95,-0.391015
27,583,47.9688,136.79,136.79,43.3107,0.643284
27,600,0.00100312,0.248835,0.248835,0.000901451,0.674584
27,624,1.94712e-10,3.3688e-5,3.3688e-5,2.21589e-10,-0.725503
27,648,4.32594e-17,4.56077e-9,4.56077e-9,5.44698e-17,-0.0504872
28,0,0,0,0,0,0
28,1,4.67592,3.71048,3.71048,3.5816,1.82752
28,2,7.2714,6.27051,6.27051,5.87219,1.42521
28,5,6.24734,6.38575,6.38575,5.29157,1.08035
28,7,2.74931,3.03978,3.03978,2.16433,1.61663
28,24,0.00127112,0.00552967,0.00552967,0.00108418,1.03132
28,48,2.20372e-8,7.48622e-7,7.48622e-7,2.37664e-8,-0.435178
28,72,4.95636e-13,1.0135e-10,1.0135e-10,5.20986e-13,-0.291033
28,96,1.25565e-17,1.37211e-14,1.37211e-14,1.14206e-17,0.00511548
28,97,19.8548,18.5524,18.5524,17.908,0.650244
28,98,36.2412,31.3526,31.3526,29.3609,1.40163
28,101,29.8143,31.9288,31.9288,26.4578,0.75879
28,103,12.3141,15.1989,15.1989,10.8216,0.824901
28,120,0.00621549,0.0276484,0.0276484,0.00542089,0.876744
28,144,1.13583e-7,3.74311e-6,3.74311e-6,1.18832e-7,-0.26421
28,168,2.68563e-12,5.06752e-10,5.06752e-10,2.60493e-12,0.185303
28,192,5.30347e-17,6.86055e-14,6.86055e-14,5.7103e-17,-0.0183218
28,193,44.0508,37.1048,37.1048,35.816,1.37522
28,194,76.0767,62.7051,62.7051,58.7219,1.76773
28,197,63.0588,63.8575,63.8575,52.9157,1.14652
28,199,22.7332,30.3978,30.3978,21.6433,0.301206
28,216,0.00824125,0.0552967,0.0552967,0.0108418,-1.43469
28,240,2.35712e-7,7.48622e-6,7.48622e-6,2.37664e-7,-0.0491297
28,264,5.18378e-12,1.0135e-9,1.0135e-9,5.20986e-12,-0.0299456
28,288,9.90511e-17,1.37211e-13,1.37211e-13,1.14206e-16,-0.0682513
28,289,197.252,166.972,166.972,161.172,1.33899
28,290,273.43,282.173,282.173,264.248,0.207817
28,293,262.612,287.359,287.359,238.121,0.615195
28,295,125.345,136.79,136.79,97.3948,1.71648
28,312,0.0508133,0.248835,0.248835,0.048788,0.248291
28,336,1.08993e-6,3.3688e-5,3.3688e-5,1.06949e-6,0.11434
28,360,2.40475e-11,4.56077e-9,4.56077e-9,2.34444e-11,0.153863
28,384,4.45054e-16,6.1745e-13,6.1745e-13,5.13927e-16,-0.310176
28,385,200.556,166.972,166.972,161.172,1.46158
28,386,295.268,282.173,282.173,264.248,0.702144
28,389,281.309,287.359,287.359,238.121,1.08484
28,391,106.024,136.79,136.79,97.3948,0.529964
28,408,0.0419613,0.248835,0.248835,0.048788,-0.836947
28,432,1.055e-6,3.3688e-5,3.3688e-5,1.06949e-6,-0.0810543
28,456,2.58516e-11,4.56077e-9,4.56077e-9,2.34444e-11,0.614141
28,480,4.58931e-16,6.1745e-13,6.1745e-13,5.13927e-16,-0.24768
28,481,198.081,166.972,166.972,161.172,1.36976
28,482,352.822,282.173,282.173,264.248,2.00488
28,485,281.671,287.359,287.359,238.121,1.09394
28,487,108.335,136.79,136.79,97.3948,0.671876
28,504,0.0628624,0.248835,0.248835,0.048788,1.72548
28,528,1.19862e-6,3.3688e-5,3.3688e-5,1.06949e-6,0.722211
28,552,2.02361e-11,4.56077e-9,4.56077e-9,2.34444e-11,-0.818527
28,576,4.28513e-16,6.1745e-13,6.1745e-13,5.13927e-16,-0.384671
28,577,222.203,166.972,166.972,161.172,2.26492
28,578,256.026,282.173,282.173,264.248,-0.186124
28,581,281.263,287.359,287.359,238.121,1.08369
28,583,84.2052,136.79,136.79,97.3948,-0.810014
28,600,0.0536244,0.248835,0.248835,0.048788,0.592931
28,624,1.03603e-6,3.3688e-5,3.3688e-5,1.06949e-6,-0.187144
28,648,2.26007e-11,4.56077e-9,4.56077e-9,2.34444e-11,-0.215233
29,0,0,0,0,0,0
29,1,4.83523,3.71048,3.71048,3.754,1.72275
29,2,7.26235,6.27051,6.27051,6.40909,0.796311
29,5,7.70573,6.38575,6.38575,6.80047,0.796209
29,7,4.1796,3.03978,3.03978,3.4018,1.36758
29,24,0.00961109,0.00552967,0.00552967,0.00943313,0.112838
29,48,2.23472e-6,7.48622e-7,7.48622e-7,2.31579e-6,-0.209378
29,72,6.28552e-10,1.0135e-10,1.0135e-10,5.68513e-10,0.631663
29,96,1.35797e-13,1.37211e-14,1.37211e-14,1.39567e-13,-0.16159
29,97,21.9952,18.5524,18.5524,18.77,1.02777
29,98,39.5095,31.3526,31.3526,32.0454,1.39317
29,101,35.8577,31.9288,31.9288,34.0024,0.326373
29,103,20.7625,15.1989,15.1989,17.009,1.31995
29,120,0.053459,0.0276484,0.0276484,0.0471657,0.798085
29,144,1.31119e-5,3.74311e-6,3.74311e-6,1.15789e-5,0.791888
29,168,3.26532e-9,5.06752e-10,5.06752e-10,2.84257e-9,0.889551
29,192,6.88906e-13,6.86055e-14,6.86055e-14,6.97836e-13,-0.0765372
29,193,46.3398,37.1048,37.1048,37.54,1.40209
29,194,74.0703,62.7051,62.7051,64.0909,0.931334
29,197,71.5556,63.8575,63.8575,68.0047,0.312309
29,199,41.0118,30.3978,30.3978,34.018,1.2297
29,216,0.10825,0.0552967,0.0552967,0.0943313,0.882549
29,240,2.6438e-5,7.48622e-6,7.48622e-6,2.31579e-5,0.84721
29,264,5.21606e-9,1.0135e-9,1.0135e-9,5.68513e-9,-0.493511
29,288,1.33655e-12,1.37211e-13,1.37211e-13,1.39567e-12,-0.253388
29,289,194.612,166.972,166.972,168.93,0.909328
29,290,355.023,282.173,282.173,288.409,1.38152
29,293,360.605,287.359,287.359,306.021,1.06685
29,295,176.058,136.79,136.79,153.081,0.897751
29,312,0.432974,0.248835,0.248835,0.424491,0.119533
29,336,9.18114e-5,3.3688e-5,3.3688e-5,0.00010421,-0.711654
29,360,2.66466e-8,4.56077e-9,4.56077e-9,2.55831e-8,0.248641
29,384,5.5378e-12,6.1745e-13,6.1745e-13,6.28052e-12,-0.707339
29,385,218.047,166.972,166.972,168.93,1.73911
29,386,334.135,282.173,282.173,288.409,0.948309
29,389,329.866,287.359,287.359,306.021,0.466052
29,391,174.126,136.79,136.79,153.081,0.822296
29,408,0.463354,0.248835,0.248835,0.424491,0.547599
29,432,0.000120133,3.3688e-5,3.3688e-5,0.00010421,0.913888
29,456,2.54916e-8,4.56077e-9,4.56077e-9,2.55831e-8,-0.0213919
29,480,6.06372e-12,6.1745e-13,6.1745e-13,6.28052e-12,-0.206467
29,481,164.313,166.972,166.972,168.93,-0.16347
29,482,310.796,282.173,282.173,288.409,0.464294
29,485,359.056,287.359,287.359,306.021,1.03658
29,487,206.37,136.79,136.79,153.081,2.08214
29,504,0.520868,0.248835,0.248835,0.424491,1.358
29,528,0.000110527,3.3688e-5,3.3688e-5,0.00010421,0.362558
29,552,2.10839e-8,4.56077e-9,4.56077e-9,2.55831e-8,-1.05191
29,576,6.6563e-12,6.1745e-13,6.1745e-13,6.28052e-12,0.35788
29,577,195.328,166.972,166.972,168.93,0.934672
29,578,292.348,282.173,282.173,288.409,0.0816973
29,581,335.418,287.359,287.359,306.021,0.574576
29,583,185.257,136.79,136.79,153.081,1.25719
29,600,0.478507,0.248835,0.248835,0.424491,0.76111
29,624,0.000101156,3.3688e-5,3.3688e-5,0.00010421,-0.175324
29,648,2.04737e-8,4.56077e-9,4.56077e-9,2.55831e-8,-1.19457
30,0,0,0,0,0,0
30,1,5.45161,3.71048,3.71048,4.08024,2.0103
30,2,9.29908,6.27051,6.27051,7.5152,1.41979
30,5,13.1232,6.38575,6.38575,10.8104,1.27964
30,7,10.0941,3.03978,3.03978,7.66146,1.89915
30,24,0.41693,0.00552967,0.00552967,0.410483,0.0939332
30,48,0.00708102,7.48622e-7,7.48622e-7,0.00659052,0.445164
30,72,0.000109142,1.0135e-10,1.0135e-10,0.000105814,0.188095
30,96,1.61576e-6,1.37211e-14,1.37211e-14,1.6989e-6,-0.292704
30,97,25.902,18.5524,18.5524,20.4012,1.61275
30,98,43.0497,31.3526,31.3526,37.576,0.871294
30,101,63.5026,31.9288,31.9288,54.0522,1.04577
30,103,49.8682,15.1989,15.1989,38.3073,1.80512
30,120,2.1955,0.0276484,0.0276484,2.05242,0.416979
30,144,0.0362547,3.74311e-6,3.74311e-6,0.0329526,0.599372
30,168,0.000566122,5.06752e-10,5.06752e-10,0.000529071,0.418872
30,192,8.03611e-6,6.86055e-14,6.86055e-14,8.4945e-6,-0.322773
30,193,51.0657,37.1048,37.1048,40.8025,1.50451
30,194,79.3498,62.7051,62.7051,75.152,0.334102
30,197,136.353,63.8575,63.8575,108.104,1.56295
30,199,86.6418,30.3978,30.3978,76.6146,0.78282
30,216,4.4776,0.0552967,0.0552967,4.10483,0.543173
30,240,0.0551857,7.48622e-6,7.48622e-6,0.0659052,-0.972859
30,264,0.00105518,1.0135e-9,1.0135e-9,0.00105814,-0.0167179
30,288,1.76022e-5,1.37211e-13,1.37211e-13,1.6989e-5,0.215905
30,289,246.793,166.972,166.972,183.611,2.0582
30,290,389.682,282.173,282.173,338.184,0.910817
30,293,517.913,287.359,287.359,486.469,0.386613
30,295,423.588,136.79,136.79,344.766,1.36747
30,312,19.8403,0.248835,0.248835,18.4717,0.443161
30,336,0.296136,3.3688e-5,3.3688e-5,0.296573,-0.00881719
30,360,0.00451112,4.56077e-9,4.56077e-9,0.00476164,-0.314684
30,384,7.0638e-5,6.1745e-13,6.1745e-13,7.64505e-5,-0.45476
30,385,204.026,166.972,166.972,183.611,0.665034
30,386,380.605,282.173,282.173,338.184,0.750289
30,389,513.511,287.359,287.359,486.469,0.332481
30,391,434.7,136.79,136.79,344.766,1.56026
30,408,20.1412,0.248835,0.248835,18.4717,0.540593
30,432,0.324328,3.3688e-5,3.3688e-5,0.296573,0.559757
30,456,0.00559155,4.56077e-9,4.56077e-9,0.00476164,1.04249
30,480,7.80032e-5,6.1745e-13,6.1745e-13,7.64505e-5,0.12148
30,481,236.271,166.972,166.972,183.611,1.71544
30,482,402.515,282.173,282.173,338.184,1.1378
30,485,515.277,287.359,287.359,486.469,0.354193
30,487,423.141,136.79,136.79,344.766,1.35972
30,504,21.745,0.248835,0.248835,18.4717,1.0599
30,528,0.386126,3.3688e-5,3.3688e-5,0.296573,1.8061
30,552,0.00452788,4.56077e-9,4.56077e-9,0.00476164,-0.293631
30,576,6.73722e-5,6.1745e-13,6.1745e-13,7.64505e-5,-0.710264
30,577,198.3,166.972,166.972,183.611,0.478518
30,578,388.584,282.173,282.173,338.184,0.891408
30,581,517.441,287.359,287.359,486.469,0.380806
30,583,401.236,136.79,136.79,344.766,0.979691
30,600,21.0248,0.248835,0.248835,18.4717,0.826711
30,624,0.33228,3.3688e-5,3.3688e-5,0.296573,0.720139
30,648,0.00473823,4.56077e-9,4.56077e-9,0.00476164,-0.0294056