id,time,y2,popPred_medianCOV,popPred,indivPred_SAEM,indWRes_SAEM
1,0,0,0,0,0,0
1,1,98.313,85.4622,85.4622,93.713,0.27173
1,2,287.143,149.417,149.417,212.879,1.93118
1,5,278.53,176.186,176.186,291.023,-0.237636
1,7,262.039,141.881,141.881,229.86,0.774971
1,24,10.9203,8.26756,8.26756,9.70769,0.691456
1,48,0.0870431,0.114276,0.114276,0.0869832,0.00381057
1,72,0.00070768,0.00157608,0.00157608,0.000773738,-0.472608
1,96,8.92585e-6,2.18494e-5,2.18494e-5,6.94917e-6,1.57462
1,97,18.5553,11.6179,11.6179,22.3591,-0.941759
1,98,65.3186,37.4639,37.4639,70.76,-0.425687
1,101,219.051,122.732,122.732,219.218,-0.00421153
1,103,215.726,124.654,124.654,209.916,0.153223
1,120,10.5522,9.81058,9.81058,11.2692,-0.352195
1,144,0.0840734,0.137627,0.137627,0.100268,-0.894067
1,168,0.000850545,0.00189867,0.00189867,0.000879447,-0.181922
1,192,9.02833e-6,2.60927e-5,2.60927e-5,7.72325e-6,0.93543
1,193,31.2797,14.8526,14.8526,26.0343,1.11533
1,194,94.3492,47.9086,47.9086,82.477,0.796838
1,197,277.161,159.214,159.214,258.129,0.408162
1,199,275.998,163.506,163.506,251.753,0.533112
1,216,13.4646,13.2041,13.2041,13.9643,-0.198107
1,240,0.115287,0.185704,0.185704,0.126857,-0.504877
1,264,0.00115272,0.00256071,0.00256071,0.00113193,0.101635
1,288,1.27347e-5,3.52479e-5,3.52479e-5,9.95607e-6,1.54497
1,289,31.4567,21.6629,21.6629,35.533,-0.635041
1,290,133.787,69.7509,69.7509,112.388,1.05403
1,293,364.259,233.596,233.596,353.532,0.167977
1,295,368.514,240.862,240.862,346.402,0.353362
1,312,19.0103,19.802,19.802,19.3596,-0.0998606
1,336,0.180896,0.28059,0.28059,0.173729,0.228374
1,360,0.00141238,0.00389252,0.00389252,0.0015444,-0.473209
1,384,1.43265e-5,5.38942e-5,5.38942e-5,1.36236e-5,0.285612
1,385,27.0912,17.5579,17.5579,26.8445,0.0508818
1,386,74.3234,56.5946,56.5946,85.0355,-0.697341
1,389,263.292,190.222,190.222,270.981,-0.157074
1,391,241.624,198.271,198.271,268.52,-0.554496
1,408,11.6738,16.6564,16.6564,15.4949,-1.36514
1,432,0.138359,0.236585,0.236585,0.140212,-0.0731539
1,456,0.0011002,0.00328202,0.00328202,0.00125611,-0.687116
1,480,1.08915e-5,4.86692e-5,4.86692e-5,1.12485e-5,-0.175696
1,481,22.2413,15.8418,15.8418,23.181,-0.224405
1,482,77.8544,51.0793,51.0793,73.4655,0.330703
1,485,226.114,172.903,172.903,236.754,-0.248772
1,487,222.317,180.492,180.492,235.178,-0.302717
1,504,15.2244,15.2649,15.2649,13.6814,0.624308
1,528,0.127307,0.21435,0.21435,0.125346,0.0866114
1,552,0.00100792,0.00292559,0.00292559,0.00113114,-0.603028
1,576,1.01781e-5,4.01328e-5,4.01328e-5,1.02465e-5,-0.0369405
1,577,26.1033,14.8342,14.8342,20.9996,1.3454
1,578,81.0669,47.8377,47.8377,66.5682,1.20569
1,581,235.096,161.843,161.843,214.623,0.528068
1,583,174.508,169.253,169.253,213.701,-1.01526
1,600,11.6741,14.433,14.433,12.5087,-0.369374
1,624,0.114674,0.204986,0.204986,0.113416,0.0614135
1,648,0.00103203,0.00284517,0.00284517,0.00101394,0.0987644
2,0,0,0,0,0,0
2,1,21.3062,85.4622,85.4622,26.6285,-1.10643
2,2,22.6103,149.417,149.417,35.5055,-2.01051
2,5,24.9699,176.186,176.186,40.7353,-2.14243
2,7,26.7343,141.881,141.881,34.6437,-1.26384
2,24,1.59598,8.26756,8.26756,2.42162,-1.88737
2,48,0.014925,0.114276,0.114276,0.0289627,-2.68306
2,72,0.000121919,0.00157608,0.00157608,0.000290641,-3.21358
2,96,7.72691e-6,2.18494e-5,2.18494e-5,2.66779e-6,10.4977
2,97,4.17361,11.6179,11.6179,3.92664,0.348171
2,98,14.912,37.4639,37.4639,13.0549,0.787447
2,101,47.9274,122.732,122.732,47.0639,0.101561
2,103,47.5953,124.654,124.654,51.8383,-0.453101
2,120,5.48693,9.81058,9.81058,5.90831,-0.394805
2,144,0.0457749,0.137627,0.137627,0.0785321,-2.30905
2,168,0.00039297,0.00189867,0.00189867,0.000808794,-2.84607
2,192,1.5009e-5,2.60927e-5,2.60927e-5,7.80509e-6,5.10931
2,193,7.03957,14.8526,14.8526,5.97171,0.98989
2,194,20.6434,47.9086,47.9086,19.8593,0.218567
2,197,84.9026,159.214,159.214,73.0004,0.902562
2,199,84.4069,163.506,163.506,81.4818,0.198726
2,216,8.62422,13.2041,13.2041,9.82394,-0.676033
2,240,0.0916701,0.185704,0.185704,0.132605,-1.70888
2,264,0.000573654,0.00256071,0.00256071,0.00136715,-3.21294
2,288,6.12696e-6,3.52479e-5,3.52479e-5,1.34623e-5,-3.01631
2,289,11.1952,21.6629,21.6629,10.3872,0.430598
2,290,34.7986,69.7509,69.7509,34.4638,0.0537833
2,293,154.745,233.596,233.596,126.182,1.25308
2,295,143.104,240.862,240.862,141.733,0.0535574
2,312,15.7273,19.802,19.802,17.5833,-0.584315
2,336,0.165857,0.28059,0.28059,0.238497,-1.68602
2,360,0.0012493,0.00389252,0.00389252,0.00248793,-2.75597
2,384,1.66284e-5,5.38942e-5,5.38942e-5,2.39363e-5,-1.69009
2,385,12.179,17.5579,17.5579,9.88473,1.28483
2,386,44.8907,56.5946,56.5946,32.8067,2.03902
2,389,117.626,190.222,190.222,120.634,-0.138045
2,391,175.045,198.271,198.271,135.838,1.5978
2,408,15.7123,16.6564,16.6564,17.0446,-0.432696
2,432,0.16188,0.236585,0.236585,0.23184,-1.67047
2,456,0.00132237,0.00328202,0.00328202,0.00239989,-2.48546
2,480,1.28211e-5,4.86692e-5,4.86692e-5,2.27759e-5,-2.41952
2,481,11.4329,15.8418,15.8418,9.70279,0.987085
2,482,36.4301,51.0793,51.0793,32.205,0.726248
2,485,126.39,172.903,172.903,119.81,0.304023
2,487,175.025,180.492,180.492,134.294,1.67899
2,504,14.4458,15.2649,15.2649,16.848,-0.789303
2,528,0.164437,0.21435,0.21435,0.229392,-1.56749
2,552,0.0013189,0.00292559,0.00292559,0.00236875,-2.45348
2,576,8.87023e-6,4.01328e-5,4.01328e-5,2.2356e-5,-3.3393
2,577,11.0833,14.8342,14.8342,9.60699,0.85068
2,578,42.1642,47.8377,47.8377,31.8878,1.78397
2,581,129.539,161.843,161.843,118.557,0.512811
2,583,153.501,169.253,169.253,132.971,0.854692
2,600,16.0039,14.433,14.433,16.7157,-0.235718
2,624,0.168061,0.204986,0.204986,0.227455,-1.44552
2,648,0.00133989,0.00284517,0.00284517,0.00235645,-2.38808
3,0,0,0,0,0,0
3,1,120.795,85.4622,85.4622,102.465,0.990303
3,2,237.395,149.417,149.417,194.887,1.20745
3,5,273.852,176.186,176.186,229.927,1.05754
3,7,188.618,141.881,141.881,177.55,0.345071
3,24,6.44162,8.26756,8.26756,7.47772,-0.767022
3,48,0.0650532,0.114276,0.114276,0.0735314,-0.638276
3,72,0.000661021,0.00157608,0.00157608,0.000720902,-0.459817
3,96,7.25817e-6,2.18494e-5,2.18494e-5,7.13931e-6,0.0921557
3,97,20.6286,11.6179,11.6179,18.3265,0.695378
3,98,66.4029,37.4639,37.4639,57.0892,0.903113
3,101,173.159,122.732,122.732,169.882,0.106781
3,103,139.596,124.654,124.654,158.27,-0.653153
3,120,6.05744,9.81058,9.81058,7.98038,-1.33388
3,144,0.0769162,0.137627,0.137627,0.0772083,-0.0209415
3,168,0.000627755,0.00189867,0.00189867,0.000744995,-0.871155
3,192,7.80673e-6,2.60927e-5,2.60927e-5,7.21206e-6,0.456442
3,193,22.1804,14.8526,14.8526,22.5259,-0.0849106
3,194,67.1431,47.9086,47.9086,70.2344,-0.243649
3,197,176.484,159.214,159.214,212.676,-0.942041
3,199,220.101,163.506,163.506,200.441,0.542981
3,216,9.70631,13.2041,13.2041,10.3288,-0.333639
3,240,0.113399,0.185704,0.185704,0.100658,0.700659
3,264,0.000789936,0.00256071,0.00256071,0.000978826,-1.06826
3,288,1.70136e-5,3.52479e-5,3.52479e-5,9.40901e-6,4.47412
3,289,32.4669,21.6629,21.6629,31.6658,0.140044
3,290,103.613,69.7509,69.7509,98.5911,0.281954
3,293,329.389,233.596,233.596,299.976,0.54278
3,295,309.445,240.862,240.862,283.81,0.500008
3,312,14.7213,19.802,19.802,14.7801,-0.0220339
3,336,0.117053,0.28059,0.28059,0.145586,-1.08494
3,360,0.00124431,0.00389252,0.00389252,0.00142729,-0.709693
3,384,1.24309e-5,5.38942e-5,5.38942e-5,1.39179e-5,-0.591437
3,385,26.0463,17.5579,17.5579,24.6589,0.311448
3,386,84.9784,56.5946,56.5946,76.8951,0.581916
3,389,272.118,190.222,190.222,235.742,0.854194
3,391,224.219,198.271,198.271,225.869,-0.0404243
3,408,11.3855,16.6564,16.6564,11.9839,-0.276384
3,432,0.128481,0.236585,0.236585,0.117948,0.494364
3,456,0.00108878,0.00328202,0.00328202,0.00115642,-0.323775
3,480,9.3075e-6,4.86692e-5,4.86692e-5,1.12797e-5,-0.967898
3,481,23.8233,15.8418,15.8418,21.703,0.540835
3,482,55.6413,51.0793,51.0793,67.7092,-0.986637
3,485,220.507,172.903,172.903,209.717,0.284834
3,487,212.349,180.492,180.492,201.275,0.304564
3,504,12.1188,15.2649,15.2649,10.7303,0.716303
3,528,0.0813321,0.21435,0.21435,0.103689,-1.19357
3,552,0.00076212,0.00292559,0.00292559,0.000997905,-1.30798
3,576,1.10054e-5,4.01328e-5,4.01328e-5,9.65661e-6,0.773198
3,577,22.5691,14.8342,14.8342,19.9463,0.727911
3,578,72.9112,47.8377,47.8377,62.2427,0.94883
3,581,219.85,161.843,161.843,192.417,0.789256
3,583,159.755,169.253,169.253,185.051,-0.75671
3,600,8.59964,14.433,14.433,9.84719,-0.701325
3,624,0.0874321,0.204986,0.204986,0.0955078,-0.468077
3,648,0.00082172,0.00284517,0.00284517,0.000922435,-0.604415
4,0,0,0,0,0,0
4,1,126.191,85.4622,85.4622,123.158,0.136328
4,2,279.592,149.417,149.417,277.216,0.0474414
4,5,445.285,176.186,176.186,407.592,0.511935
4,7,352.284,141.881,141.881,356.996,-0.0730733
4,24,34.3505,8.26756,8.26756,35.5796,-0.191226
4,48,0.847857,0.114276,0.114276,0.873171,-0.160484
4,72,0.0184063,0.00157608,0.00157608,0.0188273,-0.123802
4,96,0.000384719,2.18494e-5,2.18494e-5,0.000380044,0.068101
4,97,19.8557,11.6179,11.6179,18.5117,0.401913
4,98,58.699,37.4639,37.4639,63.1144,-0.387277
4,101,237.308,122.732,122.732,244.029,-0.15247
4,103,284.626,124.654,124.654,285.87,-0.0240889
4,120,59.8378,9.81058,9.81058,56.4332,0.333959
4,144,1.48129,0.137627,0.137627,1.72575,-0.784156
4,168,0.0470703,0.00189867,0.00189867,0.0407108,0.864742
4,192,0.000945517,2.60927e-5,2.60927e-5,0.000863563,0.525348
4,193,22.7824,14.8526,14.8526,21.8612,0.233261
4,194,70.9513,47.9086,47.9086,74.5106,-0.264437
4,197,286.11,159.214,159.214,291.919,-0.110159
4,199,405.545,163.506,163.506,346.656,0.940396
4,216,75.274,13.2041,13.2041,73.82,0.10903
4,240,2.48529,0.185704,0.185704,2.33629,0.353039
4,264,0.0522775,0.00256071,0.00256071,0.0558077,-0.350171
4,288,0.00121722,3.52479e-5,3.52479e-5,0.00119072,0.123207
4,289,35.1813,26.6657,26.6657,37.8379,-0.388668
4,290,129.036,85.7242,85.7242,128.427,0.0262332
4,293,430.068,284.052,284.052,501.264,-0.786252
4,295,636.002,292.705,292.705,595.872,0.372807
4,312,126.572,23.8844,23.8844,129.529,-0.1264
4,336,3.53773,0.340985,0.340985,4.14374,-0.809585
4,360,0.0802113,0.0047681,0.0047681,0.0993467,-1.06625
4,384,0.00221372,6.65787e-5,6.65787e-5,0.00212607,0.228224
4,385,36.2141,20.9577,20.9577,28.7356,1.4407
4,386,75.8695,67.4734,67.4734,97.616,-1.23322
4,389,452.73,227.353,227.353,383.181,1.00476
4,391,417.053,236.608,236.608,461.17,-0.529564
4,408,131.396,19.9023,19.9023,107.388,1.23759
4,432,3.4261,0.282574,0.282574,3.52385,-0.153554
4,456,0.0927258,0.00391897,0.00391897,0.0847144,0.523509
4,480,0.00205579,5.42481e-5,5.42481e-5,0.00181696,0.727641
4,481,28.4839,18.8288,18.8288,25.3493,0.684525
4,482,76.5078,60.6414,60.6414,86.1318,-0.618536
4,485,375.423,204.489,204.489,338.917,0.596284
4,487,445.511,213.3,213.3,409.108,0.492567
4,504,108.51,18.1005,18.1005,97.259,0.640361
4,528,3.09417,0.255492,0.255492,3.22303,-0.221319
4,552,0.0782071,0.00352437,0.00352437,0.0777675,0.0312917
4,576,0.00157443,4.86701e-5,4.86701e-5,0.00166815,-0.311013
4,577,23.5659,17.6339,17.6339,23.4383,0.0301176
4,578,81.1373,56.8021,56.8021,79.6468,0.103598
4,581,335.565,191.499,191.499,313.716,0.385549
4,583,385.816,200.556,200.556,379.213,0.0963922
4,600,89.9278,17.1397,17.1397,91.0668,-0.0692351
4,624,3.78552,0.243372,0.243372,3.03497,1.36898
4,648,0.0856503,0.00337686,0.00337686,0.0737567,0.892657
5,0,0,0,0,0,0
5,1,104.615,85.4622,85.4622,87.3688,1.09271
5,2,178.794,149.417,149.417,165.402,0.448191
5,5,232.871,176.186,176.186,200.349,0.898585
5,7,183.161,141.881,141.881,160.133,0.796067
5,24,13.9225,8.26756,8.26756,12.5137,0.623182
5,48,0.358697,0.114276,0.114276,0.32719,0.533061
5,72,0.0105366,0.00157608,0.00157608,0.0085492,1.28685
5,96,0.00021933,2.18494e-5,2.18494e-5,0.000222689,-0.0835045
5,97,14.0314,11.6179,11.6179,14.1578,-0.0494055
5,98,42.4176,37.4639,37.4639,43.1363,-0.092232
5,101,123.92,122.732,122.732,123.903,0.000739878
5,103,110.06,124.654,124.654,114.641,-0.221166
5,120,9.74166,9.81058,9.81058,9.73187,0.00556908
5,144,0.273595,0.137627,0.137627,0.254119,0.424276
5,168,0.00652396,0.00189867,0.00189867,0.00663427,-0.0920386
5,192,0.000167274,2.60927e-5,2.60927e-5,0.000172633,-0.171866
5,193,16.4278,14.8526,14.8526,18.6243,-0.652862
5,194,52.0138,47.9086,47.9086,56.754,-0.46235
5,197,185.915,159.214,159.214,165.602,0.679016
5,199,163.69,163.506,163.506,153.893,0.35239
5,216,11.1237,13.2041,13.2041,13.0799,-0.827901
5,240,0.373365,0.185704,0.185704,0.334387,0.645277
5,264,0.00776576,0.00256071,0.00256071,0.00853641,-0.499755
5,288,0.000212781,3.52479e-5,3.52479e-5,0.000218703,-0.149911
5,289,37.5579,26.6657,26.6657,32.7883,0.805269
5,290,83.7075,85.7242,85.7242,99.6475,-0.885513
5,293,258.03,284.052,284.052,286.926,-0.557507
5,295,234.324,292.705,292.705,267.183,-0.680796
5,312,23.3203,23.8844,23.8844,22.7334,0.14292
5,336,0.626494,0.340985,0.340985,0.586002,0.382518
5,360,0.0141466,0.0047681,0.0047681,0.0151389,-0.362842
6,0,0,0,0,0,0
6,1,163.865,85.4622,85.4622,147.824,0.600709
6,2,485.8,149.417,149.417,443.793,0.52399
6,5,1027.46,176.186,176.186,986.712,0.228586
6,7,885.566,141.881,141.881,852.441,0.215111
6,24,41.7548,8.26756,8.26756,47.4315,-0.66253
6,48,0.339318,0.114276,0.114276,0.580261,-2.29861
6,72,0.00373648,0.00157608,0.00157608,0.00705556,-2.60411
6,96,4.44495e-5,2.18494e-5,2.18494e-5,8.58249e-5,-2.66872
6,97,109.643,11.6179,11.6179,97.9297,0.6621
6,98,283.205,37.4639,37.4639,312.522,-0.519304
6,101,1165.6,122.732,122.732,976.846,1.06964
6,103,922.946,124.654,124.654,955.065,-0.186169
6,120,55.8082,9.81058,9.81058,63.3083,-0.655816
6,144,0.4959,0.137627,0.137627,0.778079,-2.00759
6,168,0.0053916,0.00189867,0.00189867,0.00945293,-2.37835
6,192,5.08897e-5,2.60927e-5,2.60927e-5,0.000114753,-3.08078
6,193,118.286,14.8526,14.8526,99.676,1.03357
6,194,275.8,47.9086,47.9086,318.79,-0.74651
6,197,1100.47,159.214,159.214,1028.28,0.388602
6,199,885.241,163.506,163.506,1026.69,-0.762688
6,216,61.6372,13.2041,13.2041,71.1593,-0.74076
6,240,0.644666,0.185704,0.185704,0.876303,-1.46328
6,264,0.00610675,0.00256071,0.00256071,0.0106486,-2.3611
6,288,5.53706e-5,3.52479e-5,3.52479e-5,0.000129408,-3.16711
6,289,200.373,26.6657,26.6657,158.987,1.441
6,290,537.919,85.7242,85.7242,506.743,0.340564
6,293,1531.51,284.052,284.052,1623.39,-0.313316
6,295,1504.48,292.705,292.705,1621.14,-0.398354
6,312,106.474,23.8844,23.8844,112.578,-0.300113
6,336,0.919787,0.340985,0.340985,1.35962,-1.79078
6,360,0.00820718,0.0047681,0.0047681,0.0160858,-2.71133
7,0,0,0,0,0,0
7,1,83.2372,85.4622,85.4622,64.5245,1.6054
7,2,97.0965,149.417,149.417,96.1671,0.0535014
7,5,128.619,176.186,176.186,102.109,1.43726
7,7,101.268,141.881,141.881,79.4551,1.5197
7,24,2.63379,8.26756,8.26756,3.24181,-1.03825
7,48,0.0121508,0.114276,0.114276,0.0271891,-3.06181
7,72,6.29574e-5,0.00157608,0.00157608,0.000226823,-3.99921
7,96,1.91937e-6,2.18494e-5,2.18494e-5,1.51528e-6,1.47628
7,97,10.2448,11.6179,11.6179,8.53673,1.10763
7,98,31.7624,37.4639,37.4639,27.0596,0.962086
7,101,91.4236,122.732,122.732,84.3194,0.466405
7,103,84.4115,124.654,124.654,81.6028,0.19053
7,120,3.46497,9.81058,9.81058,4.34945,-1.12571
7,144,0.0159041,0.137627,0.137627,0.0365093,-3.12426
7,168,8.96955e-5,0.00189867,0.00189867,0.000302193,-3.89263
7,192,3.46969e-6,2.60927e-5,2.60927e-5,2.55288e-6,1.98804
7,193,13.7627,14.8526,14.8526,11.264,1.22802
7,194,39.7207,47.9086,47.9086,35.7338,0.617631
7,197,149.724,159.214,159.214,112.748,1.81541
7,199,122.966,163.506,163.506,110.737,0.611337
7,216,6.08551,13.2041,13.2041,6.1057,-0.0183078
7,240,0.0229495,0.185704,0.185704,0.0513019,-3.05935
7,264,0.000123997,0.00256071,0.00256071,0.000423948,-3.91661
7,288,1.92978e-6,3.52479e-5,3.52479e-5,3.41889e-6,-2.4111
7,289,18.7671,21.6629,21.6629,17.1101,0.536072
7,290,59.1118,69.7509,69.7509,54.1966,0.502043
7,293,170.329,233.596,233.596,172.205,-0.0603266
7,295,191.156,240.862,240.862,169.753,0.697975
7,312,7.31104,19.802,19.802,9.50435,-1.27747
7,336,0.0365527,0.28059,0.28059,0.0814048,-3.05005
7,360,0.000207345,0.00389252,0.00389252,0.000685044,-3.8602
7,384,1.97423e-6,5.38942e-5,5.38942e-5,5.66883e-6,-3.60784
7,385,15.858,17.5579,17.5579,14.4899,0.522676
7,386,52.8059,56.5946,56.5946,45.9488,0.826111
7,389,169.488,190.222,190.222,147.783,0.813036
7,391,146.869,198.271,198.271,147.11,-0.00906604
7,408,7.14391,16.6564,16.6564,8.39075,-0.822594
7,432,0.0359116,0.236585,0.236585,0.0714171,-2.75212
7,456,0.000185704,0.00328202,0.00328202,0.000594595,-3.8068
7,480,1.35392e-5,4.86692e-5,4.86692e-5,4.81995e-6,10.014
7,481,16.0818,15.8418,15.8418,13.4078,1.10403
7,482,54.911,51.0793,51.0793,42.5309,1.61136
7,485,138.679,172.903,172.903,137.054,0.0656064
7,487,143.982,180.492,180.492,136.796,0.290769
7,504,6.65043,15.2649,15.2649,7.87911,-0.863247
7,528,0.0309528,0.21435,0.21435,0.0669321,-2.97572
7,552,0.000179808,0.00292559,0.00292559,0.000558759,-3.75433
7,576,2.696e-6,4.01328e-5,4.01328e-5,4.38787e-6,-2.13446
7,577,13.4938,14.8342,14.8342,12.7865,0.306223
7,578,53.9627,47.8377,47.8377,40.5659,1.82815
7,581,146.495,161.843,161.843,131.372,0.637222
7,583,137.166,169.253,169.253,131.216,0.251035
7,600,6.06824,14.433,14.433,7.55818,-1.09125
7,624,0.0334295,0.204986,0.204986,0.0641537,-2.65114
7,648,0.00013735,0.00284517,0.00284517,0.000535334,-4.11543
8,0,0,0,0,0,0
8,1,26.7925,85.4622,85.4622,30.4464,-0.664362
8,2,27.1442,149.417,149.417,41.3181,-1.899
8,5,28.4426,176.186,176.186,45.2995,-2.05995
8,7,29.563,141.881,141.881,37.1828,-1.13441
8,24,1.90214,8.26756,8.26756,2.74327,-1.69734
8,48,0.0446504,0.114276,0.114276,0.0580801,-1.28001
8,72,0.00102816,0.00157608,0.00157608,0.00123621,-0.931671
8,96,1.97962e-5,2.18494e-5,2.18494e-5,2.63986e-5,-1.38451
8,97,4.79358,11.6179,11.6179,3.98309,1.12642
8,98,14.6204,37.4639,37.4639,12.6704,0.851943
8,101,41.922,122.732,122.732,40.4947,0.195111
8,103,50.0647,124.654,124.654,40.5833,1.29329
8,120,3.42752,9.81058,9.81058,3.63513,-0.316145
8,144,0.082645,0.137627,0.137627,0.0775256,0.365551
8,168,0.00153996,0.00189867,0.00189867,0.00164707,-0.360003
8,192,3.52751e-5,2.60927e-5,2.60927e-5,3.50139e-5,0.0412936
8,193,7.09853,14.8526,14.8526,5.96869,1.04788
8,194,20.259,47.9086,47.9086,18.9916,0.369423
8,197,59.8461,159.214,159.214,61.436,-0.143258
8,199,62.0548,163.506,163.506,62.1037,-0.00435722
8,216,6.11727,13.2041,13.2041,5.63818,0.470384
8,240,0.13722,0.185704,0.185704,0.121107,0.736504
8,264,0.00270093,0.00256071,0.00256071,0.00260123,0.212158
8,288,5.82178e-5,3.52479e-5,3.52479e-5,5.57753e-5,0.242422
8,289,8.61553,21.6629,21.6629,9.95957,-0.747042
8,290,36.814,69.7509,69.7509,31.6391,0.905409
8,293,117.344,233.596,233.596,102.716,0.788302
8,295,102.339,240.862,240.862,104.267,-0.102344
8,312,11.1225,19.802,19.802,9.56522,0.901281
8,336,0.286559,0.28059,0.28059,0.203772,2.249
8,360,0.0051204,0.00389252,0.00389252,0.00431886,1.02738
8,384,0.000118145,5.38942e-5,5.38942e-5,9.18367e-5,1.58578
8,385,10.7704,17.5579,17.5579,9.14528,0.983715
8,386,32.1766,56.5946,56.5946,29.07,0.591577
8,389,98.0781,190.222,190.222,95.5068,0.14904
8,391,110.403,198.271,198.271,97.1991,0.752013
8,408,9.43397,16.6564,16.6564,8.97886,0.280592
8,432,0.204195,0.236585,0.236585,0.194138,0.286778
8,456,0.00411641,0.00328202,0.00328202,0.00418506,-0.0908048
8,480,0.000119698,4.86692e-5,4.86692e-5,9.01579e-5,1.81377
8,481,12.1689,15.8418,15.8418,8.82632,2.0964
8,482,35.4574,51.0793,51.0793,28.0604,1.45926
8,485,112.684,172.903,172.903,92.3293,1.22042
8,487,115.229,180.492,180.492,94.0626,1.24569
8,504,7.1793,15.2649,15.2649,8.72397,-0.980157
8,528,0.257006,0.21435,0.21435,0.189126,1.98686
8,552,0.00526821,0.00292559,0.00292559,0.0040883,1.59765
8,576,9.66763e-5,4.01328e-5,4.01328e-5,8.82786e-5,0.526595
8,577,9.78169,14.8342,14.8342,8.65128,0.723318
8,578,33.5395,47.8377,47.8377,27.5057,1.21434
8,581,116.166,161.843,161.843,90.5383,1.56695
8,583,131.908,169.253,169.253,92.2738,2.37776
8,600,9.38221,14.433,14.433,8.56711,0.526688
8,624,0.23465,0.204986,0.204986,0.185433,1.46927
8,648,0.00500013,0.00284517,0.00284517,0.00400069,1.38293
9,0,0,0,0,0,0
9,1,55.8199,85.4622,85.4622,52.1317,0.391647
9,2,66.1534,149.417,149.417,92.2852,-1.56751
9,5,62.0424,176.186,176.186,104.922,-2.26235
9,7,54.4473,141.881,141.881,81.1309,-1.82067
9,24,1.97272,8.26756,8.26756,3.59985,-2.50214
9,48,0.0144203,0.114276,0.114276,0.0379468,-3.43207
9,72,0.000103133,0.00157608,0.00157608,0.000401922,-4.11526
9,96,5.52946e-6,2.18494e-5,2.18494e-5,4.29685e-6,1.58799
9,97,7.32681,11.6179,11.6179,8.27513,-0.634385
9,98,19.1804,37.4639,37.4639,25.7543,-1.41302
9,101,59.8575,122.732,122.732,76.5381,-1.20644
9,103,61.5932,124.654,124.654,71.4919,-0.76647
9,120,2.54745,9.81058,9.81058,3.78039,-1.80543
9,144,0.0209277,0.137627,0.137627,0.0400749,-2.64489
9,168,0.000142569,0.00189867,0.00189867,0.000424299,-3.67566
9,192,1.07767e-6,2.60927e-5,2.60927e-5,4.552e-6,-4.22515
9,193,11.4129,14.8526,14.8526,10.4455,0.512647
9,194,31.8671,47.9086,47.9086,32.5334,-0.113373
9,197,108.298,159.214,159.214,97.6158,0.605756
9,199,97.9242,163.506,163.506,92.2527,0.340326
9,216,4.01891,13.2041,13.2041,4.97216,-1.06129
9,240,0.0262085,0.185704,0.185704,0.0526913,-2.78227
9,264,0.000209587,0.00256071,0.00256071,0.000557908,-3.45614
9,288,1.41421e-5,3.52479e-5,3.52479e-5,5.97736e-6,7.56147
9,289,16.8609,21.6629,21.6629,14.961,0.702975
9,290,44.1795,69.7509,69.7509,46.532,-0.279867
9,293,151.152,233.596,233.596,140.178,0.433383
9,295,134.217,240.862,240.862,133.148,0.0444737
9,312,6.38872,19.802,19.802,7.2605,-0.664687
9,336,0.0507099,0.28059,0.28059,0.0774964,-1.91341
9,360,0.000336196,0.00389252,0.00389252,0.000825762,-3.28194
9,384,1.31865e-5,5.38942e-5,5.38942e-5,8.6818e-6,2.87232
9,385,15.5404,17.5579,17.5579,11.8624,1.71638
9,386,44.7221,56.5946,56.5946,36.9492,1.16454
9,389,156.574,190.222,190.222,113.632,2.09197
9,391,134.12,198.271,198.271,108.725,1.29297
9,408,6.05353,16.6564,16.6564,5.99561,0.0534831
9,432,0.0541228,0.236585,0.236585,0.0641987,-0.868821
9,456,0.000326412,0.00328202,0.00328202,0.000684906,-2.89751
9,480,4.96332e-6,4.86692e-5,4.86692e-5,7.44749e-6,-1.84648
9,481,17.3244,15.8418,15.8418,10.5471,3.55715
9,482,40.5664,51.0793,51.0793,32.8667,1.29685
9,485,113.625,172.903,172.903,101.37,0.669206
9,487,140.921,180.492,180.492,97.1642,2.49297
9,504,6.34893,15.2649,15.2649,5.41503,0.954714
9,528,0.0429695,0.21435,0.21435,0.0583194,-1.45703
9,552,0.000323269,0.00292559,0.00292559,0.000625766,-2.67598
9,576,2.96992e-6,4.01328e-5,4.01328e-5,6.6248e-6,-3.05404
9,577,16.0564,14.8342,14.8342,9.77319,3.55893
9,578,39.8874,47.8377,47.8377,30.4615,1.71296
9,581,147.033,161.843,161.843,93.8204,3.13972
9,583,120.21,169.253,169.253,90.184,1.84305
9,600,5.62474,14.433,14.433,5.0345,0.649007
9,624,0.0464534,0.204986,0.204986,0.0533394,-0.714649
9,648,0.000374929,0.00284517,0.00284517,0.000563501,-1.85249
10,0,0,0,0,0,0
10,1,88.3775,85.4622,85.4622,80.6875,0.527591
10,2,162.315,149.417,149.417,164.504,-0.0736654
10,5,183.396,176.186,176.186,211.972,-0.746268
10,7,179.657,141.881,141.881,172.001,0.246417
10,24,10.8006,8.26756,8.26756,11.2848,-0.237536
10,48,0.171263,0.114276,0.114276,0.202949,-0.864277
10,72,0.00271559,0.00157608,0.00157608,0.00363537,-1.40058
10,96,6.34582e-5,2.18494e-5,2.18494e-5,6.54182e-5,-0.165861
10,97,12.9746,11.6179,11.6179,13.7842,-0.325136
10,98,38.8899,37.4639,37.4639,43.8382,-0.624853
10,101,144.2,122.732,122.732,138.733,0.218154
10,103,136.558,124.654,124.654,137.331,-0.0311486
10,120,12.8371,9.81058,9.81058,11.043,0.899367
10,144,0.203436,0.137627,0.137627,0.201464,0.0542027
10,168,0.00302472,0.00189867,0.00189867,0.00365403,-0.953386
10,192,6.47954e-5,2.60927e-5,2.60927e-5,6.62765e-5,-0.123706
10,193,16.2247,14.8526,14.8526,17.2724,-0.335797
10,194,60.0738,47.9086,47.9086,54.9454,0.516683
10,197,162.934,159.214,159.214,175.566,-0.398292
10,199,171.962,163.506,163.506,175.523,-0.11231
10,216,13.6828,13.2041,13.2041,14.4612,-0.297947
10,240,0.278612,0.185704,0.185704,0.264525,0.294798
10,264,0.0043149,0.00256071,0.00256071,0.00481274,-0.572634
10,288,0.000119313,3.52479e-5,3.52479e-5,8.73935e-5,2.02183
10,289,30.0198,26.6657,26.6657,29.9876,0.00594183
10,290,99.6398,85.7242,85.7242,95.0842,0.265226
10,293,306.946,284.052,284.052,302.966,0.072718
10,295,372.303,292.705,292.705,303.169,1.26236
10,312,24.2877,23.8844,23.8844,25.018,-0.161601
10,336,0.474424,0.340985,0.340985,0.46058,0.166382
10,360,0.00716975,0.0047681,0.0047681,0.00844206,-0.834296
10,384,0.000146417,6.65787e-5,6.65787e-5,0.000154488,-0.289214
10,385,22.2458,20.9577,20.9577,22.4398,-0.0478752
10,386,71.3418,67.4734,67.4734,71.2735,0.00530835
10,389,245.566,227.353,227.353,232.804,0.303459
10,391,235.347,236.608,236.608,235.203,0.00338187
10,408,20.3839,19.9023,19.9023,19.854,0.147769
10,432,0.377524,0.282574,0.282574,0.367778,0.146687
10,456,0.00681345,0.00391897,0.00391897,0.00678274,0.0250674
10,480,0.000134197,5.42481e-5,5.42481e-5,0.000124589,0.426876
10,481,24.8929,18.8288,18.8288,19.5872,1.4995
10,482,75.3489,60.6414,60.6414,62.2401,1.16592
10,485,241.582,204.489,204.489,203.012,1.05174
10,487,218.023,213.3,213.3,205.991,0.323357
10,504,16.7543,18.1005,18.1005,17.5521,-0.251626
10,528,0.338458,0.255492,0.255492,0.316056,0.392367
10,552,0.00636719,0.00352437,0.00352437,0.00563682,0.717267
10,576,0.000119845,4.86701e-5,4.86701e-5,0.000101134,1.02418
10,577,18.3902,17.6339,17.6339,17.9657,0.130777
10,578,61.4674,56.8021,56.8021,57.0992,0.423485
10,581,201.048,191.499,191.499,185.886,0.451515
10,583,229.686,200.556,200.556,189.206,1.18435
10,600,17.485,17.1397,17.1397,16.1613,0.453431
10,624,0.329134,0.243372,0.243372,0.299012,0.557664
10,648,0.00640691,0.00337686,0.00337686,0.00550744,0.904092
11,0,0,0,0,0,0
11,1,59.6577,85.4622,85.4622,66.3935,-0.561618
11,2,113.247,149.417,149.417,108.273,0.254324
11,5,126.388,176.186,176.186,126.793,-0.0176671
11,7,100.619,141.881,141.881,105.208,-0.241446
11,24,7.48737,8.26756,8.26756,7.26443,0.169884
11,48,0.116975,0.114276,0.114276,0.110697,0.313949
11,72,0.00164551,0.00157608,0.00157608,0.00153049,0.416024
11,96,2.29071e-5,2.18494e-5,2.18494e-5,2.04664e-5,0.66017
11,97,7.20583,11.6179,11.6179,7.87759,-0.472051
11,98,26.4781,37.4639,37.4639,26.4584,0.00412518
11,101,110.758,122.732,122.732,97.4387,0.756676
11,103,111.319,124.654,124.654,109.193,0.10777
11,120,16.6103,9.81058,9.81058,14.8958,0.637124
11,144,0.293575,0.137627,0.137627,0.282106,0.22506
11,168,0.00399329,0.00189867,0.00189867,0.0042103,-0.285325
11,192,5.05521e-5,2.60927e-5,2.60927e-5,5.77323e-5,-0.688475
11,193,8.27713,14.8526,14.8526,9.82597,-0.87258
11,194,32.1433,47.9086,47.9086,33.0107,-0.145462
11,197,131.706,159.214,159.214,123.666,0.35989
11,199,144.59,163.506,163.506,141.199,0.132915
11,216,20.3441,13.2041,13.2041,21.2395,-0.233376
11,240,0.400346,0.185704,0.185704,0.414882,-0.193962
11,264,0.00515034,0.00256071,0.00256071,0.00624716,-0.971914
11,288,7.55661e-5,3.52479e-5,3.52479e-5,8.60988e-5,-0.677199
11,289,20.0211,26.6657,26.6657,18.2215,0.54672
11,290,59.5585,85.7242,85.7242,60.9711,-0.12825
11,293,217.996,284.052,284.052,227.849,-0.239406
11,295,310.116,292.705,292.705,261.087,1.03954
11,312,43.6031,23.8844,23.8844,40.6248,0.405835
11,336,0.701796,0.340985,0.340985,0.809052,-0.733867
11,360,0.0116619,0.0047681,0.0047681,0.0123073,-0.290307
11,384,0.000184543,6.65787e-5,6.65787e-5,0.000170957,0.439939
11,385,15.3033,20.9577,20.9577,15.1085,0.0713599
11,386,56.9798,67.4734,67.4734,50.5997,0.698003
11,389,239.126,227.353,227.353,190.346,1.41862
11,391,220.696,236.608,236.608,220.645,0.00127046
11,408,39.1207,19.9023,19.9023,36.3807,0.416928
11,432,0.570492,0.282574,0.282574,0.740044,-1.26829
11,456,0.00995072,0.00391897,0.00391897,0.0113309,-0.674276
11,480,0.000147938,5.42481e-5,5.42481e-5,0.00015769,-0.342339
11,481,16.4336,18.8288,18.8288,13.9902,0.966829
11,482,53.2012,60.6414,60.6414,46.8636,0.74862
11,485,180.989,204.489,204.489,176.833,0.130112
11,487,210.172,213.3,213.3,205.45,0.127226
11,504,34.2255,18.1005,18.1005,34.4259,-0.0322245
11,528,0.695266,0.255492,0.255492,0.705094,-0.0771591
11,552,0.0115178,0.00352437,0.00352437,0.0108238,0.354948
11,576,0.000219951,4.86701e-5,4.86701e-5,0.000150944,2.53075
11,577,14.9618,17.6339,17.6339,13.3801,0.654392
11,578,45.615,56.8021,56.8021,44.8235,0.0977476
11,581,188.971,191.499,191.499,169.457,0.637481
11,583,224.939,200.556,200.556,197.005,0.78493
11,600,38.3841,17.1397,17.1397,33.2254,0.859496
11,624,0.66445,0.243372,0.243372,0.683034,-0.150616
11,648,0.0107435,0.00337686,0.00337686,0.0104978,0.129554
12,0,0,0,0,0,0
12,1,39.2353,85.4622,85.4622,34.4449,0.769882
12,2,52.711,149.417,149.417,46.1847,0.782241
12,5,51.9404,176.186,176.186,49.8706,0.22975
12,7,38.9324,141.881,141.881,40.7862,-0.251615
12,24,3.95625,8.26756,8.26756,3.67329,0.426433
12,48,0.124411,0.114276,0.114276,0.114271,0.491266
12,72,0.00337397,0.00157608,0.00157608,0.00355526,-0.282269
12,96,0.000133662,2.18494e-5,2.18494e-5,0.000110539,1.15799
12,97,3.48574,11.6179,11.6179,4.53637,-1.28208
12,98,14.5189,37.4639,37.4639,14.0319,0.192136
12,101,41.6341,122.732,122.732,42.2955,-0.0865599
12,103,45.3986,124.654,124.654,40.6002,0.654242
12,120,3.93995,9.81058,9.81058,4.04723,-0.146724
12,144,0.134949,0.137627,0.137627,0.12658,0.365994
12,168,0.00371867,0.00189867,0.00189867,0.00395775,-0.334393
12,192,0.000122628,2.60927e-5,2.60927e-5,0.000123571,-0.0422244
12,193,6.64005,14.8526,14.8526,6.95895,-0.25368
12,194,18.9987,47.9086,47.9086,21.5297,-0.650765
12,197,68.504,159.214,159.214,66.0495,0.205718
12,199,54.761,163.506,163.506,63.6871,-0.775863
12,216,6.81326,13.2041,13.2041,6.37794,0.377841
12,240,0.188197,0.185704,0.185704,0.199238,-0.306752
12,264,0.00644329,0.00256071,0.00256071,0.00622215,0.196738
12,288,0.000184814,3.52479e-5,3.52479e-5,0.000194082,-0.264364
12,289,13.136,26.6657,26.6657,14.3559,-0.470402
12,290,48.7321,85.7242,85.7242,44.3069,0.552884
12,293,136.015,284.052,284.052,134.668,0.0553595
12,295,134.249,292.705,292.705,130.465,0.160535
12,312,16.3396,23.8844,23.8844,13.1443,1.34571
12,336,0.414064,0.340985,0.340985,0.408477,0.0757189
12,360,0.0117006,0.0047681,0.0047681,0.0126966,-0.434225
12,384,0.00040611,6.65787e-5,6.65787e-5,0.000394805,0.158522
12,385,14.7271,20.9577,20.9577,13.0555,0.708796
12,386,47.5015,67.4734,67.4734,40.3278,0.984715
12,389,143.779,227.353,227.353,123.518,0.908037
12,391,146.212,236.608,236.608,119.974,1.21065
12,408,13.2182,19.9023,19.9023,12.1584,0.48256
12,432,0.355589,0.282574,0.282574,0.377699,-0.324051
12,456,0.0115133,0.00391897,0.00391897,0.0117335,-0.103868
12,480,0.000443672,5.42481e-5,5.42481e-5,0.000364531,1.20183
12,481,11.1228,18.8288,18.8288,12.6024,-0.64994
12,482,39.0906,60.6414,60.6414,38.9353,0.0220718
12,485,97.1547,204.489,204.489,119.38,-1.0306
12,487,128.752,213.3,213.3,116.069,0.604891
12,504,10.8894,18.1005,18.1005,11.7544,-0.40733
12,528,0.349884,0.255492,0.255492,0.369142,-0.288794
12,552,0.0103459,0.00352437,0.00352437,0.0115939,-0.595902
12,576,0.000312619,4.86701e-5,4.86701e-5,0.000362817,-0.765907
12,577,13.7163,17.6339,17.6339,12.3635,0.605737
12,578,31.5898,56.8021,56.8021,38.1997,-0.957878
12,581,118.347,191.499,191.499,117.17,0.0555686
12,583,123.25,200.556,200.556,114.037,0.447197
12,600,13.1435,17.1397,17.1397,11.5537,0.76169
12,624,0.348149,0.243372,0.243372,0.35902,-0.167616
12,648,0.0115939,0.00337686,0.00337686,0.011158,0.216248
13,0,0,0,0,0,0
13,1,38.4935,85.4622,85.4622,37.8803,0.0896045
13,2,50.0085,149.417,149.417,52.2261,-0.235051
13,5,59.2455,176.186,176.186,60.5146,-0.116097
13,7,52.6746,141.881,141.881,51.9418,0.0780938
13,24,4.20209,8.26756,8.26756,4.67602,-0.561074
13,48,0.104697,0.114276,0.114276,0.109256,-0.230967
13,72,0.00258406,0.00157608,0.00157608,0.00250346,0.178236
13,96,6.26648e-5,2.18494e-5,2.18494e-5,5.83766e-5,0.40664
13,97,4.2227,11.6179,11.6179,4.73274,-0.596586
13,98,16.1538,37.4639,37.4639,15.6267,0.186745
13,101,62.7942,122.732,122.732,55.4541,0.732726
13,103,64.4447,124.654,124.654,60.5075,0.360199
13,120,8.55708,9.81058,9.81058,7.7476,0.578383
13,144,0.181536,0.137627,0.137627,0.185919,-0.1305
13,168,0.00412728,0.00189867,0.00189867,0.00427917,-0.196493
13,192,9.66046e-5,2.60927e-5,2.60927e-5,9.83647e-5,-0.0990559
13,193,7.39749,14.8526,14.8526,7.14051,0.199229
13,194,26.1955,47.9086,47.9086,23.575,0.615332
13,197,85.8886,159.214,159.214,84.5578,0.0871235
13,199,91.9268,163.506,163.506,93.2449,-0.0782539
13,216,15.0914,13.2041,13.2041,12.3052,1.25339
13,240,0.342187,0.185704,0.185704,0.29373,0.913223
13,264,0.0061727,0.00256071,0.00256071,0.0067318,-0.459756
13,288,0.000136256,3.52479e-5,3.52479e-5,0.000153907,-0.634889
13,289,18.2735,31.5903,31.5903,17.6727,0.188174
13,290,68.1753,101.401,101.401,58.0745,0.962822
13,293,210.47,333.823,333.823,207.433,0.0810495
13,295,283.123,343.196,343.196,229.564,1.29153
13,312,28.6022,27.9466,27.9466,30.6928,-0.377054
13,336,0.729721,0.397956,0.397956,0.731791,-0.0156579
13,360,0.0185414,0.00551307,0.00551307,0.0167647,0.586652
13,384,0.000434916,7.61168e-5,7.61168e-5,0.000383399,0.743833
13,385,16.5078,24.1679,24.1679,16.2279,0.0954599
13,386,52.3262,77.7194,77.7194,53.3607,-0.107323
13,389,214.051,262.899,262.899,191.775,0.643006
13,391,231.332,272.83,272.83,213.267,0.468924
13,408,27.2871,22.9696,22.9696,29.051,-0.336112
13,432,0.790955,0.328665,0.328665,0.705032,0.674645
13,456,0.0179878,0.00459904,0.00459904,0.0164037,0.534601
13,480,0.000327686,6.42247e-5,6.42247e-5,0.000380023,-0.762388
13,481,17.5077,21.6674,21.6674,15.7969,0.599505
13,482,44.7422,69.7061,69.7061,51.9488,-0.767943
13,485,229.118,235.963,235.963,186.853,1.25216
13,487,204.176,246.307,246.307,207.98,-0.10124
13,504,32.8488,20.9241,20.9241,28.4063,0.865741
13,528,0.627175,0.297531,0.297531,0.685316,-0.469641
13,552,0.0183599,0.00412546,0.00412546,0.0157823,0.904081
13,576,0.000349844,5.70065e-5,5.70065e-5,0.000363249,-0.20429
13,577,17.2769,20.3044,20.3044,15.5831,0.601709
13,578,55.9353,65.3319,65.3319,51.2477,0.506358
13,581,190.976,220.892,220.892,184.402,0.197336
13,583,210.64,231.074,231.074,205.327,0.143241
13,600,28.07,19.7512,19.7512,28.0821,-0.00238118
13,624,0.592535,0.280537,0.280537,0.677578,-0.694792
13,648,0.0162674,0.0038936,0.0038936,0.0156045,0.235178
14,0,0,0,0,0,0
14,1,40.3251,85.4622,85.4622,43.2694,-0.376682
14,2,61.5447,149.417,149.417,63.3003,-0.153527
14,5,76.3489,176.186,176.186,71.6216,0.365381
14,7,54.7082,141.881,141.881,59.4241,-0.439313
14,24,5.20298,8.26756,8.26756,4.5348,0.815662
14,48,0.105037,0.114276,0.114276,0.0934725,0.684874
14,72,0.00195069,0.00157608,0.00157608,0.00194407,0.0188549
14,96,4.84005e-5,2.18494e-5,2.18494e-5,4.03961e-5,1.09688
14,97,4.36397,11.6179,11.6179,4.98013,-0.684891
14,98,17.8226,37.4639,37.4639,16.1754,0.563749
14,101,46.0031,122.732,122.732,54.8175,-0.890116
14,103,58.7594,124.654,124.654,57.1793,0.152968
14,120,5.15121,9.81058,9.81058,5.83858,-0.651714
14,144,0.119056,0.137627,0.137627,0.123935,-0.217923
14,168,0.00284601,0.00189867,0.00189867,0.00259555,0.534185
14,192,6.1479e-5,2.60927e-5,2.60927e-5,5.41745e-5,0.746399
14,193,7.46791,14.8526,14.8526,7.03255,0.3427
14,194,24.5015,47.9086,47.9086,22.8425,0.40205
14,197,74.2022,159.214,159.214,78.0331,-0.271768
14,199,76.4813,163.506,163.506,82.1668,-0.383044
14,216,7.23004,13.2041,13.2041,8.58685,-0.874702
14,240,0.200205,0.185704,0.185704,0.179349,0.64375
14,264,0.00298392,0.00256071,0.00256071,0.00367622,-1.04248
14,288,7.43118e-5,3.52479e-5,3.52479e-5,7.55259e-5,-0.0889911
14,289,16.0526,31.5903,31.5903,16.3219,-0.0913361
14,290,57.0059,101.401,101.401,52.7734,0.443979
14,293,240.2,333.823,333.823,179.649,1.86581
14,295,187.252,343.196,343.196,189.923,-0.0778498
14,312,18.318,27.9466,27.9466,20.0649,-0.481935
14,336,0.394388,0.397956,0.397956,0.422245,-0.365209
14,360,0.00912009,0.00551307,0.00551307,0.00874487,0.237524
14,384,0.000147592,7.61168e-5,7.61168e-5,0.000181228,-1.02744
14,385,12.624,24.1679,24.1679,13.9593,-0.529536
14,386,49.8031,77.7194,77.7194,45.187,0.565492
14,389,175.654,262.899,262.899,154.865,0.743144
14,391,180.787,272.83,272.83,165.334,0.517372
14,408,15.9933,22.9696,22.9696,17.8431,-0.573882
14,432,0.409356,0.328665,0.328665,0.376084,0.489745
14,456,0.00897221,0.00459904,0.00459904,0.00778541,0.843858
14,480,0.000185545,6.42247e-5,6.42247e-5,0.000161137,0.838529
14,481,12.4967,21.6674,21.6674,13.2024,-0.29588
14,482,47.5516,69.7061,69.7061,42.7461,0.622325
14,485,161.407,235.963,235.963,146.812,0.550333
14,487,181.655,246.307,246.307,157.05,0.867286
14,504,17.6485,20.9241,20.9241,17.0371,0.19864
14,528,0.389185,0.297531,0.297531,0.360157,0.446159
14,552,0.00671779,0.00412546,0.00412546,0.00745084,-0.544632
14,576,0.000160986,5.70065e-5,5.70065e-5,0.000154111,0.24697
14,577,13.4565,20.3044,20.3044,12.8069,0.280769
14,578,40.8522,65.3319,65.3319,41.4692,-0.0823646
14,581,134.748,220.892,220.892,142.874,-0.314832
14,583,175.852,231.074,231.074,152.695,0.839546
14,600,17.2689,19.7512,19.7512,16.5661,0.23483
14,624,0.32125,0.280537,0.280537,0.344723,-0.376941
14,648,0.00755266,0.0038936,0.0038936,0.00698264,0.451894
15,0,0,0,0,0,0
15,1,63.5605,85.4622,85.4622,67.9794,-0.359843
15,2,143.489,149.417,149.417,120.652,1.04781
15,5,160.614,176.186,176.186,141.734,0.737401
15,7,105.896,141.881,141.881,113.329,-0.363043
15,24,7.02954,8.26756,8.26756,7.69148,-0.476412
15,48,0.148237,0.114276,0.114276,0.157188,-0.315221
15,72,0.00353466,0.00157608,0.00157608,0.00320857,0.562605
15,96,6.65253e-5,2.18494e-5,2.18494e-5,6.54149e-5,0.0939677
15,97,8.5412,11.6179,11.6179,9.73503,-0.678855
15,98,25.6978,37.4639,37.4639,30.4112,-0.857965
15,101,83.6834,122.732,122.732,92.1579,-0.509045
15,103,79.0494,124.654,124.654,88.5091,-0.591645
15,120,6.65945,9.81058,9.81058,6.97776,-0.252529
15,144,0.150162,0.137627,0.137627,0.141742,0.328826
15,168,0.0030479,0.00189867,0.00189867,0.00287902,0.324712
15,192,7.22612e-5,2.60927e-5,2.60927e-5,5.8298e-5,1.32588
15,193,14.337,14.8526,14.8526,12.7846,0.672176
15,194,37.466,47.9086,47.9086,39.9458,-0.343653
15,197,104.747,159.214,159.214,122.494,-0.802009
15,199,115.816,163.506,163.506,118.391,-0.120395
15,216,9.76279,13.2041,13.2041,9.43395,0.19296
15,240,0.204408,0.185704,0.185704,0.193339,0.316923
15,264,0.00421283,0.00256071,0.00256071,0.00395662,0.358465
15,288,8.45231e-5,3.52479e-5,3.52479e-5,8.07923e-5,0.255627
15,289,30.2145,31.5903,31.5903,27.0693,0.643192
15,290,82.4135,101.401,101.401,84.2083,-0.117986
15,293,303.089,333.823,333.823,255.698,1.02599
15,295,252.215,343.196,343.196,247.118,0.114173
15,312,20.0658,27.9466,27.9466,19.7358,0.0925607
15,336,0.408712,0.397956,0.397956,0.400917,0.107628
15,360,0.00731582,0.00551307,0.00551307,0.00814113,-0.56119
15,384,0.000150717,7.61168e-5,7.61168e-5,0.000165124,-0.483013
15,385,24.6867,24.1679,24.1679,20.3237,1.18839
15,386,69.0612,77.7194,77.7194,63.3605,0.498062
15,389,186.843,262.899,262.899,197.847,-0.307905
15,391,191.577,272.83,272.83,193.215,-0.0469255
15,408,17.0098,22.9696,22.9696,15.566,0.513446
15,432,0.302132,0.328665,0.328665,0.314668,-0.220528
15,456,0.00630456,0.00459904,0.00459904,0.00636009,-0.0483324
15,480,0.00012828,6.42247e-5,6.42247e-5,0.000128494,-0.0092549
15,481,21.7161,21.6674,21.6674,18.0268,1.13291
15,482,57.3238,69.7061,69.7061,56.2267,0.108016
15,485,199.816,235.963,235.963,175.487,0.767463
15,487,179.281,246.307,246.307,172.033,0.233227
15,504,13.8609,20.9241,20.9241,14.0008,-0.0553128
15,528,0.266311,0.297531,0.297531,0.286514,-0.390345
15,552,0.00589755,0.00412546,0.00412546,0.00585569,0.0395739
15,576,0.000140274,5.70065e-5,5.70065e-5,0.000119667,0.95324
15,577,15.3407,20.3044,20.3044,16.7639,-0.469974
15,578,49.875,65.3319,65.3319,52.2984,-0.256515
15,581,193.978,220.892,220.892,162.843,1.05843
15,583,177.74,231.074,231.074,160.067,0.611199
15,600,11.0171,19.7512,19.7512,13.0772,-0.872051
15,624,0.279063,0.280537,0.280537,0.265705,0.278303
15,648,0.00615409,0.0038936,0.0038936,0.00539687,0.776705
16,0,0,0,0,0,0
16,1,130.297,85.4622,85.4622,94.532,2.09438
16,2,274.089,149.417,149.417,216.418,1.47515
16,5,331.478,176.186,176.186,291.332,0.762823
16,7,250.345,141.881,141.881,223.138,0.674973
16,24,7.56449,8.26756,8.26756,7.48472,0.0589998
16,48,0.0404604,0.114276,0.114276,0.0514307,-1.18078
16,72,0.000262357,0.00157608,0.00157608,0.000352402,-1.41447
16,96,4.27688e-6,2.18494e-5,2.18494e-5,2.22797e-6,5.09083
16,97,27.1093,11.6179,11.6179,26.1329,0.206815
16,98,84.2438,37.4639,37.4639,80.9105,0.228059
16,101,211.555,122.732,122.732,232.514,-0.498991
16,103,239.19,124.654,124.654,211.695,0.718982
16,120,7.88464,9.81058,9.81058,8.5368,-0.422895
16,144,0.0446047,0.137627,0.137627,0.0586671,-1.3269
16,168,0.000329024,0.00189867,0.00189867,0.000401917,-1.00398
16,192,2.46892e-6,2.60927e-5,2.60927e-5,2.64678e-6,-0.371992
16,193,35.1802,14.8526,14.8526,29.9809,0.960005
16,194,102.213,47.9086,47.9086,92.9781,0.549803
16,197,262.36,159.214,159.214,274.78,-0.250209
16,199,257.148,163.506,163.506,253.336,0.0833026
16,216,11.4558,13.2041,13.2041,10.4154,0.552994
16,240,0.0702037,0.185704,0.185704,0.071128,-0.0719339
16,264,0.00046362,0.00256071,0.00256071,0.000483992,-0.233001
16,288,2.34161e-6,3.52479e-5,3.52479e-5,3.36323e-6,-1.68153
16,289,98.2493,45.9959,45.9959,85.9692,0.79074
16,290,249.471,146.985,146.985,263.955,-0.303762
16,293,798.34,475.94,475.94,756.144,0.308911
16,295,707.428,486.825,486.825,690.305,0.137319
16,312,22.9817,39.1944,39.1944,28.0669,-1.00297
16,336,0.190098,0.555197,0.555197,0.195621,-0.156281
16,360,0.000995749,0.00771018,0.00771018,0.00135529,-1.46854
16,384,7.71577e-6,0.000107031,0.000107031,9.44161e-6,-1.01188
16,385,56.1391,33.0319,33.0319,53.1434,0.312048
16,386,188.266,105.876,105.876,164.026,0.818059
16,389,500.711,352.484,352.484,494.48,0.069761
16,391,509.007,368.067,368.067,462.649,0.554686
16,408,19.2986,31.0796,31.0796,19.6721,-0.105105
16,432,0.116204,0.43803,0.43803,0.136969,-0.839217
16,456,0.00082651,0.00604205,0.00604205,0.000946955,-0.704102
16,480,1.04651e-5,8.31865e-5,8.31865e-5,6.49525e-6,3.38336
16,481,50.5486,29.6259,29.6259,44.581,0.741013
16,482,143.758,95.0007,95.0007,137.711,0.243037
16,485,441.619,318.157,318.157,415.359,0.349979
16,487,433.69,333.295,333.295,392.356,0.583177
16,504,20.0479,28.398,28.398,16.7496,1.09008
16,528,0.119046,0.3995,0.3995,0.114572,0.216198
16,552,0.000687866,0.00551131,0.00551131,0.000771568,-0.600531
16,576,5.14324e-6,7.58626e-5,7.58626e-5,5.14563e-6,-0.00256987
16,577,46.3551,27.8668,27.8668,40.0372,0.87354
16,578,137.729,89.375,89.375,123.718,0.626941
16,581,483.898,299.985,299.985,372.295,1.65946
16,583,316.594,314.811,314.811,353.132,-0.572764
16,600,15.9896,27.0195,27.0195,15.2788,0.257555
16,624,0.0847472,0.384576,0.384576,0.104271,-1.03653
16,648,0.000648815,0.0053318,0.0053318,0.000707853,-0.461703
17,0,0,0,0,0,0
17,1,66.0885,85.4622,85.4622,57.304,0.848608
17,2,76.5798,149.417,149.417,84.2185,-0.502094
17,5,90.3505,176.186,176.186,99.9748,-0.532905
17,7,71.7466,141.881,141.881,86.4493,-0.941477
17,24,8.28067,8.26756,8.26756,8.54305,-0.170016
17,48,0.205305,0.114276,0.114276,0.215821,-0.269735
17,72,0.00506306,0.00157608,0.00157608,0.00521993,-0.166358
17,96,0.000133935,2.18494e-5,2.18494e-5,0.000125829,0.356604
17,97,6.40905,11.6179,11.6179,6.1765,0.20842
17,98,21.334,37.4639,37.4639,20.6785,0.175478
17,101,83.1126,122.732,122.732,76.5227,0.476719
17,103,86.2102,124.654,124.654,86.1607,0.00317875
17,120,14.0813,9.81058,9.81058,13.3631,0.29754
17,144,0.306708,0.137627,0.137627,0.35804,-0.793651
17,168,0.00945102,0.00189867,0.00189867,0.00877154,0.428819
17,192,0.000227438,2.60927e-5,2.60927e-5,0.000212913,0.377673
17,193,9.11097,14.8526,14.8526,8.83018,0.17603
17,194,30.5008,47.9086,47.9086,29.5551,0.177144
17,197,128.544,159.214,159.214,110.159,0.923868
17,199,141.439,163.506,163.506,125.462,0.704914
17,216,21.8327,13.2041,13.2041,20.3465,0.404331
17,240,0.59946,0.185704,0.185704,0.542678,0.579222
17,264,0.0114851,0.00256071,0.00256071,0.0131183,-0.689211
17,288,0.000373319,3.52479e-5,3.52479e-5,0.000314176,1.04208
17,289,35.1557,45.9959,45.9959,30.5182,0.841217
17,290,106.319,146.985,146.985,101.22,0.278867
17,293,421.481,475.94,475.94,371.186,0.750086
17,295,480.113,486.825,486.825,423.184,0.744699
17,312,68.5051,39.1944,39.1944,69.4786,-0.0775624
17,336,1.98269,0.555197,0.555197,1.87151,0.328879
17,360,0.0448404,0.00771018,0.00771018,0.045524,-0.0831223
17,384,0.000984896,0.000107031,0.000107031,0.00109847,-0.572361
17,385,29.6616,33.0319,33.0319,26.2321,0.723713
17,386,86.3599,105.876,105.876,87.1093,-0.0476243
17,389,327.235,352.484,352.484,323.305,0.0672987
17,391,375.476,368.067,368.067,372.529,0.0437941
17,408,56.2426,31.0796,31.0796,63.4665,-0.630084
17,432,1.82701,0.43803,0.43803,1.72442,0.329325
17,456,0.0425853,0.00604205,0.00604205,0.0422403,0.0452159
17,480,0.00103164,8.31865e-5,8.31865e-5,0.00102531,0.0341509
17,481,24.388,29.6259,29.6259,25.1976,-0.177874
17,482,96.2208,95.0007,95.0007,83.686,0.829159
17,485,396.249,318.157,318.157,311.069,1.51584
17,487,326.469,333.295,333.295,358.969,-0.501188
17,504,53.3655,28.398,28.398,61.5576,-0.736692
17,528,1.39321,0.3995,0.3995,1.67338,-0.926827
17,552,0.0395646,0.00551131,0.00551131,0.0406579,-0.148857
17,576,0.00115465,7.58626e-5,7.58626e-5,0.00097885,0.994205
17,577,23.6881,27.8668,27.8668,24.7054,-0.227946
17,578,89.4053,89.375,89.375,82.0552,0.495866
17,581,301.511,299.985,299.985,305.196,-0.0668341
17,583,336.392,314.811,314.811,352.363,-0.250905
17,600,73.9434,27.0195,27.0195,60.5699,1.22226
17,624,1.69696,0.384576,0.384576,1.6473,0.166879
17,648,0.0422574,0.0053318,0.0053318,0.0400261,0.308586
18,0,0,0,0,0,0
18,1,63.3628,85.4622,85.4622,62.3499,0.0899338
18,2,68.1382,149.417,149.417,87.8519,-1.2422
18,5,101.154,176.186,176.186,96.1325,0.289174
18,7,82.0246,141.881,141.881,78.1328,0.275735
18,24,4.93369,8.26756,8.26756,4.70992,0.262997
18,48,0.0653829,0.114276,0.114276,0.0686113,-0.260477
18,72,0.000776912,0.00157608,0.00157608,0.000993276,-1.20584
18,96,1.94966e-5,2.18494e-5,2.18494e-5,1.4224e-5,2.05203
18,97,8.74538,11.6179,11.6179,7.72302,0.732814
18,98,26.6949,37.4639,37.4639,24.8685,0.406547
18,101,73.8383,122.732,122.732,81.7164,-0.533688
18,103,91.0475,124.654,124.654,83.144,0.526216
18,120,6.77274,9.81058,9.81058,6.66461,0.089818
18,144,0.0992634,0.137627,0.137627,0.0976877,0.0892894
18,168,0.00101488,0.00189867,0.00189867,0.00140994,-1.55109
18,192,2.15267e-5,2.60927e-5,2.60927e-5,2.02091e-5,0.360907
18,193,11.9767,14.8526,14.8526,10.9366,0.526438
18,194,35.1346,47.9086,47.9086,35.229,-0.014835
18,197,116.319,159.214,159.214,117.169,-0.0402004
18,199,143.585,163.506,163.506,120.624,1.05374
18,216,12.2191,13.2041,13.2041,9.89397,1.30092
18,240,0.150582,0.185704,0.185704,0.143399,0.277288
18,264,0.00220254,0.00256071,0.00256071,0.00203063,0.46865
18,288,2.5795e-5,3.52479e-5,3.52479e-5,2.8908e-5,-0.596109
18,289,39.8874,45.9959,45.9959,37.3606,0.374386
18,290,123.629,146.985,146.985,119.338,0.199077
18,293,408.275,475.94,475.94,391.518,0.236922
18,295,322.997,486.825,486.825,403.386,-1.10318
18,312,39.7979,39.1944,39.1944,33.3431,1.07164
18,336,0.400065,0.555197,0.555197,0.488898,-1.00584
18,360,0.00641733,0.00771018,0.00771018,0.00702323,-0.477569
18,384,8.70008e-5,0.000107031,0.000107031,0.000100923,-0.763659
18,385,34.9063,33.0319,33.0319,31.5337,0.592053
18,386,101.557,105.876,105.876,100.924,0.0347279
18,389,293.395,352.484,352.484,336.638,-0.711086
18,391,339.852,368.067,368.067,351.244,-0.179549
18,408,30.8979,31.0796,31.0796,29.7432,0.21491
18,432,0.446165,0.43803,0.43803,0.435688,0.13311
18,456,0.00617338,0.00604205,0.00604205,0.00620748,-0.0304062
18,480,8.33019e-5,8.31865e-5,8.31865e-5,8.83748e-5,-0.317761
18,481,31.4073,29.6259,29.6259,30.1082,0.238868
18,482,89.1743,95.0007,95.0007,96.3842,-0.414096
18,485,367.149,318.157,318.157,322.163,0.772988
18,487,395.076,333.295,333.295,336.814,0.957568
18,504,30.7957,28.398,28.398,28.7441,0.395113
18,528,0.34184,0.3995,0.3995,0.420154,-1.03182
18,552,0.00628876,0.00551131,0.00551131,0.00602835,0.239135
18,576,9.09211e-5,7.58626e-5,7.58626e-5,8.63185e-5,0.295171
18,577,32.4508,27.8668,27.8668,29.4214,0.569979
18,578,99.5297,89.375,89.375,94.1934,0.313616
18,581,306.1,299.985,299.985,315.071,-0.157616
18,583,350.38,314.811,314.811,329.647,0.348161
18,600,34.2977,27.0195,27.0195,28.1991,1.1972
18,624,0.479121,0.384576,0.384576,0.41082,0.920346
18,648,0.00603765,0.0053318,0.0053318,0.005895,0.13396
19,0,0,0,0,0,0
19,1,653.367,246.643,246.643,616.949,0.326764
19,2,1134.83,357.098,357.098,983.422,0.852278
19,5,1159.08,392.234,392.234,1065.67,0.485211
19,7,749.781,317.762,317.762,823.974,-0.498453
19,24,36.6092,18.7644,18.7644,32.5604,0.688337
19,48,0.269492,0.260529,0.260529,0.266996,0.0517486
19,72,0.00263457,0.00359107,0.00359107,0.00217789,1.16077
19,96,1.81298e-5,4.93571e-5,4.93571e-5,1.76107e-5,0.163193
19,97,31.8615,12.6922,12.6922,36.5376,-0.708466
19,98,128.454,40.9795,40.9795,115.512,0.620231
19,101,324.755,137.961,137.961,364.683,-0.606084
19,103,410.961,142.591,142.591,355.248,0.868171
19,120,16.4845,11.7916,11.7916,18.8166,-0.686071
19,144,0.175293,0.16856,0.16856,0.157102,0.640992
19,168,0.00112491,0.00235938,0.00235938,0.0012971,-0.73487
20,0,0,0,0,0,0
20,1,275.681,246.643,246.643,267.557,0.168074
20,2,419.878,357.098,357.098,389.422,0.432936
20,5,420.196,392.234,392.234,432.477,-0.1572
20,7,338.976,317.762,317.762,353.717,-0.230691
20,24,16.4209,18.7644,18.7644,20.414,-1.08282
20,48,0.221922,0.260529,0.260529,0.235837,-0.326628
20,72,0.00253549,0.00359107,0.00359107,0.00260175,-0.140984
20,96,3.35193e-5,4.93571e-5,4.93571e-5,2.85859e-5,0.955367
20,97,15.6177,12.6922,12.6922,13.6511,0.79752
20,98,49.5215,40.9795,40.9795,44.7322,0.59269
20,101,150.277,137.961,137.961,156.043,-0.204578
20,103,158.065,142.591,142.591,166.797,-0.289798
20,120,15.9831,11.7916,11.7916,15.3272,0.236875
20,144,0.217327,0.16856,0.16856,0.186583,0.912124
20,168,0.00205447,0.00235938,0.00235938,0.002054,0.00127457
20,192,2.84218e-5,3.29704e-5,3.29704e-5,2.227e-5,1.52916
20,193,26.0576,24.9115,24.9115,26.4789,-0.0880895
20,194,107.207,80.1272,80.1272,86.4215,1.33138
20,197,285.479,267.892,267.892,299.732,-0.263245
20,199,359.224,276.789,276.789,320.423,0.67033
20,216,34.4137,22.7836,22.7836,29.3426,0.956697
20,240,0.329724,0.325221,0.325221,0.354273,-0.383591
20,264,0.00366858,0.00450476,0.00450476,0.00387883,-0.300057
20,288,3.93317e-5,6.20321e-5,6.20321e-5,4.20116e-5,-0.353119
20,289,63.3457,56.4453,56.4453,59.7566,0.332488
20,290,186.518,179.608,179.608,192.798,-0.180321
20,293,584.595,591.297,591.297,653.868,-0.586476
20,295,636.734,612.623,612.623,702.578,-0.518799
20,312,65.2227,51.1037,51.1037,65.9637,-0.0621867
20,336,0.788594,0.733528,0.733528,0.795579,-0.048604
20,360,0.00941258,0.0103015,0.0103015,0.00865488,0.484628
20,384,8.65988e-5,0.000144143,0.000144143,9.32858e-5,-0.396816
20,385,59.3251,46.4615,46.4615,49.3596,1.11764
20,386,196.068,148.045,148.045,159.457,1.27099
20,389,571.331,491.061,491.061,548.218,0.233388
20,391,546.156,515.102,515.102,595.744,-0.460774
20,408,62.6387,44.2621,44.2621,57.9478,0.44811
20,432,0.793987,0.628575,0.628575,0.710113,0.653842
20,456,0.00827789,0.00872184,0.00872184,0.00780586,0.334755
20,480,7.16193e-5,0.00012105,0.00012105,8.61433e-5,-0.93334
20,481,47.6358,43.0025,43.0025,45.7848,0.22379
20,482,151.325,137.065,137.065,147.949,0.126316
20,485,487.014,457.189,457.189,511.155,-0.261445
20,487,559.574,480.383,480.383,556.528,0.0302969
20,504,58.2628,41.3918,41.3918,54.5574,0.37597
20,528,0.863557,0.581354,0.581354,0.665711,1.64519
20,552,0.00728222,0.0079244,0.0079244,0.00735045,-0.0513842
20,576,7.66121e-5,0.000108552,0.000108552,8.05396e-5,-0.269949
20,577,48.5497,41.1223,41.1223,43.8586,0.592086
20,578,155.833,131.088,131.088,141.74,0.550418
20,581,443.912,436.869,436.869,491.136,-0.532279
20,583,428.468,459.722,459.722,535.001,-1.10231
20,600,50.427,39.6816,39.6816,53.1466,-0.283279
20,624,0.624015,0.5638,0.5638,0.647353,-0.199575
20,648,0.00747255,0.0078009,0.0078009,0.00709525,0.294364
21,0,0,0,0,0,0
21,1,72.8301,246.643,246.643,79.5057,-0.4648
21,2,100.286,357.098,357.098,105.458,-0.271479
21,5,141.847,392.234,392.234,132.218,0.403152
21,7,113.884,317.762,317.762,118.889,-0.233054
21,24,12.4069,18.7644,18.7644,12.2636,0.0646598
21,48,0.239899,0.260529,0.260529,0.232692,0.171436
21,72,0.00357173,0.00359107,0.00359107,0.00352776,0.0689991
21,96,4.81717e-5,4.93571e-5,4.93571e-5,4.69437e-5,0.144808
21,97,6.91311,12.6922,12.6922,6.17363,0.663064
21,98,18.4324,40.9795,40.9795,20.8069,-0.631745
21,101,74.7845,137.961,137.961,79.6929,-0.340954
21,103,92.4438,142.591,142.591,92.3733,0.00422173
21,120,15.8075,11.7916,11.7916,15.6367,0.0604557
21,144,0.428178,0.16856,0.16856,0.331446,1.61559
21,168,0.00537595,0.00235938,0.00235938,0.00522727,0.157447
21,192,7.07717e-5,3.29704e-5,3.29704e-5,7.37084e-5,-0.220554
21,193,12.6692,24.9115,24.9115,13.166,-0.208894
21,194,56.3421,80.1272,80.1272,44.197,1.52117
21,197,168.587,267.892,267.892,167.492,0.0361935
21,199,204.33,276.789,276.789,195.206,0.258755
21,216,36.6929,22.7836,22.7836,33.9131,0.453757
21,240,0.722865,0.325221,0.325221,0.729085,-0.0472248
21,264,0.013022,0.00450476,0.00450476,0.0115804,0.689128
21,288,0.000173065,6.20321e-5,6.20321e-5,0.000164983,0.2712
21,289,35.4526,56.4453,56.4453,34.017,0.233615
21,290,108.27,179.608,179.608,112.783,-0.221491
21,293,449.119,591.297,591.297,418.747,0.401508
21,295,509.927,612.623,612.623,490.457,0.219763
21,312,90.1187,51.1037,51.1037,88.7289,0.0867121
21,336,1.82871,0.733528,0.733528,1.9309,-0.292973
21,360,0.0292807,0.0103015,0.0103015,0.0307644,-0.266982
21,384,0.00046565,0.000144143,0.000144143,0.000438761,0.339255
21,385,34.1013,46.4615,46.4615,32.6493,0.246197
21,386,116.064,148.045,148.045,108.28,0.397931
21,389,445.548,491.061,491.061,403.09,0.583078
21,391,442.479,515.102,515.102,473.277,-0.36023
21,408,97.7573,44.2621,44.2621,86.5584,0.716208
21,432,1.90712,0.628575,0.628575,1.88288,0.0712425
21,456,0.0296504,0.00872184,0.00872184,0.0298947,-0.045253
21,480,0.000375873,0.00012105,0.00012105,0.000422589,-0.611965
21,481,33.2097,43.0025,43.0025,32.2618,0.162655
21,482,92.9775,137.065,137.065,107,-0.725452
21,485,399.653,457.189,457.189,398.505,0.0159594
21,487,496.002,480.383,480.383,468.127,0.329626
21,504,82.6249,41.3918,41.3918,85.8534,-0.20817
21,528,1.9373,0.581354,0.581354,1.86942,0.201001
21,552,0.0310987,0.0079244,0.0079244,0.0296905,0.262556
21,576,0.000447629,0.000108552,0.000108552,0.000419762,0.367508
21,577,39.1666,41.1223,41.1223,32.076,1.22372
21,578,134.392,131.088,131.088,106.385,1.45733
21,581,414.714,436.869,436.869,396.221,0.258363
21,583,482.611,459.722,459.722,465.566,0.20267
21,600,84.8172,39.6816,39.6816,85.4616,-0.0417409
21,624,1.65273,0.5638,0.5638,1.86196,-0.622056
21,648,0.0308435,0.0078009,0.0078009,0.0295794,0.236574
22,0,0,0,0,0,0
22,1,1076.72,368.999,368.999,1013.48,0.345386
22,2,2550.19,508.781,508.781,2562.91,-0.0274809
22,5,4131.09,554.609,554.609,3999.88,0.18159
22,7,3593.6,452.538,452.538,3291.24,0.508545
22,24,193.021,27.1299,27.1299,175.233,0.561944
22,48,2.05043,0.374324,0.374324,2.04015,0.0278705
22,72,0.0222331,0.0050958,0.0050958,0.0234759,-0.293055
23,0,0,0,0,0,0
23,1,510.563,368.999,368.999,456.913,0.649994
23,2,545.224,508.781,508.781,722.268,-1.35693
23,5,710.739,554.609,554.609,798.357,-0.60753
23,7,506.583,452.538,452.538,631.425,-1.0945
23,24,27.0095,27.1299,27.1299,30.8422,-0.687908
23,48,0.318962,0.374324,0.374324,0.340494,-0.350069
23,72,0.00312529,0.0050958,0.0050958,0.00373017,-0.897677
23,96,3.12695e-5,6.96759e-5,6.96759e-5,4.07494e-5,-1.28783
23,97,31.4391,24.5528,24.5528,31.126,0.05568
23,98,103.413,78.9813,78.9813,99.0924,0.241371
23,101,353.827,266.679,266.679,318.321,0.617463
23,103,329.571,274.481,274.481,319.762,0.169815
23,120,21.8783,22.6454,22.6454,21.227,0.169851
23,144,0.218516,0.320992,0.320992,0.231994,-0.321584
23,168,0.00273093,0.00445289,0.00445289,0.00248262,0.553683
23,192,2.78137e-5,6.1651e-5,6.1651e-5,2.67682e-5,0.216195
23,193,52.818,38.6291,38.6291,46.473,0.755786
23,194,160.664,123.63,123.63,147.197,0.506475
23,197,562.997,410.745,410.745,471.431,1.0752
23,199,488.595,427.114,427.114,474.228,0.167702
23,216,36.38,35.7011,35.7011,31.8766,0.782067
23,240,0.314065,0.506304,0.506304,0.357302,-0.669872
23,264,0.00375613,0.00700568,0.00700568,0.00393961,-0.25782
23,288,5.56796e-5,9.76432e-5,9.76432e-5,4.34052e-5,1.56541
23,289,82.6682,62.7697,62.7697,70.477,0.957577
23,290,278.227,198.945,198.945,221.102,1.43022
23,293,622.97,659.421,659.421,700.465,-0.612442
23,295,788.046,687.568,687.568,710.706,0.602406
23,312,56.1374,58.7931,58.7931,48.4474,0.878675
23,336,0.490026,0.834927,0.834927,0.534812,-0.46357
23,360,0.0060041,0.0115884,0.0115884,0.00581028,0.184662
24,0,0,0,0,0,0
24,1,1666.75,368.999,368.999,1518.67,0.539742
24,2,4274.52,508.781,508.781,3601.48,1.03451
24,5,6005,554.609,554.609,5367.98,0.65693
24,7,4123.29,452.538,452.538,4551.68,-0.520998
24,24,391.403,27.1299,27.1299,360.1,0.481216
24,48,6.9207,0.374324,0.374324,7.77044,-0.605363
24,72,0.177964,0.0050958,0.0050958,0.166307,0.388032
25,0,0,0,0,0,0
25,1,61.3788,85.4622,85.4622,54.8419,0.659837
25,2,83.0984,149.417,149.417,81.938,0.0783985
25,5,78.3188,176.186,176.186,84.8817,-0.428014
25,7,63.404,141.881,141.881,64.4024,-0.0858189
25,24,2.92493,8.26756,8.26756,2.95379,-0.0540851
25,48,0.0281048,0.114276,0.114276,0.0355384,-1.15791
25,72,0.000274804,0.00157608,0.00157608,0.000426083,-1.96542
25,96,4.71227e-6,2.18494e-5,2.18494e-5,5.04027e-6,-0.360238
25,97,5.83575,11.6179,11.6179,7.58284,-1.27543
25,98,25.5873,37.4639,37.4639,23.0032,0.621862
25,101,56.8317,122.732,122.732,64.5411,-0.661245
25,103,52.2804,124.654,124.654,57.7053,-0.520419
25,120,3.1204,9.81058,9.81058,2.93448,0.350733
25,144,0.0313829,0.137627,0.137627,0.0345492,-0.507326
25,168,0.000308285,0.00189867,0.00189867,0.000406694,-1.33949
25,192,6.03806e-6,2.60927e-5,2.60927e-5,4.69848e-6,1.57828
25,193,11.0697,14.8526,14.8526,10.2047,0.469274
25,194,40.2347,47.9086,47.9086,30.9805,1.65359
25,197,73.4164,159.214,159.214,87.6517,-0.899041
25,199,94.5634,163.506,163.506,79.0099,1.08973
25,216,4.32626,13.2041,13.2041,4.07789,0.337166
25,240,0.0405976,0.185704,0.185704,0.0482551,-0.878457
25,264,0.00051867,0.00256071,0.00256071,0.000571259,-0.5096
25,288,1.27097e-5,3.52479e-5,3.52479e-5,6.41244e-6,5.43626
25,289,33.3579,45.9959,45.9959,32.56,0.135649
25,290,117.365,146.985,146.985,98.0521,1.09037
25,293,289.992,475.94,475.94,272.88,0.347138
25,295,234.108,486.825,486.825,245.35,-0.253633
25,312,11.493,39.1944,39.1944,12.6304,-0.498504
25,336,0.119895,0.555197,0.555197,0.151118,-1.14376
25,360,0.00132033,0.00771018,0.00771018,0.00180521,-1.48688
25,384,2.22861e-5,0.000107031,0.000107031,2.15075e-5,0.200398
25,385,26.5777,33.0319,33.0319,24.3463,0.507364
25,386,88.564,105.876,105.876,73.613,1.12431
25,389,214.499,352.484,352.484,211.069,0.0899681
25,391,224.178,368.067,368.067,192.729,0.903311
25,408,9.30671,31.0796,31.0796,10.0594,-0.41422
25,432,0.0966315,0.43803,0.43803,0.118342,-1.01555
25,456,0.000939598,0.00604205,0.00604205,0.00139319,-1.80231
25,480,1.42131e-5,8.31865e-5,8.31865e-5,1.64796e-5,-0.761339
25,481,22.3393,29.6259,29.6259,22.2109,0.0320093
25,482,65.0713,95.0007,95.0007,67.1949,-0.174943
25,485,210.703,318.157,318.157,193.513,0.491738
25,487,187.648,333.295,333.295,177.37,0.320798
25,504,9.66293,28.398,28.398,9.32075,0.203226
25,528,0.111329,0.3995,0.3995,0.110876,0.0225999
25,552,0.00107971,0.00551131,0.00551131,0.00131864,-1.00304
25,576,1.21712e-5,7.58626e-5,7.58626e-5,1.55919e-5,-1.21446
25,577,25.5282,27.8668,27.8668,21.118,1.15604
25,578,82.0319,89.375,89.375,63.9026,1.57049
25,581,183.755,299.985,299.985,184.561,-0.0241781
25,583,186.928,314.811,314.811,169.458,0.570704
25,600,7.80319,27.0195,27.0195,8.88552,-0.674297
25,624,0.0981365,0.384576,0.384576,0.103903,-0.307234
25,648,0.000846254,0.0053318,0.0053318,0.001224,-1.7084
26,0,0,0,0,0,0
26,1,151.659,85.4622,85.4622,103.703,2.55991
26,2,183.898,149.417,149.417,198.303,-0.402104
26,5,251.377,176.186,176.186,244.952,0.145204
26,7,214.36,141.881,141.881,198.297,0.448419
26,24,10.3886,8.26756,8.26756,10.003,0.213406
26,48,0.0994,0.114276,0.114276,0.0951146,0.249413
26,72,0.000570317,0.00157608,0.00157608,0.000848477,-1.8148
26,96,9.26779e-6,2.18494e-5,2.18494e-5,7.38548e-6,1.41087
26,97,19.105,11.6179,11.6179,15.8993,1.11614
26,98,50.0244,37.4639,37.4639,52.0165,-0.211997
26,101,167.42,122.732,122.732,176.59,-0.287483
26,103,140.194,124.654,124.654,183.942,-1.31658
26,120,13.7421,9.81058,9.81058,14.5443,-0.30533
26,144,0.148613,0.137627,0.137627,0.146357,0.0853354
26,168,0.00108559,0.00189867,0.00189867,0.00130833,-0.942428
26,192,2.11312e-5,2.60927e-5,2.60927e-5,1.14693e-5,4.66335
26,193,22.8336,14.8526,14.8526,19.195,1.04935
26,194,54.8697,47.9086,47.9086,62.8298,-0.70134
26,197,221.622,159.214,159.214,216.587,0.12869
26,199,250.318,163.506,163.506,229.225,0.509396
26,216,17.7751,13.2041,13.2041,19.219,-0.415897
26,240,0.155182,0.185704,0.185704,0.197773,-1.19214
26,264,0.00153771,0.00256071,0.00256071,0.00177978,-0.752907
26,288,1.31042e-5,3.52479e-5,3.52479e-5,1.55889e-5,-0.882351
26,289,52.2345,45.9959,45.9959,57.8947,-0.541219
26,290,190.223,146.985,146.985,187.602,0.0773412
26,293,595.987,475.94,475.94,631.21,-0.308907
26,295,629.858,486.825,486.825,663.18,-0.278144
26,312,50.7643,39.1944,39.1944,54.9654,-0.423103
26,336,0.467625,0.555197,0.555197,0.564115,-0.946867
26,360,0.0042485,0.00771018,0.00771018,0.00509646,-0.921051
26,384,3.47068e-5,0.000107031,0.000107031,4.53001e-5,-1.29451
26,385,52.7564,33.0319,33.0319,40.0699,1.75266
26,386,147.084,105.876,105.876,130.235,0.71616
26,389,424.335,352.484,352.484,450.422,-0.320609
26,391,465.388,368.067,368.067,485.376,-0.227969
26,408,49.4529,31.0796,31.0796,43.7247,0.725225
26,432,0.390122,0.43803,0.43803,0.45242,-0.76227
26,456,0.00350577,0.00604205,0.00604205,0.0040454,-0.73842
26,480,2.93198e-5,8.31865e-5,8.31865e-5,3.54623e-5,-0.958852
26,481,41.0659,29.6259,29.6259,35.3787,0.889878
26,482,126.196,95.0007,95.0007,115.039,0.536867
26,485,403.986,318.157,318.157,400.183,0.0526122
26,487,425.7,333.295,333.295,432.766,-0.0903922
26,504,42.2962,28.398,28.398,39.7642,0.352494
26,528,0.395693,0.3995,0.3995,0.412209,-0.221804
26,552,0.00392024,0.00551131,0.00551131,0.00369977,0.329879
26,576,3.06422e-5,7.58626e-5,7.58626e-5,3.24104e-5,-0.302002
26,577,40.9205,27.8668,27.8668,32.9435,1.34044
26,578,119.885,89.375,89.375,107.14,0.658556
26,581,354.764,299.985,299.985,372.253,-0.260066
26,583,414.301,314.811,314.811,403.909,0.142428
26,600,39.3642,27.0195,27.0195,37.365,0.296189
26,624,0.334948,0.384576,0.384576,0.387951,-0.756313
26,648,0.00351885,0.0053318,0.0053318,0.00348546,0.0530307
27,0,0,0,0,0,0
27,1,137.878,85.4622,85.4622,107.549,1.56104
27,2,261.44,149.417,149.417,242.252,0.438477
27,5,315.186,176.186,176.186,323.804,-0.147331
27,7,321.215,141.881,141.881,250.072,1.57485
27,24,13.7978,8.26756,8.26756,12.3618,0.643049
27,48,0.161273,0.114276,0.114276,0.164247,-0.100255
27,72,0.00268653,0.00157608,0.00157608,0.00218435,1.27266
27,96,2.8916e-5,2.18494e-5,2.18494e-5,2.91356e-5,-0.0417317
27,97,25.9028,11.6179,11.6179,29.2922,-0.640529
27,98,82.1063,37.4639,37.4639,88.2025,-0.382602
27,101,245.697,122.732,122.732,241.882,0.0873155
27,103,192.074,124.654,124.654,213.109,-0.546409
27,120,12.3099,9.81058,9.81058,11.4948,0.392518
27,144,0.144923,0.137627,0.137627,0.153925,-0.323753
27,168,0.0022063,0.00189867,0.00189867,0.00206314,0.384121
27,192,3.00834e-5,2.60927e-5,2.60927e-5,2.74892e-5,0.522408
27,193,37.409,14.8526,14.8526,34.931,0.392702
27,194,91.0027,47.9086,47.9086,105.314,-0.752247
27,197,289.653,159.214,159.214,291.928,-0.043128
27,199,263.984,163.506,163.506,260.387,0.0764908
27,216,13.9182,13.2041,13.2041,14.1131,-0.076451
27,240,0.213936,0.185704,0.185704,0.187993,0.7639
27,264,0.00227248,0.00256071,0.00256071,0.00250508,-0.514008
27,288,3.92211e-5,3.52479e-5,3.52479e-5,3.3394e-5,0.965952
27,289,99.5356,45.9959,45.9959,101.098,-0.0855366
27,290,315.729,146.985,146.985,302.032,0.251028
27,293,786.381,475.94,475.94,811.114,-0.1688
27,295,687.566,486.825,486.825,717.795,-0.233135
27,312,38.5075,39.1944,39.1944,38.6104,-0.0147542
27,336,0.575147,0.555197,0.555197,0.514319,0.654699
27,360,0.00568941,0.00771018,0.00771018,0.0068535,-0.940265
27,384,9.46917e-5,0.000107031,0.000107031,9.12501e-5,0.208789
27,385,78.1569,33.0319,33.0319,62.4058,1.3972
27,386,172.864,105.876,105.876,187.45,-0.430749
27,389,503.637,352.484,352.484,526.743,-0.242825
27,391,503.21,368.067,368.067,475.791,0.319008
27,408,29.6221,31.0796,31.0796,26.1121,0.744104
27,432,0.31914,0.43803,0.43803,0.347163,-0.446842
27,456,0.00477209,0.00604205,0.00604205,0.00461972,0.182584
27,480,6.04837e-5,8.31865e-5,8.31865e-5,6.13691e-5,-0.079863
27,481,57.3083,29.6259,29.6259,52.3542,0.52382
27,482,159.837,95.0007,95.0007,157.391,0.0860257
27,485,464.538,318.157,318.157,446.172,0.227861
27,487,390.657,333.295,333.295,404.538,-0.189947
27,504,24.2037,28.398,28.398,22.4265,0.438685
27,528,0.291565,0.3995,0.3995,0.304429,-0.233922
27,552,0.00451077,0.00551131,0.00551131,0.00412541,0.517101
27,576,5.46357e-5,7.58626e-5,7.58626e-5,5.57924e-5,-0.114768
27,577,52.6401,27.8668,27.8668,46.9717,0.668036
27,578,147.901,89.375,89.375,141.26,0.260251
27,581,491.26,299.985,299.985,401.886,1.23106
27,583,312.79,314.811,314.811,365.059,-0.792603
27,600,18.0402,27.0195,27.0195,20.1698,-0.584465
27,624,0.264935,0.384576,0.384576,0.268456,-0.072612
27,648,0.00378227,0.0053318,0.0053318,0.00357771,0.316514
28,0,0,0,0,0,0
28,1,146.105,85.4622,85.4622,116.117,1.42967
28,2,311.487,149.417,149.417,250.337,1.35221
28,5,384.83,176.186,176.186,329.723,0.925182
28,7,271.225,141.881,141.881,261.674,0.202044
28,24,13.4806,8.26756,8.26756,13.1697,0.130669
28,48,0.18684,0.114276,0.114276,0.164027,0.769895
28,72,0.0024382,0.00157608,0.00157608,0.00203527,1.09594
28,96,2.67101e-5,2.18494e-5,2.18494e-5,2.52013e-5,0.331429
28,97,24.2673,11.6179,11.6179,24.1713,0.0219838
28,98,79.9371,37.4639,37.4639,76.1869,0.272486
28,101,224.586,122.732,122.732,234.453,-0.232964
28,103,155.25,124.654,124.654,224.982,-1.71576
28,120,14.7422,9.81058,9.81058,13.8086,0.374253
28,144,0.149393,0.137627,0.137627,0.168627,-0.63141
28,168,0.00217155,0.00189867,0.00189867,0.00204944,0.329842
28,192,2.98517e-5,2.60927e-5,2.60927e-5,2.4965e-5,1.08356
28,193,29.9667,14.8526,14.8526,29.1076,0.16339
28,194,84.3106,47.9086,47.9086,91.8124,-0.452309
28,197,295.511,159.214,159.214,285.401,0.196098
28,199,308.113,163.506,163.506,277.106,0.619424
28,216,17.7303,13.2041,13.2041,17.4503,0.0888269
28,240,0.227561,0.185704,0.185704,0.217572,0.254155
28,264,0.00232113,0.00256071,0.00256071,0.00269535,-0.768576
28,288,3.40394e-5,3.52479e-5,3.52479e-5,3.33033e-5,0.122354
28,289,80.8068,45.9959,45.9959,85.4988,-0.303787
28,290,244.032,146.985,146.985,267.108,-0.47825
28,293,770.086,475.94,475.94,809.155,-0.267285
28,295,746.444,486.825,486.825,778.928,-0.230857
28,312,50.4059,39.1944,39.1944,48.5114,0.216178
28,336,0.443737,0.555197,0.555197,0.597596,-1.42524
28,360,0.00636066,0.00771018,0.00771018,0.0073207,-0.725954
28,384,8.44297e-5,0.000107031,0.000107031,8.94553e-5,-0.310998
28,385,58.9629,33.0319,33.0319,54.9332,0.406079
28,386,133.875,105.876,105.876,172.338,-1.23548
28,389,499.212,352.484,352.484,544.439,-0.459861
28,391,563.479,368.067,368.067,536.433,0.2791
28,408,37.7625,31.0796,31.0796,34.8454,0.463422
28,432,0.431382,0.43803,0.43803,0.433175,-0.022915
28,456,0.00474018,0.00604205,0.00604205,0.00535324,-0.633956
28,480,6.76121e-5,8.31865e-5,8.31865e-5,6.60581e-5,0.130225
28,481,48.5853,29.6259,29.6259,46.8996,0.19897
28,482,164.579,95.0007,95.0007,147.231,0.652256
28,485,369.355,318.157,318.157,464.94,-1.13806
28,487,498.023,333.295,333.295,460.02,0.457312
28,504,26.722,28.398,28.398,30.1736,-0.633226
28,528,0.355047,0.3995,0.3995,0.367627,-0.189436
28,552,0.00422802,0.00551131,0.00551131,0.0044439,-0.268926
28,576,5.9027e-5,7.58626e-5,7.58626e-5,5.38861e-5,0.528133
28,577,48.1277,27.8668,27.8668,42.6643,0.708888
28,578,181.898,89.375,89.375,133.971,1.98035
28,581,487.432,299.985,299.985,423.411,0.837019
28,583,380.765,314.811,314.811,420.974,-0.52873
28,600,31.8574,27.0195,27.0195,27.6361,0.845577
28,624,0.310464,0.384576,0.384576,0.339016,-0.466216
28,648,0.00448118,0.0053318,0.0053318,0.00413304,0.46629
29,0,0,0,0,0,0
29,1,74.8352,85.4622,85.4622,75.349,-0.0377509
29,2,161.188,149.417,149.417,153.635,0.272148
29,5,193.36,176.186,176.186,205.513,-0.327342
29,7,163.698,141.881,141.881,173.464,-0.311661
29,24,14.9761,8.26756,8.26756,14.9847,-0.00317787
29,48,0.319073,0.114276,0.114276,0.37253,-0.794362
29,72,0.00843494,0.00157608,0.00157608,0.00918136,-0.450036
29,96,0.000203651,2.18494e-5,2.18494e-5,0.000226245,-0.552822
29,97,11.4151,11.6179,11.6179,11.0071,0.205208
29,98,40.8872,37.4639,37.4639,36.0505,0.7427
29,101,115.307,122.732,122.732,124.498,-0.408674
29,103,153.145,124.654,124.654,132.398,0.867482
29,120,14.3695,9.81058,9.81058,15.5862,-0.432127
29,144,0.366156,0.137627,0.137627,0.391797,-0.362279
29,168,0.0104496,0.00189867,0.00189867,0.00966171,0.451411
29,192,0.000226938,2.60927e-5,2.60927e-5,0.000238328,-0.264565
29,193,14.9457,14.8526,14.8526,13.9841,0.380655
29,194,45.7256,47.9086,47.9086,45.7927,-0.00811221
29,197,173.867,159.214,159.214,159.269,0.507398
29,199,179.109,163.506,163.506,170.998,0.262582
29,216,20.9728,13.2041,13.2041,20.6694,0.0812533
29,240,0.575075,0.185704,0.185704,0.520296,0.582831
29,264,0.0123313,0.00256071,0.00256071,0.0128352,-0.217336
29,288,0.00034299,3.52479e-5,3.52479e-5,0.000316769,0.458229
29,289,48.4894,45.9959,45.9959,42.4681,0.784883
29,290,159.433,146.985,146.985,137.76,0.870924
29,293,540.389,475.94,475.94,467.811,0.858835
29,295,506.294,486.825,486.825,499.015,0.0807523
29,312,67.5042,39.1944,39.1944,59.6381,0.730149
29,336,1.7848,0.555197,0.555197,1.51093,1.00343
29,360,0.042191,0.00771018,0.00771018,0.0376053,0.675031
29,384,0.000881175,0.000107031,0.000107031,0.000932897,-0.306912
29,385,32.2488,33.0319,33.0319,29.11,0.596893
29,386,106.305,105.876,105.876,94.6781,0.67979
29,389,337.703,352.484,352.484,330.082,0.12782
29,391,366.785,368.067,368.067,359.183,0.117156
29,408,44.6017,31.0796,31.0796,45.3507,-0.0914256
29,432,1.26883,0.43803,0.43803,1.14444,0.601659
29,456,0.0287825,0.00604205,0.00604205,0.028233,0.107742
29,480,0.00078152,8.31865e-5,8.31865e-5,0.000696672,0.674196
29,481,22.6696,29.6259,29.6259,25.574,-0.628689
29,482,71.9963,95.0007,95.0007,83.2115,-0.746099
29,485,288.038,318.157,318.157,292.278,-0.0803039
29,487,290.103,333.295,333.295,318.965,-0.500903
29,504,46.0215,28.398,28.398,40.6095,0.737737
29,528,0.933263,0.3995,0.3995,1.02567,-0.498732
29,552,0.0266358,0.00551131,0.00551131,0.0253035,0.291466
29,576,0.000646897,7.58626e-5,7.58626e-5,0.000624361,0.199803
29,577,28.6087,27.8668,27.8668,23.7193,1.14112
29,578,71.7638,89.375,89.375,77.1891,-0.389085
29,581,296.233,299.985,299.985,270.713,0.521848
29,583,336.669,314.811,314.811,296.076,0.758979
29,600,37.6916,27.0195,27.0195,37.665,0.00390036
29,624,1.07662,0.384576,0.384576,0.948857,0.74541
29,648,0.0247857,0.0053318,0.0053318,0.0233118,0.349985
30,0,0,0,0,0,0
30,1,27.8498,85.4622,85.4622,30.6268,-0.501946
30,2,32.0502,149.417,149.417,41.2852,-1.23827
30,5,52.0258,176.186,176.186,51.0214,0.108972
30,7,47.8413,141.881,141.881,46.1824,0.198853
30,24,6.24661,8.26756,8.26756,5.92575,0.299744
30,48,0.173852,0.114276,0.114276,0.175393,-0.048644
30,72,0.00414063,0.00157608,0.00157608,0.00431789,-0.227254
30,96,0.00012487,2.18494e-5,2.18494e-5,9.85451e-5,1.47877
30,97,4.84712,11.6179,11.6179,4.57026,0.335344
30,98,15.2694,37.4639,37.4639,15.6161,-0.122909
30,101,72.5623,122.732,122.732,61.5251,0.993071
30,103,96.9749,124.654,124.654,73.4964,1.76839
30,120,17.6152,9.81058,9.81058,16.9227,0.226525
30,144,0.713184,0.137627,0.137627,0.584614,1.21743
30,168,0.0151923,0.00189867,0.00189867,0.015225,-0.0118886
30,192,0.000359174,2.60927e-5,2.60927e-5,0.000356707,0.038291
30,193,7.4022,14.8526,14.8526,7.30331,0.074957
30,194,26.6278,47.9086,47.9086,24.944,0.373669
30,197,110.893,159.214,159.214,99.161,0.65493
30,199,131.127,163.506,163.506,119.801,0.523349
30,216,35.707,13.2041,13.2041,29.3442,1.20032
30,240,1.10628,0.185704,0.185704,1.04334,0.333952
30,264,0.0262052,0.00256071,0.00256071,0.0273831,-0.238129
30,288,0.000549427,3.52479e-5,3.52479e-5,0.00064498,-0.820107
30,289,27.0762,45.9959,45.9959,27.8331,-0.150538
30,290,103.373,146.985,146.985,94.1394,0.542947
30,293,356.157,475.94,475.94,368.951,-0.19196
30,295,512.853,486.825,486.825,446.584,0.821452
30,312,102.728,39.1944,39.1944,112.854,-0.496716
30,336,3.73105,0.555197,0.555197,4.04415,-0.428578
30,360,0.113058,0.00771018,0.00771018,0.106282,0.352952
30,384,0.00264609,0.000107031,0.000107031,0.00250964,0.300962
30,385,20.5225,33.0319,33.0319,26.7198,-1.28395
30,386,88.0041,105.876,105.876,90.4012,-0.146786
30,389,326.232,352.484,352.484,354.396,-0.439931
30,391,453.349,368.067,368.067,430.872,0.288787
30,408,124.425,31.0796,31.0796,110.848,0.678038
30,432,3.62603,0.43803,0.43803,4.01747,-0.539369
30,456,0.102001,0.00604205,0.00604205,0.106226,-0.220194
30,480,0.0024291,8.31865e-5,8.31865e-5,0.00251147,-0.181555
30,481,29.1707,29.6259,29.6259,26.4946,0.559132
30,482,105.283,95.0007,95.0007,89.6417,0.965884
30,485,289.76,318.157,318.157,351.488,-0.972179
30,487,477.276,333.295,333.295,427.515,0.644327
30,504,113.408,28.398,28.398,110.262,0.157943
30,528,3.95306,0.3995,0.3995,3.9778,-0.0344272
30,552,0.103055,0.00551131,0.00551131,0.105178,-0.111755
30,576,0.00229651,7.58626e-5,7.58626e-5,0.00248358,-0.416962
30,577,32.1322,27.8668,27.8668,26.3963,1.20291
30,578,108.71,89.375,89.375,89.31,1.20251
30,581,378.922,299.985,299.985,350.245,0.453254
30,583,400.978,314.811,314.811,426.035,-0.325579
30,600,102.132,27.0195,27.0195,109.963,-0.394229
30,624,3.73923,0.384576,0.384576,3.9688,-0.320209
30,648,0.116698,0.0053318,0.0053318,0.104944,0.620058