id,time,y2,popPred_medianCOV,popPred,indivPred_SAEM,indWRes_SAEM
1,0,0,0,0,0,0
1,1,158.64,89.5787,89.5787,146.266,0.47066
1,2,522.547,166.695,166.695,409.062,1.54346
1,5,871.91,202.369,202.369,739.076,0.999918
1,7,683.29,162.496,162.496,611.716,0.650954
1,24,39.2325,9.57966,9.57966,31.5425,1.35636
1,48,0.360177,0.145302,0.145302,0.360285,-0.00167509
1,72,0.00398077,0.00223446,0.00223446,0.00406711,-0.1181
1,96,5.0603e-5,3.44718e-5,3.44718e-5,4.61039e-5,0.542914
1,97,60.3723,13.6694,13.6694,60.6913,-0.0292367
1,98,172.58,44.0039,44.0039,195.767,-0.658947
1,101,606.464,140.615,140.615,619.814,-0.119828
1,103,583.566,138.506,138.506,604.097,-0.189081
1,120,37.2346,10.2059,10.2059,38.1725,-0.136685
1,144,0.552617,0.158708,0.158708,0.442968,1.37713
1,168,0.00524848,0.00246145,0.00246145,0.00508733,0.176231
1,192,6.77306e-5,3.82378e-5,3.82378e-5,5.82254e-5,0.90822
1,193,72.8482,17.5308,17.5308,66.5978,0.52215
1,194,211.191,56.4582,56.4582,215.151,-0.102386
1,197,619.276,183.024,183.024,702.169,-0.65678
1,199,643.867,182.012,182.012,694.033,-0.402133
1,216,41.1421,13.659,13.659,45.4507,-0.5274
1,240,0.530082,0.214014,0.214014,0.532703,-0.0273802
1,264,0.00619423,0.00333687,0.00333687,0.00616852,0.0231929
1,288,7.7715e-5,5.20242e-5,5.20242e-5,7.14433e-5,0.488393
1,289,81.0368,25.4602,25.4602,88.8042,-0.486613
1,290,235.054,81.8692,81.8692,286.448,-0.998176
1,293,863.558,265.655,265.655,929.436,-0.394334
1,295,856.977,265.835,265.835,927.252,-0.421644
1,312,57.593,20.1554,20.1554,61.3444,-0.340219
1,336,0.743637,0.314195,0.314195,0.70595,0.297001
1,360,0.00798024,0.00486482,0.00486482,0.00806386,-0.05769
1,384,9.93843e-5,7.52116e-5,7.52116e-5,9.20367e-5,0.444149
1,385,68.9511,20.2201,20.2201,64.8101,0.355469
1,386,265.408,65.1008,65.1008,209.371,1.48901
1,389,724.509,215.873,215.873,689.761,0.280269
1,391,689.069,217.313,217.313,695.204,-0.0490919
1,408,46.8567,16.7954,16.7954,47.679,-0.0959549
1,432,0.591871,0.263569,0.263569,0.55507,0.368856
1,456,0.00625767,0.00411233,0.00411233,0.00637626,-0.10347
1,480,6.2925e-5,6.40876e-5,6.40876e-5,7.30721e-5,-0.772563
1,481,58.7482,18.0194,18.0194,54.8473,0.395683
1,482,186.135,58.0373,58.0373,177.269,0.278234
1,485,510.544,192.084,192.084,588.437,-0.736443
1,487,612.938,194.145,194.145,595.756,0.160462
1,504,40.2825,14.999,14.999,41.2351,-0.128521
1,528,0.472872,0.232503,0.232503,0.475855,-0.0348685
1,552,0.00495682,0.00358347,0.00358347,0.00543464,-0.48914
1,576,5.69971e-5,5.51711e-5,5.51711e-5,6.19603e-5,-0.44565
1,577,50.2935,16.7361,16.7361,48.929,0.155148
1,578,164.438,53.9131,53.9131,158.177,0.220207
1,581,499.367,178.26,178.26,524.317,-0.264743
1,583,424.867,180.153,180.153,532.693,-1.12613
1,600,39.4593,14.0655,14.0655,36.9075,0.384666
1,624,0.485719,0.21934,0.21934,0.430898,0.707799
1,648,0.00515713,0.00340201,0.00340201,0.00492239,0.265309
2,0,0,0,0,0,0
2,1,57.4723,89.5787,89.5787,52.2849,0.551966
2,2,80.5736,166.695,166.695,81.9488,-0.0933606
2,5,71.9266,202.369,202.369,94.9717,-1.34998
2,7,67.5692,162.496,162.496,78.4164,-0.769582
2,24,4.44695,9.57966,9.57966,4.82232,-0.433053
2,48,0.0528497,0.145302,0.145302,0.0554343,-0.259388
2,72,0.00037164,0.00223446,0.00223446,0.000559975,-1.87114
2,96,8.42183e-6,3.44718e-5,3.44718e-5,5.33771e-6,3.21454
2,97,7.2558,13.6694,13.6694,6.29242,0.851765
2,98,22.2259,44.0039,44.0039,21.1688,0.277831
2,101,78.0533,140.615,140.615,76.6841,0.099339
2,103,92.2968,138.506,138.506,83.3614,0.596339
2,120,8.21523,10.2059,10.2059,8.77902,-0.357288
2,144,0.0923794,0.158708,0.158708,0.113276,-1.0263
2,168,0.000827937,0.00246145,0.00246145,0.001172,-1.63323
2,192,1.1682e-5,3.82378e-5,3.82378e-5,1.13655e-5,0.154931
2,193,7.807,17.5308,17.5308,8.2588,-0.304349
2,194,26.5333,56.4582,56.4582,27.7952,-0.252571
2,197,96.7374,183.024,183.024,102.075,-0.290941
2,199,106.973,182.012,182.012,112.958,-0.294768
2,216,15.1755,13.659,13.659,12.7737,1.04609
2,240,0.171476,0.214014,0.214014,0.169336,0.0702888
2,264,0.00174338,0.00333687,0.00333687,0.00177498,-0.0990634
2,288,1.6205e-5,5.20242e-5,5.20242e-5,1.73664e-5,-0.372077
2,289,13.5639,25.4602,25.4602,12.8404,0.313505
2,290,51.8883,81.8692,81.8692,43.128,1.13006
2,293,193.681,265.655,265.655,158.571,1.23183
2,295,170.099,265.835,265.835,176.444,-0.200069
2,312,22.2328,20.1554,20.1554,20.5863,0.444944
2,336,0.244598,0.314195,0.314195,0.275746,-0.628439
2,360,0.00263679,0.00486482,0.00486482,0.00289713,-0.499947
2,384,2.36523e-5,7.52116e-5,7.52116e-5,2.84573e-5,-0.939372
2,385,13.288,20.2201,20.2201,11.0433,1.13085
2,386,36.9351,65.1008,65.1008,37.1186,-0.0275019
2,389,166.665,215.873,215.873,137.601,1.17511
2,391,155.725,217.313,217.313,154.414,0.0472587
2,408,22.9429,16.7954,16.7954,18.6969,1.26343
2,432,0.256503,0.263569,0.263569,0.252462,0.089042
2,456,0.00236933,0.00411233,0.00411233,0.00265918,-0.606419
3,0,0,0,0,0,0
3,1,127.573,89.5787,89.5787,91.2661,2.21318
3,2,171.471,166.695,166.695,181.89,-0.318676
3,5,217.521,202.369,202.369,221.201,-0.0925564
3,7,173.14,162.496,162.496,171.412,0.0560584
3,24,11.3515,9.57966,9.57966,9.47088,1.1047
3,48,0.173452,0.145302,0.145302,0.15021,0.86085
3,72,0.00262814,0.00223446,0.00223446,0.00237861,0.583636
3,96,3.69069e-5,3.44718e-5,3.44718e-5,3.75731e-5,-0.0986322
3,97,20.0589,13.6694,13.6694,18.1322,0.591169
3,98,45.771,44.0039,44.0039,55.591,-0.982766
3,101,159.464,140.615,140.615,159.935,-0.0163693
3,103,148.047,138.506,138.506,142.69,0.20887
3,120,8.55132,10.2059,10.2059,8.61203,-0.0392182
3,144,0.126431,0.158708,0.158708,0.134739,-0.343046
3,168,0.00191064,0.00246145,0.00246145,0.00210976,-0.525059
3,192,3.70237e-5,3.82378e-5,3.82378e-5,3.28536e-5,0.706167
3,193,25.1682,17.5308,17.5308,22.8242,0.57135
3,194,71.5813,56.4582,56.4582,70.037,0.122675
3,197,194.722,183.024,183.024,200.005,-0.146959
3,199,195.381,182.012,182.012,180.965,0.443192
3,216,11.0567,13.659,13.659,11.0212,0.0179634
3,240,0.171836,0.214014,0.214014,0.172507,-0.0216213
3,264,0.00246305,0.00333687,0.00333687,0.00270146,-0.490983
3,288,4.92207e-5,5.20242e-5,5.20242e-5,4.21285e-5,0.936583
3,289,29.0616,25.4602,25.4602,32.3609,-0.567221
3,290,108.511,81.8692,81.8692,99.1913,0.522714
3,293,303.824,265.655,265.655,284.768,0.372291
3,295,281.778,265.835,265.835,258.736,0.49546
3,312,18.5385,20.1554,20.1554,15.7548,0.983015
3,336,0.245925,0.314195,0.314195,0.245293,0.0143344
3,360,0.00491912,0.00486482,0.00486482,0.00381984,1.60105
3,384,6.11291e-5,7.52116e-5,7.52116e-5,5.94033e-5,0.161634
3,385,25.4837,20.2201,20.2201,24.8715,0.136949
3,386,78.6198,65.1008,65.1008,76.366,0.16419
3,389,202.438,215.873,215.873,222.431,-0.500052
3,391,176.122,217.313,217.313,203.402,-0.746174
3,408,11.7779,16.7954,16.7954,12.5635,-0.347896
3,432,0.211396,0.263569,0.263569,0.199371,0.335553
3,456,0.00244926,0.00411233,0.00411233,0.00315765,-1.2481
3,480,4.81169e-5,6.40876e-5,6.40876e-5,4.98343e-5,-0.191729
3,481,22.8808,18.0194,18.0194,21.7234,0.296424
3,482,75.8874,58.0373,58.0373,66.734,0.763098
3,485,206.063,192.084,192.084,195.081,0.313165
3,487,167.327,194.145,194.145,179.192,-0.368362
3,504,11.3824,14.999,14.999,11.0131,0.186577
3,528,0.191319,0.232503,0.232503,0.171629,0.638274
3,552,0.00269903,0.00358347,0.00358347,0.00267425,0.0515504
3,576,4.06299e-5,5.51711e-5,5.51711e-5,4.20135e-5,-0.183217
3,577,19.2997,16.7361,16.7361,19.8571,-0.156168
3,578,59.8975,53.9131,53.9131,61.0158,-0.101961
3,581,179.988,178.26,178.26,179.435,0.0171534
3,583,159.978,180.153,180.153,164.861,-0.164771
3,600,9.89302,14.0655,14.0655,10.1712,-0.152136
3,624,0.158537,0.21934,0.21934,0.158085,0.0159197
3,648,0.00234974,0.00340201,0.00340201,0.00245843,-0.245974
4,0,0,0,0,0,0
4,1,21.6635,89.5787,89.5787,19.3178,0.675541
4,2,24.3521,166.695,166.695,25.4492,-0.239828
4,5,27.3025,202.369,202.369,29.1081,-0.345108
4,7,20.8634,162.496,162.496,24.3125,-0.789253
4,24,1.7163,9.57966,9.57966,1.5029,0.789955
4,48,0.0234616,0.145302,0.145302,0.0204646,0.814746
4,72,0.000220531,0.00223446,0.00223446,0.000274438,-1.09281
4,96,4.34796e-6,3.44718e-5,3.44718e-5,3.59358e-6,1.1679
4,97,3.28581,13.6694,13.6694,3.3492,-0.1053
4,98,10.3177,44.0039,44.0039,10.9693,-0.330484
4,101,31.8951,140.615,140.615,37.0963,-0.780034
4,103,37.1754,138.506,138.506,38.2791,-0.160416
4,120,3.68617,10.2059,10.2059,3.12072,1.00805
4,144,0.0369197,0.158708,0.158708,0.0426351,-0.7458
4,168,0.000515214,0.00246145,0.00246145,0.000568652,-0.522806
4,192,8.12011e-6,3.82378e-5,3.82378e-5,7.31428e-6,0.61294
4,193,6.73626,17.5308,17.5308,5.35479,1.4353
4,194,18.6485,56.4582,56.4582,17.5478,0.348968
4,197,64.6376,183.024,183.024,60.2007,0.410031
4,199,54.5462,182.012,182.012,62.8793,-0.737293
4,216,5.54136,13.659,13.659,5.24765,0.311381
4,240,0.0574799,0.214014,0.214014,0.0713355,-1.0806
4,264,0.000915064,0.00333687,0.00333687,0.000944897,-0.175657
4,288,1.63807e-5,5.20242e-5,5.20242e-5,1.23991e-5,1.78656
4,289,10.4071,25.4602,25.4602,9.5823,0.478901
4,290,35.0861,81.8692,81.8692,31.3452,0.663959
4,293,112.761,265.655,265.655,107.708,0.260969
4,295,107.477,265.835,265.835,112.943,-0.269274
4,312,9.55842,20.1554,20.1554,9.52087,0.0219389
4,336,0.127619,0.314195,0.314195,0.129495,-0.080605
4,360,0.00186965,0.00486482,0.00486482,0.00171652,0.496298
4,384,1.94754e-5,7.52116e-5,7.52116e-5,2.27463e-5,-0.800032
4,385,10.7748,20.2201,20.2201,9.19486,0.955968
4,386,33.4874,65.1008,65.1008,30.0877,0.628635
4,389,95.5537,215.873,215.873,103.725,-0.438257
4,391,132.14,217.313,217.313,109.089,1.17557
4,408,8.52347,16.7954,16.7954,9.26806,-0.446965
4,432,0.110122,0.263569,0.263569,0.124863,-0.656801
4,456,0.00164428,0.00411233,0.00411233,0.00162116,0.0793159
4,480,2.53601e-5,6.40876e-5,6.40876e-5,2.12283e-5,1.08286
4,481,10.3709,18.0194,18.0194,9.05753,0.806721
4,482,31.9411,58.0373,58.0373,29.6403,0.431854
4,485,80.8912,192.084,192.084,102.296,-1.1641
4,487,109.432,194.145,194.145,107.635,0.0928614
4,504,9.73443,14.999,14.999,9.17434,0.339651
4,528,0.1296,0.232503,0.232503,0.125775,0.169235
4,552,0.00146709,0.00358347,0.00358347,0.00167635,-0.694493
4,576,2.4263e-5,5.51711e-5,5.51711e-5,2.21866e-5,0.520651
4,577,9.4075,16.7361,16.7361,8.98616,0.260857
4,578,27.8685,53.9131,53.9131,29.4075,-0.291153
4,581,110.676,178.26,178.26,101.549,0.500059
4,583,120.666,180.153,180.153,106.865,0.718499
4,600,8.26961,14.0655,14.0655,9.11451,-0.51572
4,624,0.12271,0.21934,0.21934,0.124963,-0.100302
4,648,0.00125778,0.00340201,0.00340201,0.00166551,-1.36197
5,0,0,0,0,0,0
5,1,103.427,89.5787,89.5787,93.8212,0.569584
5,2,227.171,166.695,166.695,200.444,0.741816
5,5,290.36,202.369,202.369,260.99,0.626067
5,7,198.177,162.496,162.496,206.466,-0.223355
5,24,13.4329,9.57966,9.57966,13.3404,0.0386018
5,48,0.263811,0.145302,0.145302,0.25953,0.0917765
5,72,0.00463813,0.00223446,0.00223446,0.00504948,-0.453214
5,96,0.000107672,3.44718e-5,3.44718e-5,9.79731e-5,0.550764
5,97,20.8547,13.6694,13.6694,20.067,0.218369
5,98,64.6555,44.0039,44.0039,62.023,0.236131
5,101,167.982,140.615,140.615,180.431,-0.383857
5,103,149.532,138.506,138.506,165.303,-0.530798
5,120,11.8136,10.2059,10.2059,11.6719,0.0675277
5,144,0.210475,0.158708,0.158708,0.228001,-0.427643
5,168,0.00439051,0.00246145,0.00246145,0.00447239,-0.101854
5,192,9.3929e-5,3.82378e-5,3.82378e-5,8.67894e-5,0.457666
5,193,26.7543,17.5308,17.5308,25.1768,0.348581
5,194,68.7607,56.4582,56.4582,77.8696,-0.650787
5,197,203.007,183.024,183.024,227.524,-0.599511
5,199,201.194,182.012,182.012,210.169,-0.237578
5,216,16.0284,13.659,13.659,15.005,0.379457
5,240,0.296652,0.214014,0.214014,0.288383,0.159511
5,264,0.00619781,0.00333687,0.00333687,0.00553718,0.663767
5,288,9.33917e-5,5.20242e-5,5.20242e-5,0.000106467,-0.683251
5,289,37.0525,25.4602,25.4602,35.3919,0.261036
5,290,121.05,81.8692,81.8692,109.334,0.596144
5,293,329.311,265.655,265.655,321.122,0.141873
5,295,330.332,265.835,265.835,297.824,0.607262
5,312,23.8093,20.1554,20.1554,21.3777,0.632821
5,336,0.376088,0.314195,0.314195,0.415888,-0.532413
5,360,0.00908814,0.00486482,0.00486482,0.00809374,0.683528
5,384,0.000178543,7.52116e-5,7.52116e-5,0.000157328,0.750207
5,385,29.2512,20.2201,20.2201,26.95,0.47505
5,386,86.3016,65.1008,65.1008,83.39,0.194243
5,389,274.181,215.873,215.873,248.066,0.585706
5,391,215.021,217.313,217.313,231.62,-0.398711
5,408,18.8039,16.7954,16.7954,16.719,0.693789
5,432,0.322999,0.263569,0.263569,0.32647,-0.059159
5,456,0.00716385,0.00411233,0.00411233,0.00637663,0.686832
5,480,0.000121962,6.40876e-5,6.40876e-5,0.000125302,-0.148322
5,481,26.7308,18.0194,18.0194,23.4065,0.79014
5,482,59.8333,58.0373,58.0373,72.4608,-0.969523
5,485,206.318,192.084,192.084,216.706,-0.266694
5,487,211.386,194.145,194.145,203.163,0.225156
5,504,15.1154,14.999,14.999,14.7056,0.155047
5,528,0.313669,0.232503,0.232503,0.284347,0.573712
5,552,0.00576032,0.00358347,0.00358347,0.00550969,0.253072
5,576,0.00010918,5.51711e-5,5.51711e-5,0.000106655,0.131734
5,577,21.5156,16.7361,16.7361,21.2985,0.0566949
5,578,68.4546,53.9131,53.9131,65.9506,0.211233
5,581,225.927,178.26,178.26,198.529,0.767777
5,583,199.582,180.153,180.153,186.114,0.402589
5,600,12.3101,14.0655,14.0655,13.5196,-0.497712
5,624,0.326095,0.21934,0.21934,0.262912,1.33701
5,648,0.00479311,0.00340201,0.00340201,0.00510587,-0.340789
6,0,0,0,0,0,0
6,1,112.147,89.5787,89.5787,92.0114,1.21751
6,2,201.952,166.695,166.695,171.032,1.00575
6,5,183.239,202.369,202.369,200.042,-0.467302
6,7,163.138,162.496,162.496,154.606,0.30703
6,24,7.32289,9.57966,9.57966,6.62187,0.58897
6,48,0.0668802,0.145302,0.145302,0.0660325,0.0714224
6,72,0.000735874,0.00223446,0.00223446,0.000658207,0.656474
6,96,6.81447e-6,3.44718e-5,3.44718e-5,6.42169e-6,0.340283
6,97,16.0846,13.6694,13.6694,15.8533,0.0811574
6,98,49.9521,44.0039,44.0039,50.0598,-0.0119728
6,101,155.573,140.615,140.615,150.875,0.173232
6,103,102.641,138.506,138.506,140.952,-1.51217
6,120,8.92406,10.2059,10.2059,7.23222,1.30146
6,144,0.0704553,0.158708,0.158708,0.0712834,-0.0646366
6,168,0.00070371,0.00246145,0.00246145,0.000700248,0.0275055
6,192,6.80874e-6,3.82378e-5,3.82378e-5,6.84947e-6,-0.0330889
6,193,22.3567,17.5308,17.5308,19.825,0.710474
6,194,67.2088,56.4582,56.4582,62.6605,0.403837
6,197,158.357,183.024,183.024,194.592,-1.03596
6,199,183.971,182.012,182.012,183.037,0.0283989
6,216,11.6777,13.659,13.659,9.55227,1.23787
6,240,0.0918702,0.214014,0.214014,0.0953432,-0.202653
6,264,0.000964601,0.00333687,0.00333687,0.000951599,0.0760097
6,288,8.60399e-6,5.20242e-5,5.20242e-5,9.50754e-6,-0.528718
6,289,26.1778,25.4602,25.4602,28.3521,-0.426664
6,290,94.148,81.8692,81.8692,89.4967,0.289141
6,293,267.867,265.655,265.655,274.088,-0.12629
6,295,265.201,265.835,265.835,260.817,0.0935068
6,312,14.7851,20.1554,20.1554,13.8358,0.381731
6,336,0.129124,0.314195,0.314195,0.140357,-0.445233
6,360,0.00139073,0.00486482,0.00486482,0.00141687,-0.102642
6,384,1.3845e-5,7.52116e-5,7.52116e-5,1.42056e-5,-0.14122
6,385,18.1552,20.2201,20.2201,22.2509,-1.02407
6,386,83.6527,65.1008,65.1008,70.3438,1.05259
6,389,245.914,215.873,215.873,219.484,0.669936
6,391,221.743,217.313,217.313,210.781,0.289346
6,408,11.8328,16.7954,16.7954,11.325,0.249498
6,432,0.103706,0.263569,0.263569,0.112003,-0.412142
6,456,0.000996528,0.00411233,0.00411233,0.00110447,-0.543718
6,480,1.34612e-5,6.40876e-5,6.40876e-5,1.09534e-5,1.27372
6,481,21.0428,18.0194,18.0194,19.6892,0.382487
6,482,66.8721,58.0373,58.0373,62.2746,0.410725
6,485,205.763,192.084,192.084,197.805,0.223804
6,487,193.39,194.145,194.145,189.41,0.116917
6,504,11.0843,14.999,14.999,10.2504,0.452587
6,528,0.107291,0.232503,0.232503,0.104066,0.17243
6,552,0.000712163,0.00358347,0.00358347,0.00105085,-1.7931
6,576,1.15151e-5,5.51711e-5,5.51711e-5,1.06202e-5,0.468794
6,577,21.2653,16.7361,16.7361,18.1754,0.945798
6,578,49.4993,53.9131,53.9131,57.4993,-0.774047
6,581,171.203,178.26,178.26,181.195,-0.306804
6,583,157.008,180.153,180.153,174.593,-0.560357
6,600,10.0243,14.0655,14.0655,9.49372,0.310936
6,624,0.0906355,0.21934,0.21934,0.0948977,-0.249873
6,648,0.000845463,0.00340201,0.00340201,0.000946155,-0.592073
7,0,0,0,0,0,0
7,1,133.025,89.5787,89.5787,123.087,0.449192
7,2,366.761,166.695,166.695,368.919,-0.0325504
7,5,1123.57,202.369,202.369,954.956,0.98229
7,7,789.93,162.496,162.496,812.098,-0.151865
7,24,45.4351,9.57966,9.57966,41.7171,0.495832
7,48,0.487163,0.145302,0.145302,0.558922,-0.714278
7,72,0.00718634,0.00223446,0.00223446,0.00747256,-0.213095
8,0,0,0,0,0,0
8,1,122.664,89.5787,89.5787,107.824,0.765694
8,2,307.133,166.695,166.695,297.398,0.182107
8,5,602.681,202.369,202.369,522.859,0.849336
8,7,449.44,162.496,162.496,450.834,-0.0172063
8,24,29.5818,9.57966,9.57966,30.1819,-0.110612
8,48,0.452919,0.145302,0.145302,0.388127,0.928733
8,72,0.00476309,0.00223446,0.00223446,0.0043054,0.591424
8,96,4.19152e-5,3.44718e-5,3.44718e-5,4.43299e-5,-0.303045
8,97,34.8868,13.6694,13.6694,31.0616,0.685134
8,98,113.093,44.0039,44.0039,105.18,0.41854
8,101,345.546,140.615,140.615,386.125,-0.584683
8,103,474.989,138.506,138.506,422.796,0.686799
8,120,45.5384,10.2059,10.2059,48.5455,-0.344627
8,144,0.695593,0.158708,0.158708,0.729697,-0.26002
8,168,0.0096531,0.00246145,0.00246145,0.00849646,0.757359
8,192,9.79881e-5,3.82378e-5,3.82378e-5,9.01115e-5,0.486296
8,193,34.7718,17.5308,17.5308,33.9336,0.137432
8,194,104.048,56.4582,56.4582,114.979,-0.528948
8,197,457.044,183.024,183.024,428.882,0.365329
8,199,414.334,182.012,182.012,480.041,-0.761517
8,216,58.1042,13.659,13.659,60.4522,-0.216085
8,240,1.15275,0.214014,0.214014,0.937056,1.28059
8,264,0.013947,0.00333687,0.00333687,0.0111624,1.38784
8,288,0.000139525,5.20242e-5,5.20242e-5,0.000119763,0.918019
8,289,63.5083,31.4813,31.4813,56.5699,0.682364
8,290,192.657,101.078,101.078,190.939,0.0500755
8,293,696.419,325.34,325.34,706.527,-0.0795911
8,295,804.86,324.727,324.727,792.87,0.0841319
8,312,116.04,24.4659,24.4659,101.702,0.784292
8,336,1.68469,0.376901,0.376901,1.59872,0.299188
8,360,0.0181849,0.005766,0.005766,0.0191672,-0.285119
8,384,0.000187474,8.85618e-5,8.85618e-5,0.000207707,-0.541931
8,385,35.7104,24.129,24.129,40.0609,-0.604163
8,386,141.888,77.6018,77.6018,135.399,0.266627
8,389,485.142,255.954,255.954,508.819,-0.258884
8,391,544.454,257.961,257.961,579.519,-0.336626
8,408,84.3071,19.8973,19.8973,80.2463,0.28153
8,432,0.924772,0.309864,0.309864,1.29981,-1.60523
8,456,0.0133797,0.00480069,0.00480069,0.0156943,-0.820503
8,480,0.000157869,7.42264e-5,7.42264e-5,0.000170302,-0.406174
8,481,30.3484,21.4015,21.4015,33.9974,-0.597126
8,482,113.093,68.8592,68.8592,114.944,-0.0895783
8,485,459.348,229.088,229.088,433.965,0.325404
8,487,408.421,230.852,230.852,496.235,-0.984499
8,504,71.7768,17.9398,17.9398,69.9947,0.141653
8,528,1.10269,0.282624,0.282624,1.13811,-0.173145
8,552,0.0138338,0.0044238,0.0044238,0.0136068,0.0928001
9,0,0,0,0,0,0
9,1,155.511,89.5787,89.5787,132.203,0.980827
9,2,397.576,166.695,166.695,326.129,1.21881
9,5,626.192,202.369,202.369,502.595,1.36815
9,7,418.945,162.496,162.496,424.708,-0.0754943
9,24,32.9568,9.57966,9.57966,33.6132,-0.108642
9,48,0.768199,0.145302,0.145302,0.754908,0.0979491
9,72,0.016586,0.00223446,0.00223446,0.016897,-0.102389
9,96,0.000303344,3.44718e-5,3.44718e-5,0.000378301,-1.10234
9,97,32.0004,13.6694,13.6694,30.0603,0.35906
9,98,111.235,44.0039,44.0039,98.6017,0.712828
9,101,316.323,140.615,140.615,332.383,-0.268825
9,103,372.124,138.506,138.506,343.06,0.471335
9,120,37.0887,10.2059,10.2059,34.7219,0.379233
9,144,0.645559,0.158708,0.158708,0.792706,-1.03272
9,168,0.0128432,0.00246145,0.00246145,0.0179544,-1.58379
9,192,0.000261783,3.82378e-5,3.82378e-5,0.00040528,-1.96984
9,193,41.3118,17.5308,17.5308,36.3801,0.754169
9,194,130.768,56.4582,56.4582,119.363,0.531564
9,197,408.679,183.024,183.024,408,0.00925911
9,199,381.193,182.012,182.012,425.411,-0.57828
9,216,44.5419,13.659,13.659,43.9383,0.0764264
9,240,0.94121,0.214014,0.214014,0.988099,-0.264003
9,264,0.0203521,0.00333687,0.00333687,0.0220108,-0.419258
9,288,0.000343592,5.20242e-5,5.20242e-5,0.000489823,-1.6609
9,289,71.8512,31.4813,31.4813,62.3985,0.842803
9,290,249.442,101.078,101.078,204.055,1.23743
9,293,797.371,325.34,325.34,695.757,0.812525
9,295,716.425,324.727,324.727,725.869,-0.0723786
9,312,70.9973,24.4659,24.4659,75.3446,-0.320997
9,336,1.06461,0.376901,0.376901,1.71577,-2.1114
9,360,0.0310465,0.005766,0.005766,0.0387061,-1.10096
9,384,0.00184556,8.85618e-5,8.85618e-5,0.000872416,6.20576
9,385,50.166,24.129,24.129,45.0087,0.63748
9,386,125.901,77.6018,77.6018,147.416,-0.81196
9,389,507.159,255.954,255.954,510.81,-0.0397713
9,391,522.445,257.961,257.961,539.687,-0.177736
9,408,68.8839,19.8973,19.8973,57.7192,1.07614
9,432,1.29438,0.309864,0.309864,1.31432,-0.0844118
9,456,0.0226251,0.00480069,0.00480069,0.0293952,-1.28134
9,480,0.000446832,7.42264e-5,7.42264e-5,0.000657689,-1.78365
9,481,45.9992,21.4015,21.4015,38.596,1.06713
9,482,123.336,68.8592,68.8592,126.464,-0.137568
9,485,454.309,229.088,229.088,440.954,0.168506
9,487,449.221,230.852,230.852,467.294,-0.215171
9,504,51.679,17.9398,17.9398,50.2832,0.154435
9,528,0.862955,0.282624,0.282624,1.14038,-1.35346
9,552,0.0204435,0.0044238,0.0044238,0.0255001,-1.10323
9,576,0.000481068,6.90685e-5,6.90685e-5,0.000568919,-0.859085
9,577,30.5969,19.8631,19.8631,34.9335,-0.690639
9,578,101.586,63.9215,63.9215,114.484,-0.626814
9,581,413.58,212.854,212.854,403.503,0.138951
9,583,389.217,215.283,215.283,426.296,-0.483901
9,600,43.5838,16.8298,16.8298,46.2764,-0.323713
9,624,0.811356,0.264268,0.264268,1.05717,-1.2936
9,648,0.0165521,0.00412354,0.00412354,0.0238903,-1.70887
10,0,0,0,0,0,0
10,1,121.071,89.5787,89.5787,98.6499,1.26445
10,2,169.024,166.695,166.695,223.17,-1.34981
10,5,307.748,202.369,202.369,321.251,-0.233842
10,7,292.327,162.496,162.496,273.274,0.387888
10,24,17.9719,9.57966,9.57966,22.615,-1.14223
10,48,0.472732,0.145302,0.145302,0.509621,-0.402714
10,72,0.0110759,0.00223446,0.00223446,0.0113469,-0.132858
10,96,0.000215725,3.44718e-5,3.44718e-5,0.000252411,-0.808605
10,97,17.4554,13.6694,13.6694,17.2786,0.0569307
10,98,54.1757,44.0039,44.0039,57.5871,-0.329575
10,101,216.617,140.615,140.615,203.897,0.347072
10,103,217.853,138.506,138.506,218.206,-0.00901123
10,120,28.6781,10.2059,10.2059,25.3706,0.725297
10,144,0.557104,0.158708,0.158708,0.575465,-0.177511
10,168,0.0121277,0.00246145,0.00246145,0.0126703,-0.238237
10,192,0.000264261,3.82378e-5,3.82378e-5,0.00027847,-0.28387
10,193,21.072,17.5308,17.5308,21.3572,-0.0742846
10,194,76.8901,56.4582,56.4582,71.1823,0.446107
10,197,278.37,183.024,183.024,253.967,0.534587
10,199,289.758,182.012,182.012,275.123,0.295927
10,216,35.4852,13.659,13.659,33.0724,0.405876
10,240,0.774177,0.214014,0.214014,0.758293,0.116535
10,264,0.01839,0.00333687,0.00333687,0.0167795,0.534006
10,288,0.000448328,5.20242e-5,5.20242e-5,0.000371136,1.15712
10,289,32.2943,25.4602,25.4602,30.2488,0.376209
10,290,99.3685,81.8692,81.8692,100.624,-0.0693927
10,293,374.986,265.655,265.655,359.272,0.24334
10,295,452.927,265.835,265.835,390.355,0.891779
10,312,49.8502,20.1554,20.1554,47.6707,0.254366
10,336,1.01371,0.314195,0.314195,1.0959,-0.417256
10,360,0.0248315,0.00486482,0.00486482,0.0242431,0.13503
10,384,0.000601199,7.52116e-5,7.52116e-5,0.000536007,0.676646
10,385,22.1413,20.2201,20.2201,23.4153,-0.302718
10,386,76.7993,65.1008,65.1008,77.9677,-0.083376
10,389,307.827,215.873,215.873,282.747,0.493494
10,391,338.406,217.313,217.313,310.007,0.509656
10,408,37.1003,16.7954,16.7954,38.933,-0.26189
10,432,0.810349,0.263569,0.263569,0.895466,-0.528824
10,456,0.025529,0.00411233,0.00411233,0.0198303,1.59881
11,0,0,0,0,0,0
11,1,82.693,89.5787,89.5787,68.6218,1.14081
11,2,127.4,166.695,166.695,109.165,0.92929
11,5,113.186,202.369,202.369,115.435,-0.108387
11,7,76.9649,162.496,162.496,86.8386,-0.63257
11,24,2.04436,9.57966,9.57966,2.78606,-1.4811
11,48,0.0075133,0.145302,0.145302,0.0178191,-3.21766
11,72,2.02846e-5,0.00223446,0.00223446,0.000113688,-4.57079
11,96,-1.35697e-7,3.44718e-5,3.44718e-5,8.06638e-7,-6.49934
11,97,11.3101,13.6694,13.6694,10.4171,0.476945
11,98,33.2782,44.0039,44.0039,32.7417,0.0911603
11,101,117.453,140.615,140.615,97.4971,1.13874
11,103,94.4238,138.506,138.506,89.1809,0.32707
11,120,2.36541,10.2059,10.2059,3.51126,-1.81555
11,144,0.0108085,0.158708,0.158708,0.0225105,-2.89213
11,168,3.95287e-5,0.00246145,0.00246145,0.000143692,-4.03297
11,192,1.7938e-6,3.82378e-5,3.82378e-5,9.4506e-7,4.99642
11,193,17.4463,17.5308,17.5308,13.3219,1.72245
11,194,42.7369,56.4582,56.4582,41.9279,0.107338
11,197,150.73,183.024,183.024,126.168,1.08304
11,199,131.892,182.012,182.012,117.417,0.685829
11,216,3.89802,13.659,13.659,4.73978,-0.98804
11,240,0.0139088,0.214014,0.214014,0.0304073,-3.01863
11,264,6.011e-5,0.00333687,0.00333687,0.00019404,-3.83999
11,288,1.41418e-6,5.20242e-5,5.20242e-5,1.26754e-6,0.643625
11,289,28.1409,25.4602,25.4602,19.7397,2.36778
11,290,77.9333,81.8692,81.8692,62.0531,1.42376
11,293,248.939,265.655,265.655,191.462,1.67014
11,295,204.481,265.835,265.835,177.87,0.832335
11,312,7.24705,20.1554,20.1554,7.2693,-0.0170273
11,336,0.023477,0.314195,0.314195,0.047551,-2.81664
11,360,7.69292e-5,0.00486482,0.00486482,0.000309006,-4.17838
11,384,4.47159e-6,7.52116e-5,7.52116e-5,1.93579e-6,7.28785
11,385,17.7129,20.2201,20.2201,16.0602,0.572495
11,386,71.2495,65.1008,65.1008,50.5632,2.27611
11,389,138.66,215.873,215.873,156.306,-0.628069
11,391,167.372,217.313,217.313,147.468,0.750899
11,408,4.70128,16.7954,16.7954,6.086,-1.26582
11,432,0.0182849,0.263569,0.263569,0.0392691,-2.97293
11,456,6.63943e-5,0.00411233,0.00411233,0.00025382,-4.10815
11,480,3.45565e-7,6.40876e-5,6.40876e-5,1.63638e-6,-4.38856
11,481,18.9498,18.0194,18.0194,14.5546,1.68005
11,482,55.3734,58.0373,58.0373,45.8426,1.15665
11,485,191.587,192.084,192.084,141.624,1.96269
11,487,140.416,194.145,194.145,133.823,0.274087
11,504,4.7804,14.999,14.999,5.63649,-0.844994
11,528,0.0172416,0.232503,0.232503,0.0364314,-2.93046
11,552,6.46842e-5,0.00358347,0.00358347,0.000234208,-4.02691
11,576,1.20912e-6,5.51711e-5,5.51711e-5,1.42677e-6,-0.848695
11,577,17.398,16.7361,16.7361,13.6825,1.51074
11,578,65.8952,53.9131,53.9131,43.1043,2.9416
11,581,164.169,178.26,178.26,133.017,1.30294
11,583,126.183,180.153,180.153,126.34,-0.00690322
11,600,4.5771,14.0655,14.0655,5.33013,-0.785989
11,624,0.0179814,0.21934,0.21934,0.0344632,-2.66068
11,648,5.66383e-5,0.00340201,0.00340201,0.000221694,-4.14209
12,0,0,0,0,0,0
12,1,241.157,89.5787,89.5787,188.009,1.5727
12,2,537.772,166.695,166.695,493.084,0.504217
12,5,849.504,202.369,202.369,833.15,0.109206
12,7,980.353,162.496,162.496,727.811,1.93045
12,24,101.629,9.57966,9.57966,81.5262,1.37184
12,48,3.5426,0.145302,0.145302,3.19064,0.613714
12,72,0.128394,0.00223446,0.00223446,0.124919,0.154768
12,96,0.00488229,3.44718e-5,3.44718e-5,0.00488813,-0.00664248
12,97,46.5415,13.6694,13.6694,45.9244,0.0747561
12,98,159.257,44.0039,44.0039,150.463,0.325173
12,101,456.161,140.615,140.615,513.705,-0.623203
12,103,534.075,138.506,138.506,536.069,-0.0206945
12,120,78.063,10.2059,10.2059,72.4842,0.428196
12,144,3.08704,0.158708,0.158708,2.8431,0.47736
12,168,0.120372,0.00246145,0.00246145,0.111313,0.452768
12,192,0.00462354,3.82378e-5,3.82378e-5,0.00435675,0.340684
12,193,67.8335,17.5308,17.5308,56.7039,1.09197
12,194,195.556,56.4582,56.4582,185.777,0.292846
12,197,674.493,183.024,183.024,634.686,0.348929
12,199,689.256,182.012,182.012,668.536,0.172435
12,216,97.2417,13.659,13.659,91.8422,0.327079
12,240,3.66337,0.214014,0.214014,3.60038,0.0973344
12,264,0.150549,0.00333687,0.00333687,0.141051,0.37464
12,288,0.00474027,5.20242e-5,5.20242e-5,0.00552324,-0.788667
12,289,59.0882,25.4602,25.4602,78.7507,-1.38908
12,290,275.281,81.8692,81.8692,257.559,0.382797
12,293,764.259,265.655,265.655,890.242,-0.787316
12,295,859.844,265.835,265.835,937.858,-0.462783
12,312,128.61,20.1554,20.1554,129.134,-0.0225508
12,336,5.07752,0.314195,0.314195,5.0543,0.0255622
12,360,0.202965,0.00486482,0.00486482,0.195648,0.208066
12,384,0.00782082,7.52116e-5,7.52116e-5,0.0075762,0.179628
12,385,66.0807,20.2201,20.2201,59.0997,0.657167
12,386,177.783,65.1008,65.1008,193.482,-0.451412
12,389,592.259,215.873,215.873,676.305,-0.691378
12,391,662.722,217.313,217.313,717.255,-0.42299
12,408,98.6129,16.7954,16.7954,100.915,-0.126895
12,432,4.03734,0.263569,0.263569,3.98268,0.0763466
12,456,0.16137,0.00411233,0.00411233,0.156576,0.170354
12,480,0.00756164,6.40876e-5,6.40876e-5,0.00615881,1.26721
12,481,59.0555,18.0194,18.0194,50.8562,0.89696
12,482,159.924,58.0373,58.0373,166.549,-0.221292
12,485,604.081,192.084,192.084,585.96,0.172058
12,487,585.107,194.145,194.145,622.49,-0.33411
12,504,89.0607,14.999,14.999,88.1244,0.0591095
12,528,3.12412,0.232503,0.232503,3.49377,-0.588633
12,552,0.1366,0.00358347,0.00358347,0.138157,-0.0626712
12,576,0.0055773,5.51711e-5,5.51711e-5,0.00546142,0.11804
12,577,51.4749,16.7361,16.7361,45.952,0.668652
12,578,124.172,53.9131,53.9131,150.512,-0.973604
12,581,437.636,178.26,178.26,530.493,-0.973817
12,583,538.465,180.153,180.153,564.285,-0.254568
12,600,73.3695,14.0655,14.0655,80.1443,-0.470288
12,624,3.00659,0.21934,0.21934,3.17203,-0.290172
12,648,0.131696,0.00340201,0.00340201,0.125133,0.29178
13,0,0,0,0,0,0
13,1,38.8388,89.5787,89.5787,33.5314,0.88059
13,2,44.2471,166.695,166.695,46.1578,-0.230293
13,5,47.522,202.369,202.369,49.7474,-0.248876
13,7,41.7028,162.496,162.496,40.0146,0.234715
13,24,3.4019,9.57966,9.57966,3.13748,0.468869
13,48,0.0715327,0.145302,0.145302,0.080488,-0.619007
13,72,0.0019189,0.00223446,0.00223446,0.00205869,-0.377784
13,96,4.6766e-5,3.44718e-5,3.44718e-5,5.26571e-5,-0.622415
13,97,3.87814,13.6694,13.6694,4.3426,-0.595028
13,98,14.9225,44.0039,44.0039,13.5883,0.546259
13,101,43.9888,140.615,140.615,41.055,0.397567
13,103,40.2187,138.506,138.506,39.0769,0.162556
13,120,3.1963,10.2059,10.2059,3.42441,-0.370595
13,144,0.100441,0.158708,0.158708,0.0870603,0.855104
13,168,0.00246677,0.00246145,0.00246145,0.0022117,0.64163
13,192,6.96668e-5,3.82378e-5,3.82378e-5,5.63463e-5,1.31521
13,193,7.32351,17.5308,17.5308,6.51813,0.687422
13,194,18.0608,56.4582,56.4582,20.4033,-0.638729
13,197,69.3885,183.024,183.024,63.4815,0.517686
13,199,57.5844,182.012,182.012,60.4296,-0.261937
13,216,4.53669,13.659,13.659,5.34301,-0.839584
13,240,0.137705,0.214014,0.214014,0.13796,-0.0102577
13,264,0.00301257,0.00333687,0.00333687,0.00355952,-0.854865
13,288,9.55516e-5,5.20242e-5,5.20242e-5,9.16716e-5,0.23547
13,289,10.7492,25.4602,25.4602,10.7713,-0.0113688
13,290,32.3793,81.8692,81.8692,33.6771,-0.214391
13,293,94.2894,265.655,265.655,104.396,-0.538585
13,295,107.867,265.835,265.835,100.137,0.429441
13,312,8.16572,20.1554,20.1554,8.87497,-0.444605
13,336,0.212475,0.314195,0.314195,0.225265,-0.31587
13,360,0.00563361,0.00486482,0.00486482,0.00576475,-0.126568
13,384,0.000155417,7.52116e-5,7.52116e-5,0.000147965,0.28019
13,385,10.0599,20.2201,20.2201,9.6883,0.213358
13,386,31.0904,65.1008,65.1008,30.3158,0.142156
13,389,97.3195,215.873,215.873,93.6709,0.216703
13,391,93.3236,217.313,217.313,90.2963,0.186527
13,408,8.54035,16.7954,16.7954,8.08324,0.314614
13,432,0.206994,0.263569,0.263569,0.207173,-0.00481091
13,456,0.00513824,0.00411233,0.00411233,0.00531162,-0.181598
13,480,0.000161099,6.40876e-5,6.40876e-5,0.000136094,1.0222
13,481,10.1077,18.0194,18.0194,9.26082,0.508769
13,482,23.9853,58.0373,58.0373,28.984,-0.95949
13,485,92.6153,192.084,192.084,89.6741,0.182473
13,487,96.5431,194.145,194.145,86.5655,0.641242
13,504,9.12497,14.999,14.999,7.74938,0.987561
13,528,0.1745,0.232503,0.232503,0.201023,-0.734056
13,552,0.0051061,0.00358347,0.00358347,0.0052153,-0.116488
13,576,0.000126136,5.51711e-5,5.51711e-5,0.000134798,-0.357502
13,577,9.21511,16.7361,16.7361,9.02201,0.119077
13,578,33.1135,53.9131,53.9131,28.239,0.96034
13,581,92.5254,178.26,178.26,87.417,0.325115
13,583,92.3356,180.153,180.153,84.4882,0.516743
13,600,8.04178,14.0655,14.0655,7.57276,0.344567
13,624,0.228874,0.21934,0.21934,0.194082,0.997322
13,648,0.00526395,0.00340201,0.00340201,0.00497504,0.323078
14,0,0,0,0,0,0
14,1,151.687,89.5787,89.5787,130.29,0.913666
14,2,326.241,166.695,166.695,281.766,0.878153
14,5,406.665,202.369,202.369,364.26,0.647667
14,7,307.363,162.496,162.496,281.262,0.516279
14,24,22.2751,9.57966,9.57966,19.9855,0.637372
14,48,0.4578,0.145302,0.145302,0.465521,-0.092271
14,72,0.0133376,0.00223446,0.00223446,0.0109783,1.19561
14,96,0.00025392,3.44718e-5,3.44718e-5,0.000257858,-0.0849576
14,97,36.092,13.6694,13.6694,36.0101,0.0126446
14,98,97.1899,44.0039,44.0039,103.444,-0.336338
14,101,216.74,140.615,140.615,255.203,-0.838488
14,103,249.616,138.506,138.506,213.593,0.938296
14,120,16.9248,10.2059,10.2059,15.4774,0.520252
14,144,0.393654,0.158708,0.158708,0.36285,0.472305
14,168,0.00814705,0.00246145,0.00246145,0.00850963,-0.237048
14,192,0.00018318,3.82378e-5,3.82378e-5,0.000199351,-0.451306
14,193,40.6684,17.5308,17.5308,45.1461,-0.551795
14,194,129.495,56.4582,56.4582,129.831,-0.0144294
14,197,327.121,183.024,183.024,325.691,0.0244381
14,199,329.863,182.012,182.012,273.627,1.14338
14,216,24.0023,13.659,13.659,19.9323,1.13601
14,240,0.450522,0.214014,0.214014,0.469279,-0.222372
14,264,0.010525,0.00333687,0.00333687,0.0110543,-0.266414
14,288,0.000245548,5.20242e-5,5.20242e-5,0.000260279,-0.314875
14,289,60.2624,25.4602,25.4602,62.5747,-0.205589
14,290,206.323,81.8692,81.8692,179.848,0.81898
14,293,447.448,265.655,265.655,455.987,-0.104182
14,295,326.983,265.835,265.835,383.559,-0.82062
14,312,29.1036,20.1554,20.1554,27.9825,0.222893
14,336,0.594772,0.314195,0.314195,0.658794,-0.540653
14,360,0.0169564,0.00486482,0.00486482,0.0155177,0.515813
14,384,0.000332151,7.52116e-5,7.52116e-5,0.000365481,-0.507349
14,385,49.0481,20.2201,20.2201,46.701,0.279599
14,386,155.435,65.1008,65.1008,134.501,0.865908
14,389,360.509,215.873,215.873,345.621,0.239652
14,391,317.436,217.313,217.313,291.989,0.484857
14,408,24.8795,16.7954,16.7954,21.3241,0.927607
14,432,0.47072,0.263569,0.263569,0.503812,-0.365427
14,456,0.0139103,0.00411233,0.00411233,0.0118952,0.942475
14,480,0.000314728,6.40876e-5,6.40876e-5,0.000280771,0.672868
14,481,45.8317,18.0194,18.0194,40.0689,0.800139
14,482,97.6489,58.0373,58.0373,115.473,-0.858762
14,485,249.92,192.084,192.084,299.071,-0.914331
14,487,230.021,194.145,194.145,253.197,-0.509257
14,504,15.7923,14.999,14.999,18.4567,-0.803146
14,528,0.365569,0.232503,0.232503,0.431155,-0.846283
14,552,0.00881473,0.00358347,0.00358347,0.0100687,-0.692902
14,576,0.000273564,5.51711e-5,5.51711e-5,0.000235689,0.894031
14,577,43.4202,16.7361,16.7361,36.1085,1.12655
14,578,96.5142,53.9131,53.9131,104.092,-0.405036
14,581,273.216,178.26,178.26,268.852,0.0903054
14,583,263.241,180.153,180.153,227.765,0.866546
14,600,16.9914,14.0655,14.0655,16.694,0.0991128
14,624,0.437132,0.21934,0.21934,0.397434,0.555702
14,648,0.0094404,0.00340201,0.00340201,0.00944863,-0.00484556
15,0,0,0,0,0,0
15,1,70.7107,89.5787,89.5787,46.7572,2.85013
15,2,103.989,166.695,166.695,100.463,0.195259
15,5,95.8103,202.369,202.369,126.569,-1.35202
15,7,71.8352,162.496,162.496,95.9422,-1.3979
15,24,1.69147,9.57966,9.57966,3.74229,-3.04882
15,48,0.00763328,0.145302,0.145302,0.0347605,-4.34172
15,72,3.57363e-5,0.00223446,0.00223446,0.000322767,-4.94746
15,96,8.08554e-6,3.44718e-5,3.44718e-5,3.02107e-6,9.32646
15,97,11.3881,13.6694,13.6694,11.6929,-0.145016
15,98,26.8315,44.0039,44.0039,35.854,-1.40001
15,101,78.6208,140.615,140.615,99.3744,-1.16188
15,103,73.8044,138.506,138.506,87.5967,-0.875977
15,120,1.69956,10.2059,10.2059,3.79922,-3.07467
15,144,0.00792818,0.158708,0.158708,0.0352636,-4.31263
15,168,3.88008e-5,0.00246145,0.00246145,0.000327335,-4.90397
15,192,8.1552e-7,3.82378e-5,3.82378e-5,3.08892e-6,-4.0946
15,193,14.2369,17.5308,17.5308,14.002,0.0933464
15,194,34.7634,56.4582,56.4582,43.0011,-1.06579
15,197,116.104,183.024,183.024,122.323,-0.282846
15,199,121.684,182.012,182.012,108.802,0.658721
15,216,2.63032,13.659,13.659,4.78746,-2.50678
15,240,0.0121183,0.214014,0.214014,0.0442899,-4.0412
15,264,5.4755e-5,0.00333687,0.00333687,0.000409834,-4.82014
15,288,6.30418e-7,5.20242e-5,5.20242e-5,3.8645e-6,-4.65587
15,289,19.4774,25.4602,25.4602,19.3332,0.0414835
15,290,58.4461,81.8692,81.8692,59.3139,-0.0814011
15,293,201.73,265.655,265.655,169.352,1.06365
15,295,149.477,265.835,265.835,151.374,-0.0697255
15,312,3.82682,20.1554,20.1554,6.70893,-2.39002
15,336,0.018563,0.314195,0.314195,0.062292,-3.90553
15,360,7.5843e-5,0.00486482,0.00486482,0.000582417,-4.83896
15,384,1.09285e-6,7.52116e-5,7.52116e-5,5.49219e-6,-4.4564
15,385,18.1481,20.2201,20.2201,14.5521,1.37479
15,386,53.4606,65.1008,65.1008,44.7322,1.08557
15,389,143.879,215.873,215.873,130.634,0.564039
15,391,158.357,217.313,217.313,117.852,1.91212
15,408,3.98242,16.7954,16.7954,5.25633,-1.34834
15,432,0.0215903,0.263569,0.263569,0.0489684,-3.1105
15,456,8.92507e-5,0.00411233,0.00411233,0.000459088,-4.48185
15,480,8.31471e-7,6.40876e-5,6.40876e-5,4.43508e-6,-4.52042
15,481,16.6057,18.0194,18.0194,12.5531,1.7961
15,482,49.8963,58.0373,58.0373,38.6098,1.62631
15,485,141.153,192.084,192.084,112.096,1.44213
15,487,100.917,194.145,194.145,101.707,-0.043186
15,504,3.90133,14.999,14.999,4.57073,-0.814777
15,528,0.0139837,0.232503,0.232503,0.0424309,-3.72992
15,552,6.48116e-5,0.00358347,0.00358347,0.000393608,-4.64736
15,576,4.83944e-6,5.51711e-5,5.51711e-5,3.72013e-6,1.67392
15,577,13.9422,16.7361,16.7361,11.3771,1.25435
15,578,45.2762,53.9131,53.9131,35.0029,1.63285
15,581,117.336,178.26,178.26,102.04,0.833983
15,583,110.582,180.153,180.153,92.6902,1.07392
15,600,3.36381,14.0655,14.0655,4.16904,-1.07454
15,624,0.0123567,0.21934,0.21934,0.0387063,-3.78735
15,648,6.86164e-5,0.00340201,0.00340201,0.000359129,-4.50046
16,0,0,0,0,0,0
16,1,96.0401,89.5787,89.5787,98.4114,-0.134051
16,2,286.662,166.695,166.695,240.546,1.06659
16,5,423.278,202.369,202.369,369.911,0.802632
16,7,318.87,162.496,162.496,315.666,0.056461
16,24,25.8306,9.57966,9.57966,23.2871,0.607674
16,48,0.424619,0.145302,0.145302,0.388458,0.517892
16,72,0.00693653,0.00223446,0.00223446,0.00623443,0.626534
16,96,0.000102037,3.44718e-5,3.44718e-5,9.94761e-5,0.143209
16,97,23.0073,13.6694,13.6694,20.3465,0.727533
16,98,70.9487,44.0039,44.0039,68.3564,0.210983
16,101,244.643,140.615,140.615,246.504,-0.0420072
16,103,253.187,138.506,138.506,267.149,-0.29076
16,120,30.7117,10.2059,10.2059,30.3302,0.0699811
16,144,0.517178,0.158708,0.158708,0.541726,-0.252103
16,168,0.00980787,0.00246145,0.00246145,0.00879921,0.637739
16,192,0.000139566,3.82378e-5,3.82378e-5,0.000141699,-0.0837478
16,193,24.5396,17.5308,17.5308,24.0239,0.119411
16,194,87.1055,56.4582,56.4582,80.7289,0.439443
16,197,247.038,183.024,183.024,295.352,-0.910067
16,199,325.214,182.012,182.012,324.541,0.0115502
16,216,36.656,13.659,13.659,38.7347,-0.298568
16,240,0.732753,0.214014,0.214014,0.700097,0.259504
16,264,0.0121244,0.00333687,0.00333687,0.0113607,0.373974
16,288,0.000166388,5.20242e-5,5.20242e-5,0.000182508,-0.491395
16,289,38.7615,31.4813,31.4813,41.2526,-0.335954
16,290,184.566,101.078,101.078,138.12,1.87084
16,293,529.373,325.34,325.34,500.157,0.324982
16,295,580.759,324.727,324.727,551.466,0.295514
16,312,67.9449,24.4659,24.4659,66.6558,0.107594
16,336,1.44803,0.376901,0.376901,1.20364,1.1296
16,360,0.0194697,0.005766,0.005766,0.0195782,-0.0308294
16,384,0.000258125,8.85618e-5,8.85618e-5,0.000315416,-1.01052
16,385,37.1775,24.129,24.129,30.0965,1.30895
16,386,101.159,77.6018,77.6018,100.901,0.0142277
16,389,332.893,255.954,255.954,370.867,-0.569648
16,391,367.284,257.961,257.961,413.631,-0.623386
16,408,51.9801,19.8973,19.8973,52.6607,-0.0718985
16,432,0.9921,0.309864,0.309864,0.948402,0.256336
16,456,0.017533,0.00480069,0.00480069,0.0153483,0.79193
16,480,0.00024686,7.42264e-5,7.42264e-5,0.000245263,0.0362318
16,481,28.6731,21.4015,21.4015,25.982,0.576228
16,482,87.7125,68.8592,68.8592,87.1366,0.0367657
16,485,322.081,229.088,229.088,323.064,-0.0169368
16,487,322.561,230.852,230.852,361.475,-0.598912
16,504,50.5803,17.9398,17.9398,46.6973,0.462623
16,528,0.880011,0.282624,0.282624,0.847779,0.211519
16,552,0.0129425,0.0044238,0.0044238,0.0137212,-0.315745
16,576,0.000178753,6.90685e-5,6.90685e-5,0.000219139,-1.02532
16,577,28.2119,19.8631,19.8631,23.6383,1.07643
16,578,62.485,63.9215,63.9215,79.289,-1.17908
16,581,277.58,212.854,212.854,293.608,-0.303705
16,583,319.743,215.283,215.283,328.888,-0.154693
16,600,47.7941,16.8298,16.8298,42.9754,0.623805
16,624,0.81604,0.264268,0.264268,0.788772,0.192333
16,648,0.0129358,0.00412354,0.00412354,0.0128283,0.0466537
17,0,0,0,0,0,0
17,1,91.9999,89.5787,89.5787,84.9038,0.46498
17,2,177.812,166.695,166.695,149.646,1.04713
17,5,154.391,202.369,202.369,178.412,-0.749042
17,7,140.652,162.496,162.496,145.119,-0.17127
17,24,10.9401,9.57966,9.57966,10.2595,0.36904
17,48,0.214724,0.145302,0.145302,0.209256,0.145384
17,72,0.00430785,0.00223446,0.00223446,0.00425739,0.065943
17,96,8.4271e-5,3.44718e-5,3.44718e-5,8.69419e-5,-0.170915
17,97,11.9679,13.6694,13.6694,11.5647,0.193968
17,98,37.2918,44.0039,44.0039,37.2359,0.0083486
17,101,133.316,140.615,140.615,120.179,0.608163
17,103,129.518,138.506,138.506,119.211,0.480992
17,120,10.9178,10.2059,10.2059,10.2847,0.342429
17,144,0.214356,0.158708,0.158708,0.211548,0.073837
17,168,0.00480379,0.00246145,0.00246145,0.00434563,0.586543
17,192,9.72258e-5,3.82378e-5,3.82378e-5,8.91396e-5,0.504678
17,193,17.5616,17.5308,17.5308,15.3409,0.805334
17,194,46.1824,56.4582,56.4582,49.404,-0.362794
17,197,156.769,183.024,183.024,160.656,-0.134622
17,199,166.565,182.012,182.012,161.065,0.189992
17,216,14.3266,13.659,13.659,14.1118,0.0847094
17,240,0.327561,0.214014,0.214014,0.293995,0.635176
17,264,0.00537494,0.00333687,0.00333687,0.00610748,-0.667281
17,288,0.00018791,5.20242e-5,5.20242e-5,0.000126771,2.68314
17,289,25.5223,31.4813,31.4813,28.1328,-0.516237
17,290,78.7325,101.078,101.078,90.3299,-0.714281
17,293,293.468,325.34,325.34,292.725,0.014119
17,295,341.95,324.727,324.727,294.26,0.901657
17,312,24.4533,24.4659,24.4659,25.89,-0.30872
17,336,0.467787,0.376901,0.376901,0.532062,-0.672087
17,360,0.0122458,0.005766,0.005766,0.0108926,0.691139
17,384,0.000217202,8.85618e-5,8.85618e-5,0.000223274,-0.151309
17,385,22.1504,24.129,24.129,22.0544,0.0242024
17,386,78.6343,77.6018,77.6018,70.9222,0.604966
17,389,223.346,255.954,255.954,235.307,-0.282782
17,391,224,257.961,257.961,238.31,-0.334073
17,408,21.717,19.8973,19.8973,21.3544,0.0944594
17,432,0.364431,0.309864,0.309864,0.441989,-0.976235
17,456,0.0102021,0.00480069,0.00480069,0.00912375,0.657579
17,480,0.000154263,7.42264e-5,7.42264e-5,0.000188352,-1.00688
17,481,19.8312,21.4015,21.4015,19.804,0.00764131
17,482,69.9669,68.8592,68.8592,63.7092,0.546456
17,485,187.122,229.088,229.088,211.179,-0.633768
17,487,205.976,230.852,230.852,214.666,-0.225226
17,504,19.9858,17.9398,17.9398,19.2742,0.205389
17,528,0.383697,0.282624,0.282624,0.396742,-0.182936
17,552,0.00640684,0.0044238,0.0044238,0.00813659,-1.18272
17,576,0.000155534,6.90685e-5,6.90685e-5,0.000168502,-0.428192
17,577,17.3495,19.8631,19.8631,18.5447,-0.358562
17,578,50.9685,63.9215,63.9215,59.6678,-0.811121
17,581,208.947,212.854,212.854,197.68,0.317113
17,583,201.868,215.283,215.283,200.815,0.0291772
17,600,22.0325,16.8298,16.8298,18.1734,1.18138
17,624,0.353006,0.264268,0.264268,0.373774,-0.309125
17,648,0.00816396,0.00412354,0.00412354,0.00765307,0.371392
18,0,0,0,0,0,0
18,1,63.5428,89.5787,89.5787,65.9298,-0.201426
18,2,109.265,166.695,166.695,100.274,0.498812
18,5,114.927,202.369,202.369,123.394,-0.381745
18,7,121.632,162.496,162.496,109.284,0.628604
18,24,11.9401,9.57966,9.57966,13.1795,-0.523171
18,48,0.378738,0.145302,0.145302,0.402407,-0.327238
18,72,0.00989932,0.00223446,0.00223446,0.0105082,-0.32234
18,96,0.000253014,3.44718e-5,3.44718e-5,0.000254367,-0.0295762
18,97,7.08559,13.6694,13.6694,6.83312,0.205554
18,98,23.1106,44.0039,44.0039,23.7472,-0.149152
18,101,90.0626,140.615,140.615,95.9908,-0.343586
18,103,110.067,138.506,138.506,115.031,-0.240088
18,120,28.7266,10.2059,10.2059,27.2437,0.302822
18,144,0.918918,0.158708,0.158708,1.02121,-0.557284
18,168,0.0274611,0.00246145,0.00246145,0.02888,-0.273349
18,192,0.000766048,3.82378e-5,3.82378e-5,0.000729748,0.276745
18,193,11.8057,17.5308,17.5308,9.59969,1.27848
18,194,41.7021,56.4582,56.4582,33.351,1.39309
18,197,152.379,183.024,183.024,135.903,0.67447
18,199,152.369,182.012,182.012,165.215,-0.432573
18,216,42.2894,13.659,13.659,42.2311,0.00767991
18,240,1.5011,0.214014,0.214014,1.62528,-0.425071
18,264,0.0499418,0.00333687,0.00333687,0.0463379,0.432695
18,288,0.00128694,5.20242e-5,5.20242e-5,0.00117118,0.549883
18,289,24.5268,31.4813,31.4813,19.6001,1.39842
18,290,78.6895,101.078,101.078,67.8305,0.890652
18,293,279.91,325.34,325.34,274.713,0.105248
18,295,321.686,324.727,324.727,335.198,-0.224258
18,312,92.4994,24.4659,24.4659,88.4401,0.255357
18,336,3.84298,0.376901,0.376901,3.46715,0.603066
18,360,0.110784,0.005766,0.005766,0.0996341,0.622595
18,384,0.00279767,8.85618e-5,8.85618e-5,0.0025359,0.574288
18,385,16.6582,24.129,24.129,17.5643,-0.287032
18,386,67.7099,77.6018,77.6018,60.8091,0.631351
18,389,271.65,255.954,255.954,247.644,0.539296
18,391,292.478,257.961,257.961,303.766,-0.206737
18,408,96.4827,19.8973,19.8973,82.7011,0.927111
18,432,3.06819,0.309864,0.309864,3.26877,-0.341385
18,456,0.0890695,0.00480069,0.00480069,0.094159,-0.300713
18,480,0.0026549,7.42264e-5,7.42264e-5,0.0023935,0.607584
18,481,15.8216,21.4015,21.4015,16.8816,-0.349348
18,482,51.9134,68.8592,68.8592,58.4507,-0.622236
18,485,257.703,229.088,229.088,238.305,0.452853
18,487,261.187,230.852,230.852,292.645,-0.598052
18,504,83.1745,17.9398,17.9398,80.3246,0.197391
18,528,3.50563,0.282624,0.282624,3.18835,0.553622
18,552,0.0894427,0.0044238,0.0044238,0.0919106,-0.149385
18,576,0.00261481,6.90685e-5,6.90685e-5,0.00233753,0.659946
18,577,19.292,19.8631,19.8631,16.5268,0.930879
18,578,63.1205,63.9215,63.9215,57.2239,0.573279
18,581,237.837,212.854,212.854,233.367,0.106566
18,583,246.462,215.283,215.283,286.725,-0.781239
18,600,78.6417,16.8298,16.8298,78.9749,-0.0234697
18,624,3.38305,0.264268,0.264268,3.14029,0.430081
18,648,0.0822087,0.00412354,0.00412354,0.0905759,-0.513935
19,0,0,0,0,0,0
19,1,146.41,89.5787,89.5787,120.385,1.20272
19,2,245.437,166.695,166.695,219.665,0.652728
19,5,325.311,202.369,202.369,280.721,0.883699
19,7,219.027,162.496,162.496,240.723,-0.501404
19,24,20.9155,9.57966,9.57966,21.3212,-0.105847
19,48,0.494276,0.145302,0.145302,0.44949,0.554319
19,72,0.00991709,0.00223446,0.00223446,0.00882293,0.689934
19,96,0.000155651,3.44718e-5,3.44718e-5,0.000171019,-0.499915
19,97,17.6283,13.6694,13.6694,14.4471,1.22505
19,98,50.497,44.0039,44.0039,49.1578,0.151563
19,101,191.75,140.615,140.615,184.507,0.218425
19,103,228.281,138.506,138.506,208.25,0.53513
19,120,32.0308,10.2059,10.2059,30.9748,0.189667
19,144,0.836919,0.158708,0.158708,0.71119,0.983549
19,168,0.0145202,0.00246145,0.00246145,0.014093,0.168623
19,192,0.00029284,3.82378e-5,3.82378e-5,0.000271784,0.431014
19,193,18.136,17.5308,17.5308,18.613,-0.142576
19,194,59.6714,56.4582,56.4582,63.3249,-0.320979
19,197,196.836,183.024,183.024,241.3,-1.02517
19,199,281.738,182.012,182.012,275.314,0.129807
19,216,40.9215,13.659,13.659,43.1833,-0.291398
19,240,1.21106,0.214014,0.214014,1.011,1.10091
19,264,0.0190638,0.00333687,0.00333687,0.0201727,-0.30583
19,288,0.000460164,5.20242e-5,5.20242e-5,0.000392008,0.967269
19,289,36.8019,31.4813,31.4813,34.46,0.378081
19,290,113.964,101.078,101.078,116.812,-0.135658
19,293,473.258,325.34,325.34,441.789,0.396281
19,295,537.366,324.727,324.727,506.26,0.341834
19,312,82.1704,24.4659,24.4659,81.2031,0.0662683
19,336,1.84839,0.376901,0.376901,1.91021,-0.180032
19,360,0.0375454,0.005766,0.005766,0.0381958,-0.0947404
19,384,0.000657427,8.85618e-5,8.85618e-5,0.000744145,-0.648333
19,385,24.175,24.129,24.129,27.6844,-0.705258
19,386,101.56,77.6018,77.6018,93.9318,0.451801
19,389,269.094,255.954,255.954,358.679,-1.38955
19,391,436.23,257.961,257.961,415.183,0.282022
19,408,68.0778,19.8973,19.8973,69.2351,-0.0929946
19,432,1.69223,0.309864,0.309864,1.63611,0.19084
19,456,0.0294501,0.00480069,0.00480069,0.032577,-0.534008
19,480,0.000562833,7.42264e-5,7.42264e-5,0.000628899,-0.584438
19,481,25.2969,21.4015,21.4015,25.2279,0.0152232
19,482,79.1665,68.8592,68.8592,85.6156,-0.419073
19,485,311.324,229.088,229.088,328.164,-0.285492
19,487,411.032,230.852,230.852,380.619,0.444541
19,504,63.0568,17.9398,17.9398,64.5518,-0.128849
19,528,1.57608,0.282624,0.282624,1.53532,0.147704
19,552,0.0345808,0.0044238,0.0044238,0.0305581,0.732385
19,576,0.00055483,6.90685e-5,6.90685e-5,0.000592562,-0.354262
19,577,22.9069,19.8631,19.8631,23.8676,-0.223944
19,578,96.8551,63.9215,63.9215,81.0068,1.08844
19,581,285.331,212.854,212.854,311.009,-0.459339
19,583,402.104,215.283,215.283,361.085,0.631998
19,600,62.87,16.8298,16.8298,61.5044,0.123525
19,624,1.43668,0.264268,0.264268,1.45881,-0.0843948
19,648,0.0323788,0.00412354,0.00412354,0.0286492,0.724247
20,0,0,0,0,0,0
20,1,98.1613,89.5787,89.5787,81.6663,1.1237
20,2,178.492,166.695,166.695,147.527,1.16771
20,5,144.796,202.369,202.369,168.88,-0.793401
20,7,130.347,162.496,162.496,130.278,0.00294654
20,24,7.01193,9.57966,9.57966,6.63419,0.316768
20,48,0.0836566,0.145302,0.145302,0.0921521,-0.512891
20,72,0.00103393,0.00223446,0.00223446,0.00127778,-1.06171
20,96,2.11675e-5,3.44718e-5,3.44718e-5,1.77308e-5,1.07834
20,97,15.1581,13.6694,13.6694,13.6872,0.597895
20,98,46.4833,44.0039,44.0039,42.3406,0.544334
20,101,111.868,140.615,140.615,121.9,-0.45786
20,103,116.469,138.506,138.506,110.424,0.304553
20,120,6.35694,10.2059,10.2059,6.32131,0.0313647
20,144,0.0883103,0.158708,0.158708,0.0874203,0.0566429
20,168,0.00119322,0.00246145,0.00246145,0.0012083,-0.0694541
20,192,2.10993e-5,3.82378e-5,3.82378e-5,1.66041e-5,1.50615
20,193,22.7013,17.5308,17.5308,17.6187,1.6049
20,194,59.7615,56.4582,56.4582,54.5456,0.532007
20,197,155.957,183.024,183.024,161.182,-0.180364
20,199,135.585,182.012,182.012,146.927,-0.429474
20,216,8.72755,13.659,13.659,8.45959,0.176225
20,240,0.112594,0.214014,0.214014,0.116232,-0.174114
20,264,0.00142799,0.00333687,0.00333687,0.00158714,-0.557883
20,288,1.89458e-5,5.20242e-5,5.20242e-5,2.14969e-5,-0.660247
20,289,32.2545,31.4813,31.4813,31.3907,0.153082
20,290,100.881,101.078,101.078,96.9261,0.22701
20,293,220.658,325.34,325.34,283.01,-1.22572
20,295,288.455,324.727,324.727,259.516,0.620384
20,312,13.3871,24.4659,24.4659,15.004,-0.599538
20,336,0.175845,0.376901,0.376901,0.206302,-0.821345
20,360,0.00303866,0.005766,0.005766,0.00283886,0.391558
20,384,4.29088e-5,8.85618e-5,8.85618e-5,3.88847e-5,0.575756
20,385,22.1493,24.129,24.129,23.773,-0.379984
20,386,69.5953,77.6018,77.6018,73.5649,-0.300208
20,389,247.859,255.954,255.954,218.04,0.760849
20,391,178.787,257.961,257.961,202.209,-0.644408
20,408,14.701,19.8973,19.8973,11.8409,1.34381
20,432,0.159811,0.309864,0.309864,0.160708,-0.0310465
20,456,0.00198641,0.00480069,0.00480069,0.00217864,-0.490901
20,480,3.31305e-5,7.42264e-5,7.42264e-5,2.95807e-5,0.667632
20,481,19.3653,21.4015,21.4015,20.956,-0.422298
20,482,61.7481,68.8592,68.8592,64.8826,-0.268775
20,485,193.032,229.088,229.088,193.719,-0.0197214
20,487,192.244,230.852,230.852,180.25,0.37019
20,504,10.2931,17.9398,17.9398,10.6033,-0.162786
20,528,0.145076,0.282624,0.282624,0.146889,-0.0686787
20,552,0.00200626,0.0044238,0.0044238,0.00203369,-0.0750599
20,576,3.04116e-5,6.90685e-5,6.90685e-5,2.81121e-5,0.455064
20,577,19.4257,19.8631,19.8631,19.3556,0.0201663
20,578,51.9822,63.9215,63.9215,59.9422,-0.73879
20,581,178.054,212.854,212.854,180.289,-0.0689938
20,583,163.534,215.283,215.283,167.704,-0.13835
20,600,11.343,16.8298,16.8298,9.83015,0.85619
20,624,0.147819,0.264268,0.264268,0.134492,0.551286
20,648,0.00220176,0.00412354,0.00412354,0.00184004,1.09368
21,0,0,0,0,0,0
21,1,97.3949,89.5787,89.5787,80.3973,1.17622
21,2,155.609,166.695,166.695,137.131,0.749645
21,5,150.838,202.369,202.369,150.861,-0.000875535
21,7,113.336,162.496,162.496,114.805,-0.0711911
21,24,4.88428,9.57966,9.57966,5.20764,-0.345453
21,48,0.0631531,0.145302,0.145302,0.0601744,0.275396
21,72,0.000674594,0.00223446,0.00223446,0.000695027,-0.163553
21,96,9.52452e-6,3.44718e-5,3.44718e-5,8.04275e-6,1.02499
21,97,12.5548,13.6694,13.6694,12.9126,-0.154162
21,98,39.5962,44.0039,44.0039,39.6829,-0.0121549
21,101,127.557,140.615,140.615,111.752,0.786833
21,103,111.942,138.506,138.506,99.9881,0.665121
21,120,5.4097,10.2059,10.2059,5.05355,0.392083
21,144,0.0578071,0.158708,0.158708,0.0590667,-0.11864
21,168,0.000704725,0.00246145,0.00246145,0.000690277,0.116448
21,192,1.13333e-5,3.82378e-5,3.82378e-5,7.99513e-6,2.32285
21,193,18.6087,17.5308,17.5308,16.7752,0.608099
21,194,52.1628,56.4582,56.4582,51.6001,0.060673
21,197,142.221,183.024,183.024,149.622,-0.275227
21,199,128.392,182.012,182.012,134.211,-0.241202
21,216,6.80719,13.659,13.659,6.85335,-0.0374723
21,240,0.0729941,0.214014,0.214014,0.080078,-0.49215
21,264,0.000809339,0.00333687,0.00333687,0.000935766,-0.751654
21,288,1.18335e-5,5.20242e-5,5.20242e-5,1.10062e-5,0.418182
21,289,33.0383,31.4813,31.4813,30.1836,0.52617
21,290,90.2241,101.078,101.078,92.6078,-0.143203
21,293,303.154,325.34,325.34,265.656,0.785296
21,295,279.268,324.727,324.727,239.737,0.917377
21,312,11.9039,24.4659,24.4659,12.2995,-0.178941
21,336,0.116372,0.376901,0.376901,0.144523,-1.08369
21,360,0.00146317,0.005766,0.005766,0.00169911,-0.772548
21,384,2.40476e-5,8.85618e-5,8.85618e-5,1.98266e-5,1.18442
21,385,25.5359,24.129,24.129,23.1621,0.570189
21,386,80.2221,77.6018,77.6018,71.2246,0.702811
21,389,205.779,255.954,255.954,207.539,-0.0471923
21,391,203.845,257.961,257.961,189.247,0.429132
21,408,8.67855,19.8973,19.8973,9.81696,-0.645159
21,432,0.102852,0.309864,0.309864,0.11364,-0.528148
21,456,0.00109846,0.00480069,0.00480069,0.00131475,-0.915261
21,480,1.52963e-5,7.42264e-5,7.42264e-5,1.52584e-5,0.0138201
21,481,21.4472,21.4015,21.4015,20.5731,0.23638
21,482,63.2526,68.8592,68.8592,63.2979,-0.00398023
21,485,188.115,229.088,229.088,185.529,0.0775354
21,487,165.075,230.852,230.852,169.915,-0.158463
21,504,9.46891,17.9398,17.9398,8.83307,0.400481
21,528,0.0837416,0.282624,0.282624,0.102874,-1.03469
21,552,0.00116472,0.0044238,0.0044238,0.00120316,-0.177742
21,576,1.48108e-5,6.90685e-5,6.90685e-5,1.41219e-5,0.271397
21,577,17.526,19.8631,19.8631,19.1054,-0.459929
21,578,56.7385,63.9215,63.9215,58.7969,-0.194771
21,581,204.503,212.854,212.854,173.417,0.997269
21,583,153.677,215.283,215.283,158.819,-0.180103
21,600,8.58857,16.8298,16.8298,8.30947,0.186866
21,624,0.0821862,0.264268,0.264268,0.097608,-0.879005
21,648,0.00107338,0.00412354,0.00412354,0.00114759,-0.359729
22,0,0,0,0,0,0
22,1,106.82,89.5787,89.5787,80.839,1.78805
22,2,193.426,166.695,166.695,167.969,0.843184
22,5,233.652,202.369,202.369,230.864,0.0671833
22,7,186.062,162.496,162.496,198.045,-0.336641
22,24,22.9552,9.57966,9.57966,18.3061,1.41289
22,48,0.545689,0.145302,0.145302,0.469516,0.902591
22,72,0.0112068,0.00223446,0.00223446,0.0118479,-0.301046
22,96,0.000278305,3.44718e-5,3.44718e-5,0.000298899,-0.383323
22,97,13.0564,13.6694,13.6694,11.5499,0.725689
22,98,40.4719,44.0039,44.0039,38.829,0.235403
22,101,154.609,140.615,140.615,141.402,0.519644
22,103,153.545,138.506,138.506,155.027,-0.053175
22,120,21.953,10.2059,10.2059,21.0267,0.245093
22,144,0.605663,0.158708,0.158708,0.555445,0.502991
22,168,0.015915,0.00246145,0.00246145,0.0140281,0.74832
22,192,0.000412127,3.82378e-5,3.82378e-5,0.000353991,0.913679
22,193,16.5456,17.5308,17.5308,14.7058,0.696049
22,194,42.0442,56.4582,56.4582,49.4305,-0.831338
22,197,175.878,183.024,183.024,181.189,-0.163074
22,199,212.286,182.012,182.012,200.916,0.314854
22,216,28.339,13.659,13.659,28.1987,0.0276867
22,240,0.700307,0.214014,0.214014,0.748741,-0.359889
22,264,0.0189211,0.00333687,0.00333687,0.0188965,0.00724357
22,288,0.000446366,5.20242e-5,5.20242e-5,0.000476228,-0.348861
22,289,30.6972,37.4335,37.4335,31.3464,-0.115213
22,290,112.995,120.009,120.009,104.839,0.432806
22,293,376.463,385.276,385.276,381.147,-0.0683677
22,295,429.379,383.226,383.226,422.126,0.0955946
22,312,60.5824,28.7256,28.7256,59.2926,0.121028
22,336,1.73121,0.444275,0.444275,1.57381,0.556403
22,360,0.036868,0.00684529,0.00684529,0.0397394,-0.40198
22,384,0.000891106,0.000105309,0.000105309,0.0010021,-0.616199
22,385,19.0825,27.7966,27.7966,23.2723,-1.0016
22,386,83.6218,89.3045,89.3045,77.9474,0.405008
22,389,277.403,292.152,292.152,287.18,-0.189405
22,391,294.975,295.044,295.044,322.579,-0.476084
22,408,51.5817,22.7696,22.7696,47.4528,0.484081
22,432,1.41417,0.35499,0.35499,1.25738,0.693745
22,456,0.0275791,0.00547947,0.00547947,0.0316122,-0.70977
22,480,0.000863762,8.51909e-5,8.51909e-5,0.000792613,0.499397
22,481,17.8672,24.6059,24.6059,20.5968,-0.737309
22,482,73.7487,79.0894,79.0894,69.0076,0.382225
22,485,244.672,261.067,261.067,255.091,-0.227235
22,487,263.787,264.231,264.231,287.479,-0.458505
22,504,49.6238,20.5536,20.5536,42.8939,0.872892
22,528,1.23064,0.320212,0.320212,1.14697,0.405861
22,552,0.0254527,0.00496149,0.00496149,0.0289532,-0.672636
22,576,0.000796056,7.67253e-5,7.67253e-5,0.000729677,0.506111
22,577,20.1219,22.8517,22.8517,19.1302,0.288392
22,578,60.0145,73.4656,73.4656,64.1021,-0.35477
22,581,234.929,243.458,243.458,237.478,-0.0597179
22,583,229.297,246.652,246.652,267.832,-0.800456
22,600,38.8303,19.3055,19.3055,40.1518,-0.183105
22,624,0.99655,0.301104,0.301104,1.07389,-0.400665
22,648,0.0282638,0.00466226,0.00466226,0.0271136,0.236029
23,0,0,0,0,0,0
23,1,73.9427,89.5787,89.5787,60.0765,1.28409
23,2,74.3554,166.695,166.695,87.3775,-0.829136
23,5,92.4322,202.369,202.369,92.9837,-0.0329994
23,7,78.4302,162.496,162.496,72.9924,0.414469
23,24,3.38353,9.57966,9.57966,3.46176,-0.12573
23,48,0.0295154,0.145302,0.145302,0.0395751,-1.41419
23,72,0.000263999,0.00223446,0.00223446,0.000445551,-2.26698
23,96,4.87285e-6,3.44718e-5,3.44718e-5,5.13203e-6,-0.280962
23,97,8.48738,13.6694,13.6694,7.94154,0.382388
23,98,27.2777,44.0039,44.0039,25.2959,0.435864
23,101,86.5898,140.615,140.615,78.5677,0.568056
23,103,74.5607,138.506,138.506,75.3801,-0.0604716
23,120,5.81067,10.2059,10.2059,4.38586,1.80737
23,144,0.0508836,0.158708,0.158708,0.049241,0.18559
23,168,0.000418684,0.00246145,0.00246145,0.000551361,-1.33876
23,192,8.69947e-6,3.82378e-5,3.82378e-5,6.25048e-6,2.1798
23,193,10.6152,17.5308,17.5308,10.9375,-0.16391
23,194,27.3742,56.4582,56.4582,34.8667,-1.19552
23,197,106.412,183.024,183.024,110.808,-0.220712
23,199,120.722,182.012,182.012,107.222,0.700464
23,216,5.69625,13.659,13.659,6.34509,-0.568907
23,240,0.0511198,0.214014,0.214014,0.0711178,-1.56442
23,264,0.000664662,0.00333687,0.00333687,0.000791141,-0.889422
23,288,1.49618e-5,5.20242e-5,5.20242e-5,8.75747e-6,3.94146
23,289,27.9462,37.4335,37.4335,25.2265,0.599805
23,290,78.897,120.009,120.009,80.0895,-0.0828385
23,293,243.507,385.276,385.276,250.916,-0.164275
23,295,202.014,383.226,383.226,244.099,-0.959205
23,312,14.5751,28.7256,28.7256,14.6844,-0.0414391
23,336,0.140771,0.444275,0.444275,0.166316,-0.854499
23,360,0.00138729,0.00684529,0.00684529,0.0018718,-1.44006
23,384,2.53828e-5,0.000105309,0.000105309,2.06411e-5,1.27804
23,385,26.7686,27.7966,27.7966,20.9235,1.55419
23,386,74.8464,89.3045,89.3045,66.55,0.693561
23,389,259.609,292.152,292.152,213.583,1.1989
23,391,208.276,295.044,295.044,209.667,-0.0368984
23,408,11.518,22.7696,22.7696,12.7231,-0.526941
23,432,0.123597,0.35499,0.35499,0.14353,-0.772619
23,456,0.00128875,0.00547947,0.00547947,0.00159692,-1.07363
23,480,1.64193e-5,8.51909e-5,8.51909e-5,1.80232e-5,-0.495075
23,481,21.3761,24.6059,24.6059,19.5437,0.521621
23,482,65.125,79.0894,79.0894,62.1831,0.263209
23,485,217.72,261.067,261.067,201.011,0.462454
23,487,234.721,264.231,264.231,197.264,1.05639
23,504,14.2252,20.5536,20.5536,12.0927,0.981121
23,528,0.109756,0.320212,0.320212,0.135864,-1.0691
23,552,0.00118379,0.00496149,0.00496149,0.00152125,-1.23414
23,576,1.2917e-5,7.67253e-5,7.67253e-5,1.70411e-5,-1.34639
23,577,23.8549,22.8517,22.8517,18.8181,1.48909
23,578,62.3118,73.4656,73.4656,59.8823,0.225715
23,581,215.424,243.458,243.458,192.688,0.656436
23,583,184.199,246.652,246.652,189.838,-0.165261
23,600,11.2377,19.3055,19.3055,11.71,-0.224414
23,624,0.105088,0.301104,0.301104,0.134372,-1.21246
23,648,0.0011622,0.00466226,0.00466226,0.00153227,-1.34365
24,0,0,0,0,0,0
24,1,34.213,89.5787,89.5787,34.1714,0.00677845
24,2,47.5284,166.695,166.695,46.8655,0.0786948
24,5,50.6962,202.369,202.369,51.2172,-0.0566016
24,7,41.1549,162.496,162.496,41.4399,-0.0382622
24,24,2.81016,9.57966,9.57966,2.31156,1.20002
24,48,0.0334957,0.145302,0.145302,0.029175,0.823924
24,72,0.000401226,0.00223446,0.00223446,0.000365685,0.540714
24,96,4.97471e-6,3.44718e-5,3.44718e-5,4.66268e-6,0.372307
24,97,4.05596,13.6694,13.6694,4.63932,-0.699561
24,98,14.5157,44.0039,44.0039,15.1038,-0.216618
24,101,45.4917,140.615,140.615,49.9695,-0.498546
24,103,47.4137,138.506,138.506,50.5527,-0.34545
24,120,4.06077,10.2059,10.2059,3.71726,0.514114
24,144,0.0443271,0.158708,0.158708,0.0480682,-0.432989
24,168,0.000573556,0.00246145,0.00246145,0.000601982,-0.262714
24,192,8.83298e-6,3.82378e-5,3.82378e-5,8.92343e-6,-0.056397
24,193,6.83922,17.5308,17.5308,6.79362,0.0373356
24,194,23.0925,56.4582,56.4582,22.1317,0.241542
24,197,78.3241,183.024,183.024,74.3467,0.297633
24,199,91.2189,182.012,182.012,76.0472,1.10992
24,216,6.22883,13.659,13.659,5.78827,0.423443
24,240,0.0569049,0.214014,0.214014,0.0748756,-1.33526
24,264,0.00102839,0.00333687,0.00333687,0.000949878,0.459857
24,288,8.99168e-6,5.20242e-5,5.20242e-5,1.19242e-5,-1.36823
24,289,15.7554,37.4335,37.4335,16.7094,-0.317646
24,290,50.1726,120.009,120.009,54.2084,-0.414193
24,293,187.397,385.276,385.276,181.508,0.180524
24,295,172.877,383.226,383.226,186.399,-0.403584
24,312,16.3429,28.7256,28.7256,14.3574,0.769375
24,336,0.194521,0.444275,0.444275,0.185054,0.284603
24,360,0.00255213,0.00684529,0.00684529,0.00233214,0.524803
24,384,2.91599e-5,0.000105309,0.000105309,2.92181e-5,-0.0110968
24,385,19.0391,27.7966,27.7966,14.9393,1.52677
24,386,43.0915,89.3045,89.3045,48.5187,-0.622315
24,389,136.031,292.152,292.152,164.089,-0.951305
24,391,142.957,295.044,295.044,170.107,-0.887959
24,408,11.5282,22.7696,22.7696,13.2968,-0.74001
24,432,0.176942,0.35499,0.35499,0.169233,0.253424
24,456,0.00192012,0.00547947,0.00547947,0.00210025,-0.477153
24,480,3.10835e-5,8.51909e-5,8.51909e-5,2.61898e-5,1.03955
24,481,19.2365,24.6059,24.6059,14.4076,1.86465
24,482,57.4549,79.0894,79.0894,46.8002,1.26659
24,485,149.813,261.067,261.067,158.792,-0.314595
24,487,146.65,264.231,264.231,164.779,-0.612072
24,504,14.5226,20.5536,20.5536,12.9806,0.660901
24,528,0.20233,0.320212,0.320212,0.168429,1.11979
24,552,0.00180384,0.00496149,0.00496149,0.00214157,-0.877366
24,576,2.80508e-5,7.67253e-5,7.67253e-5,2.71857e-5,0.177045
24,577,13.487,22.8517,22.8517,14.1406,-0.257153
24,578,56.1717,73.4656,73.4656,45.9359,1.2397
24,581,131.868,243.458,243.458,155.923,-0.858283
24,583,129.103,246.652,246.652,161.914,-1.12739
24,600,14.2958,19.3055,19.3055,12.6304,0.733578
24,624,0.165081,0.301104,0.301104,0.161948,0.107637
24,648,0.00187792,0.00466226,0.00466226,0.0020314,-0.420339
25,0,0,0,0,0,0
25,1,34.1185,89.5787,89.5787,34.8173,-0.111659
25,2,44.1546,166.695,166.695,48.1091,-0.457311
25,5,54.0538,202.369,202.369,51.794,0.242733
25,7,41.0489,162.496,162.496,41.5153,-0.0625119
25,24,2.32019,9.57966,9.57966,2.74399,-0.85924
25,48,0.0542433,0.145302,0.145302,0.0526132,0.172378
25,72,0.000969111,0.00223446,0.00223446,0.00100242,-0.184839
25,96,1.8752e-5,3.44718e-5,3.44718e-5,1.91229e-5,-0.107914
25,97,5.03793,13.6694,13.6694,4.57172,0.567342
25,98,18.4667,44.0039,44.0039,14.4939,1.52497
25,101,47.8145,140.615,140.615,44.9361,0.356369
25,103,48.6934,138.506,138.506,43.4152,0.67638
25,120,3.18423,10.2059,10.2059,3.34409,-0.265953
25,144,0.0653657,0.158708,0.158708,0.0635238,0.161317
25,168,0.00114302,0.00246145,0.00246145,0.00120401,-0.281852
25,192,2.56863e-5,3.82378e-5,3.82378e-5,2.29384e-5,0.666474
25,193,6.35121,17.5308,17.5308,6.74144,-0.322043
25,194,23.3099,56.4582,56.4582,21.3836,0.501182
25,197,63.9494,183.024,183.024,68.2362,-0.349507
25,199,65.1866,182.012,182.012,66.0867,-0.0757792
25,216,6.00686,13.659,13.659,5.15856,0.914889
25,240,0.0988098,0.214014,0.214014,0.0991116,-0.0169399
25,264,0.00184132,0.00333687,0.00333687,0.00190337,-0.18138
25,288,4.64274e-5,5.20242e-5,5.20242e-5,3.63755e-5,1.53738
25,289,20.3506,54.958,54.958,23.9627,-0.838626
25,290,66.3903,175.418,175.418,75.4601,-0.668689
25,293,255.721,556.587,556.587,233.948,0.517766
25,295,209.896,549.67,549.67,228.16,-0.445341
25,312,19.7318,40.8832,40.8832,17.9401,0.555624
25,336,0.380562,0.636083,0.636083,0.344805,0.576939
25,360,0.00647387,0.00985363,0.00985363,0.00662423,-0.12628
25,384,0.000133148,0.000152553,0.000152553,0.000127174,0.261354
25,385,21.681,37.8742,37.8742,20.4345,0.339366
25,386,68.4038,121.321,121.321,64.4912,0.337528
25,389,216.3,399.432,399.432,206.344,0.268444
25,391,193.642,402.42,402.42,202.34,-0.239164
25,408,16.47,31.1031,31.1031,16.063,0.140959
25,432,0.312652,0.48443,0.48443,0.304565,0.147724
25,456,0.00488357,0.00750561,0.00750561,0.00575387,-0.841493
25,480,0.0001273,0.000116213,0.000116213,0.000109333,0.914207
25,481,19.4887,33.4975,33.4975,19.5914,-0.0291708
25,482,65.3635,107.357,107.357,61.8463,0.316398
25,485,193.914,353.166,353.166,196.291,-0.0673808
25,487,192.418,357.562,357.562,193.587,-0.0336056
25,504,16.5413,27.7769,27.7769,15.434,0.399168
25,528,0.2854,0.429914,0.429914,0.298184,-0.238517
25,552,0.00554521,0.00660017,0.00660017,0.00575479,-0.202613
25,576,0.000108867,0.000101402,0.000101402,0.000111054,-0.109545
25,577,23.3417,31.2333,31.2333,19.1922,1.20285
25,578,63.2661,100.121,100.121,60.591,0.245622
25,581,215.153,328.092,328.092,193.047,0.637076
25,583,217.055,333.525,333.525,190.352,0.780443
25,600,14.3952,26.0918,26.0918,15.1902,-0.291149
25,624,0.285245,0.400737,0.400737,0.293231,-0.151518
25,648,0.00516037,0.0060824,0.0060824,0.00565479,-0.486436
26,0,0,0,0,0,0
26,1,113.293,89.5787,89.5787,99.7652,0.754379
26,2,217.13,166.695,166.695,213.478,0.0951741
26,5,260.48,202.369,202.369,280.733,-0.401369
26,7,218.115,162.496,162.496,223.621,-0.136977
26,24,12.0488,9.57966,9.57966,11.9732,0.0351535
26,48,0.165856,0.145302,0.145302,0.163142,0.0925308
26,72,0.00221473,0.00223446,0.00223446,0.0022216,-0.0172158
26,96,3.88988e-5,3.44718e-5,3.44718e-5,3.01314e-5,1.61882
26,97,25.111,13.6694,13.6694,20.1213,1.37961
26,98,60.3231,44.0039,44.0039,64.2401,-0.339231
26,101,214.718,140.615,140.615,199.722,0.417734
26,103,202.611,138.506,138.506,192.332,0.29735
26,120,12.9679,10.2059,10.2059,12.5038,0.206485
26,144,0.162952,0.158708,0.158708,0.173071,-0.325288
26,168,0.00214416,0.00246145,0.00246145,0.00238527,-0.562357
26,192,3.02571e-5,3.82378e-5,3.82378e-5,3.27905e-5,-0.429826
26,193,25.7375,17.5308,17.5308,24.6852,0.23716
26,194,75.7679,56.4582,56.4582,78.8667,-0.218594
26,197,225.862,183.024,183.024,249.172,-0.520468
26,199,197.071,182.012,182.012,242.748,-1.04685
26,216,14.8431,13.659,13.659,16.0358,-0.413808
26,240,0.254307,0.214014,0.214014,0.217627,0.937709
26,264,0.00292627,0.00333687,0.00333687,0.00294781,-0.0406544
26,288,4.57352e-5,5.20242e-5,5.20242e-5,3.99132e-5,0.811506
26,289,78.7597,54.958,54.958,74.7778,0.296255
26,290,272.928,175.418,175.418,236.705,0.851355
26,293,741.289,556.587,556.587,724.738,0.127053
26,295,788.239,549.67,549.67,699.986,0.701424
26,312,51.1939,40.8832,40.8832,45.8097,0.653897
26,336,0.660262,0.636083,0.636083,0.621592,0.346109
26,360,0.00832762,0.00985363,0.00985363,0.00841958,-0.0607677
26,384,0.000110447,0.000152553,0.000152553,0.000113882,-0.167794
26,385,49.5882,37.8742,37.8742,48.1755,0.163144
26,386,153.659,121.321,121.321,153.14,0.0188526
26,389,481.78,399.432,399.432,487.864,-0.0693759
26,391,510.968,402.42,402.42,481.575,0.339568
26,408,34.3723,31.1031,31.1031,32.9792,0.235
26,432,0.524984,0.48443,0.48443,0.450673,0.91735
26,456,0.00658644,0.00750561,0.00750561,0.00613965,0.40486
26,480,8.29895e-5,0.000116213,0.000116213,8.35087e-5,-0.0345936
26,481,40.9118,33.4975,33.4975,41.371,-0.0617467
26,482,127.157,107.357,107.357,131.592,-0.187503
26,485,456.385,353.166,353.166,421.801,0.456143
26,487,451.478,357.562,357.562,419.207,0.428276
26,504,26.6902,27.7769,27.7769,28.8971,-0.424884
26,528,0.393281,0.429914,0.429914,0.398486,-0.0726646
26,552,0.0053505,0.00660017,0.00660017,0.00546749,-0.119037
26,576,8.50336e-5,0.000101402,0.000101402,7.49735e-5,0.746509
26,577,42.6111,31.2333,31.2333,37.7774,0.711856
26,578,122.118,100.121,100.121,120.193,0.089105
26,581,374.833,328.092,328.092,386.423,-0.166865
26,583,461.529,333.525,333.525,384.587,1.11304
26,600,28.1466,26.0918,26.0918,26.5249,0.340139
26,624,0.334909,0.400737,0.400737,0.360429,-0.39391
26,648,0.00484738,0.0060824,0.0060824,0.00488212,-0.0395962
27,0,0,0,0,0,0
27,1,65.9091,89.5787,89.5787,72.1958,-0.484452
27,2,106.779,166.695,166.695,126.694,-0.8745
27,5,135.267,202.369,202.369,148.439,-0.493702
27,7,107.933,162.496,162.496,118.236,-0.484808
27,24,4.54736,9.57966,9.57966,6.02796,-1.36651
27,48,0.05756,0.145302,0.145302,0.069877,-0.980648
27,72,0.000751295,0.00223446,0.00223446,0.000805072,-0.371623
27,96,8.50998e-6,3.44718e-5,3.44718e-5,9.1461e-6,-0.386944
27,97,12.1924,13.6694,13.6694,10.3866,0.967231
27,98,34.7523,44.0039,44.0039,33.7211,0.170127
27,101,103.443,140.615,140.615,109.906,-0.327161
27,103,96.5253,138.506,138.506,109.575,-0.662575
27,120,7.41096,10.2059,10.2059,7.44075,-0.0222779
27,144,0.0772761,0.158708,0.158708,0.0882504,-0.691839
27,168,0.000903211,0.00246145,0.00246145,0.00102911,-0.680609
27,192,2.03133e-5,3.82378e-5,3.82378e-5,1.19266e-5,3.91222
27,193,13.2722,17.5308,17.5308,13.2559,0.00681101
27,194,30.5501,56.4582,56.4582,43.0621,-1.6165
27,197,136.362,183.024,183.024,142.365,-0.23458
27,199,154.758,182.012,182.012,143.756,0.425789
27,216,7.33771,13.659,13.659,10.0552,-1.50354
27,240,0.110767,0.214014,0.214014,0.11795,-0.33878
27,264,0.00120915,0.00333687,0.00333687,0.00135881,-0.612783
27,288,1.32297e-5,5.20242e-5,5.20242e-5,1.53497e-5,-0.768409
27,289,42.1627,54.958,54.958,42.0422,0.0159495
27,290,137.811,175.418,175.418,135.335,0.101778
27,293,456.655,556.587,556.587,436.392,0.258327
27,295,463.314,549.67,549.67,438.327,0.317136
27,312,30.0387,40.8832,40.8832,30.4225,-0.0701939
27,336,0.32497,0.636083,0.636083,0.359783,-0.538326
27,360,0.00323759,0.00985363,0.00985363,0.00417797,-1.25221
27,384,4.15135e-5,0.000152553,0.000152553,4.84745e-5,-0.798918
27,385,33.7539,37.8742,37.8742,29.9251,0.711816
27,386,116.976,121.321,121.321,96.6541,1.16976
27,389,372.013,399.432,399.432,321.812,0.867875
27,391,386.146,402.42,402.42,330,0.946562
27,408,23.1826,31.1031,31.1031,24.0542,-0.20161
27,432,0.305366,0.48443,0.48443,0.281004,0.482326
27,456,0.00280839,0.00750561,0.00750561,0.00321724,-0.70701
27,480,3.36959e-5,0.000116213,0.000116213,3.68385e-5,-0.474601
27,481,29.3453,33.4975,33.4975,26.8319,0.521127
27,482,107.118,107.357,107.357,86.7042,1.30983
27,485,296.883,353.166,353.166,289.75,0.136955
27,487,310.426,357.562,357.562,298.7,0.218405
27,504,24.4413,27.7769,27.7769,21.969,0.626085
27,528,0.216139,0.429914,0.429914,0.256452,-0.874535
27,552,0.00300289,0.00660017,0.00660017,0.00293184,0.134837
27,576,3.03452e-5,0.000101402,0.000101402,3.34354e-5,-0.514188
27,577,28.3183,31.2333,31.2333,25.2443,0.677469
27,578,81.4703,100.121,100.121,81.5885,-0.00806328
27,581,308.915,328.092,328.092,273.26,0.725908
27,583,292.555,333.525,333.525,282.235,0.20343
27,600,21.358,26.0918,26.0918,20.8791,0.127622
27,624,0.291625,0.400737,0.400737,0.245029,1.05797
27,648,0.00279605,0.0060824,0.0060824,0.00281647,-0.0403408
28,0,0,0,0,0,0
28,1,348.4,277.851,277.851,329.615,0.317067
28,2,610.872,415.468,415.468,558.206,0.524904
28,5,548.869,457.134,457.134,656.478,-0.911952
28,7,505.392,366.339,366.339,535.332,-0.31115
28,24,30.6216,21.7815,21.7815,28.937,0.323877
28,48,0.212479,0.335669,0.335669,0.277032,-1.29637
28,72,0.00223424,0.00516712,0.00516712,0.0023214,-0.208899
28,96,1.95223e-5,7.94532e-5,7.94532e-5,1.85022e-5,0.306739
28,97,16.564,14.5081,14.5081,17.9125,-0.418818
28,98,67.8418,46.7785,46.7785,60.0414,0.722785
28,101,215.94,153.294,153.294,217.581,-0.0419719
28,103,247.164,153.782,153.782,238.009,0.214001
28,120,27.5251,11.7088,11.7088,23.8148,0.866776
28,144,0.290521,0.181022,0.181022,0.263885,0.561555
28,168,0.0023146,0.00278975,0.00278975,0.00230352,0.0267615
28,192,1.82488e-5,4.29828e-5,4.29828e-5,1.86718e-5,-0.126018
28,193,32.6328,28.9453,28.9453,33.7008,-0.176304
28,194,109.189,92.9977,92.9977,112.502,-0.16383
28,197,425.935,301.977,301.977,403.817,0.304734
28,199,385.149,302.195,302.195,441.007,-0.704659
28,216,40.3615,22.9912,22.9912,44.1078,-0.47254
28,240,0.583332,0.355493,0.355493,0.493386,1.01423
28,264,0.00414348,0.00546285,0.00546285,0.00433621,-0.247271
28,288,3.9612e-5,8.4014e-5,8.4014e-5,3.54383e-5,0.655233
28,289,60.0336,66.0732,66.0732,73.1044,-0.994718
28,290,216.356,210.173,210.173,241.123,-0.571454
28,293,955.523,675.68,675.68,849.148,0.69695
28,295,955.365,677.724,677.724,928.008,0.164009
28,312,103.197,51.5272,51.5272,94.5237,0.51049
28,336,1.13685,0.801155,0.801155,1.07066,0.343946
28,360,0.00983496,0.0123813,0.0123813,0.00941144,0.250358
28,384,6.63618e-5,0.000190902,0.000190902,7.70087e-5,-0.769176
28,385,60.9016,52.9074,52.9074,55.8165,0.506853
28,386,193.092,168.573,168.573,184.385,0.262718
28,389,634.702,548.192,548.192,658.274,-0.19922
28,391,772.063,554.98,554.98,730.29,0.318233
28,408,93.4415,43.4846,43.4846,79.5009,0.975559
28,432,0.994309,0.67743,0.67743,0.909465,0.519014
28,456,0.00850821,0.0104979,0.0104979,0.00805922,0.309944
28,480,6.55958e-5,0.000162712,0.000162712,6.6482e-5,-0.0741551
28,481,53.6754,48.3727,48.3727,49.9017,0.420714
28,482,165.196,154.18,154.18,164.901,0.00996727
28,485,606.408,501.488,501.488,590.943,0.145588
28,487,543.104,510.894,510.894,658.528,-0.975137
28,504,73.1961,40.2555,40.2555,72.9939,0.015405
28,528,0.866385,0.631194,0.631194,0.83962,0.177347
28,552,0.00794277,0.00983865,0.00983865,0.00746132,0.358987
28,576,6.32508e-5,0.000153212,0.000153212,6.16757e-5,0.142078
28,577,57.8731,45.8927,45.8927,46.6585,1.33719
28,578,177.147,146.298,146.298,154.205,0.827698
28,581,605.074,476.781,476.781,554.746,0.504725
28,583,749.857,486.286,486.286,618.636,1.18007
28,600,67.4238,38.4345,38.4345,69.116,-0.13621
28,624,0.978646,0.603272,0.603272,0.797535,1.2634
28,648,0.00771064,0.00941189,0.00941189,0.00707471,0.500091
29,0,0,0,0,0,0
29,1,91.9398,277.851,277.851,87.3893,0.289695
29,2,121.309,415.468,415.468,112.182,0.452611
29,5,125.968,457.134,457.134,120.494,0.252762
29,7,87.7137,366.339,366.339,96.3852,-0.500525
29,24,6.43805,21.7815,21.7815,7.01394,-0.456795
29,48,0.165707,0.335669,0.335669,0.163169,0.0865491
29,72,0.00371074,0.00516712,0.00516712,0.0037922,-0.119512
29,96,8.28509e-5,7.94532e-5,7.94532e-5,8.80643e-5,-0.329354
29,97,7.13629,14.5081,14.5081,6.69936,0.362844
29,98,22.6817,46.7785,46.7785,20.5362,0.581231
29,101,58.9739,153.294,153.294,60.1522,-0.108982
29,103,48.3696,153.782,153.782,55.4618,-0.711431
29,120,4.99962,11.7088,11.7088,4.36446,0.80964
29,144,0.110263,0.181022,0.181022,0.102274,0.434558
29,168,0.00249819,0.00278975,0.00278975,0.00239351,0.24331
29,192,6.41688e-5,4.29828e-5,4.29828e-5,5.58183e-5,0.832306
29,193,15.8692,28.9453,28.9453,14.4955,0.527202
29,194,53.3088,92.9977,92.9977,44.323,1.12789
29,197,133.968,301.977,301.977,129.092,0.210127
29,199,143.823,302.195,302.195,119.194,1.14956
29,216,10.119,22.9912,22.9912,9.36166,0.450061
29,240,0.21365,0.355493,0.355493,0.215236,-0.0410133
29,264,0.00518788,0.00546285,0.00546285,0.00494752,0.270282
29,288,0.000118146,8.4014e-5,8.4014e-5,0.000113878,0.208513
29,289,38.9372,66.0732,66.0732,37.1998,0.259835
29,290,117.462,210.173,210.173,112.909,0.224352
29,293,312.306,675.68,675.68,326.24,-0.237619
29,295,337.099,677.724,677.724,302.531,0.6357
29,312,24.7926,51.5272,51.5272,23.7671,0.240052
29,336,0.526121,0.801155,0.801155,0.545145,-0.194141
29,360,0.012659,0.0123813,0.0123813,0.0125104,0.0660907
29,384,0.000261585,0.000190902,0.000190902,0.000287851,-0.507658
29,385,35.2156,52.9074,52.9074,34.4047,0.131116
29,386,99.9093,168.573,168.573,104.524,-0.245628
29,389,291.206,548.192,548.192,306.523,-0.277992
29,391,276.195,554.98,554.98,284.988,-0.171664
29,408,20.8417,43.4846,43.4846,22.5519,-0.421889
29,432,0.490608,0.67743,0.67743,0.521929,-0.333865
29,456,0.0103643,0.0104979,0.0104979,0.0120832,-0.791434
29,480,0.000299276,0.000162712,0.000162712,0.000279647,0.390505
29,481,34.958,48.3727,48.3727,33.532,0.236598
29,482,104.904,154.18,154.18,101.889,0.16459
29,485,297.481,501.488,501.488,298.957,-0.027483
29,487,330.386,510.894,510.894,278.252,1.04238
29,504,25.417,40.2555,40.2555,22.0339,0.854192
29,528,0.507352,0.631194,0.631194,0.509953,-0.0283797
29,552,0.0106448,0.00983865,0.00983865,0.0118061,-0.547226
29,576,0.000299081,0.000153212,0.000153212,0.000273238,0.52618
29,577,36.7262,45.8927,45.8927,33.094,0.610596
29,578,94.9444,146.298,146.298,100.565,-0.310915
29,581,367.405,476.781,476.781,297.592,1.30515
29,583,294.571,486.286,486.286,276.39,0.365969
29,600,21.254,38.4345,38.4345,21.8571,-0.15351
29,624,0.481158,0.603272,0.603272,0.50613,-0.274499
29,648,0.0139022,0.00941189,0.00941189,0.011726,1.03253
30,0,0,0,0,0,0
30,1,672.227,277.851,277.851,543.736,1.3147
30,2,882.558,415.468,415.468,973.224,-0.518293
30,5,1184.67,457.134,457.134,1069.77,0.597549
30,7,712.828,366.339,366.339,800.161,-0.607217
30,24,46.5546,21.7815,21.7815,45.6623,0.108714
30,48,0.781019,0.335669,0.335669,0.789248,-0.0580049
30,72,0.0131738,0.00516712,0.00516712,0.01372,-0.221482