id,time,y1,popPred_medianCOV,popPred,indivPred_SAEM,indWRes_SAEM
1,0,0,0,0,0,0
1,1,4.09145,3.60987,3.60987,3.66113,0.713054
1,2,6.16585,5.96996,5.96996,6.12827,0.0371978
1,5,7.82631,5.57142,5.57142,6.005,1.83997
1,7,3.34631,2.38144,2.38144,2.72691,1.37798
1,24,0.00430814,0.00173487,0.00173487,0.00332288,1.79879
1,48,2.69065e-7,6.45288e-8,6.45288e-8,2.55512e-7,0.3218
1,72,1.81841e-11,2.40016e-12,2.40016e-12,1.96475e-11,-0.451863
1,96,1.52156e-15,8.92743e-17,8.92743e-17,1.51079e-15,0.043274
1,97,19.1399,18.0494,18.0494,18.3056,0.27648
1,98,35.4018,29.8498,29.8498,30.6414,0.942509
1,101,37.628,27.8571,27.8571,30.025,1.53618
1,103,18.0775,11.9072,11.9072,13.6346,1.97682
1,120,0.0182997,0.00867436,0.00867436,0.0166144,0.615379
1,144,1.37342e-6,3.22644e-7,3.22644e-7,1.27756e-6,0.455225
1,168,9.74096e-11,1.20008e-11,1.20008e-11,9.82375e-11,-0.0511245
1,192,7.18014e-15,4.46372e-16,4.46372e-16,7.55394e-15,-0.300197
1,193,37.3728,36.0987,36.0987,36.6113,0.126182
1,194,69.1957,59.6996,59.6996,61.2827,0.783335
1,197,74.3038,55.7142,55.7142,60.05,1.43998
1,199,30.9555,23.8144,23.8144,27.2691,0.820115
1,216,0.0339916,0.0173487,0.0173487,0.0332288,0.13927
1,240,2.71356e-6,6.45288e-7,6.45288e-7,2.55512e-6,0.376185
1,264,1.97693e-10,2.40016e-11,2.40016e-11,1.96475e-10,0.0375976
1,288,1.45065e-14,8.92743e-16,8.92743e-16,1.51079e-14,-0.241482
1,289,99.9736,72.1974,72.1974,73.2226,2.21635
1,290,130.542,119.399,119.399,122.565,0.394804
1,293,137.517,111.428,111.428,120.1,0.879764
1,295,64.7141,47.6288,47.6288,54.5383,1.13191
1,312,0.0585102,0.0346974,0.0346974,0.0664576,-0.725477
1,336,5.0579e-6,1.29058e-6,1.29058e-6,5.11024e-6,-0.0621327
1,360,3.55388e-10,4.80032e-11,4.80032e-11,3.9295e-10,-0.579898
1,384,3.02816e-14,1.78549e-15,1.78549e-15,3.02158e-14,0.0132258
1,385,85.3337,72.1974,72.1974,73.2226,1.00342
1,386,155.932,119.399,119.399,122.565,1.65154
1,389,140.172,111.428,111.428,120.1,1.01386
1,391,50.9402,47.6288,47.6288,54.5383,-0.400234
1,408,0.0623186,0.0346974,0.0346974,0.0664576,-0.377828
1,432,5.25486e-6,1.29058e-6,1.29058e-6,5.11024e-6,0.171692
1,456,4.40764e-10,4.80032e-11,4.80032e-11,3.9295e-10,0.73817
1,480,2.85185e-14,1.78549e-15,1.78549e-15,3.02158e-14,-0.340764
1,481,83.3774,72.1974,72.1974,73.2226,0.84134
1,482,156.392,119.399,119.399,122.565,1.67432
1,485,139.75,111.428,111.428,120.1,0.99259
1,487,71.2789,47.6288,47.6288,54.5383,1.86215
1,504,0.0797057,0.0346974,0.0346974,0.0664576,1.20935
1,528,5.66375e-6,1.29058e-6,1.29058e-6,5.11024e-6,0.657099
1,552,3.75985e-10,4.80032e-11,4.80032e-11,3.9295e-10,-0.261909
1,576,2.91551e-14,1.78549e-15,1.78549e-15,3.02158e-14,-0.212958
1,577,78.3985,72.1974,72.1974,73.2226,0.428829
1,578,136.724,119.399,119.399,122.565,0.700782
1,581,161.678,111.428,111.428,120.1,2.10021
1,583,52.2233,47.6288,47.6288,54.5383,-0.257508
1,600,0.0682559,0.0346974,0.0346974,0.0664576,0.164161
1,624,5.07128e-6,1.29058e-6,1.29058e-6,5.11024e-6,-0.0462447
1,648,4.35668e-10,4.80032e-11,4.80032e-11,3.9295e-10,0.65951
2,0,0,0,0,0,0
2,1,3.79666,3.60987,3.60987,3.92931,-0.204804
2,2,7.14442,5.96996,5.96996,7.00365,0.121931
2,5,8.21207,5.57142,5.57142,8.83426,-0.427264
2,7,7.15245,2.38144,2.38144,5.40805,1.9568
2,24,0.0971439,0.00173487,0.00173487,0.0834528,0.995267
2,48,0.000276316,6.45288e-8,6.45288e-8,0.000231147,1.18549
2,72,7.01073e-7,2.40016e-12,2.40016e-12,6.40229e-7,0.576536
2,96,1.79309e-9,8.92743e-17,8.92743e-17,1.7733e-9,0.067701
2,97,25.8543,18.0494,18.0494,19.6466,1.91686
2,98,40.9715,29.8498,29.8498,35.0183,1.03135
2,101,49.0926,27.8571,27.8571,44.1713,0.675895
2,103,30.3979,11.9072,11.9072,27.0403,0.753295
2,120,0.522368,0.00867436,0.00867436,0.417264,1.5281
2,144,0.00114054,3.22644e-7,3.22644e-7,0.00115573,-0.0797348
2,168,3.04023e-6,1.20008e-11,1.20008e-11,3.20115e-6,-0.304947
2,192,6.81506e-9,4.46372e-16,4.46372e-16,8.86651e-9,-1.40363
2,193,48.3841,36.0987,36.0987,39.2931,1.40357
2,194,90.5764,59.6996,59.6996,70.0365,1.77917
2,197,89.9238,55.7142,55.7142,88.3426,0.108584
2,199,52.5019,23.8144,23.8144,54.0805,-0.177084
2,216,0.997728,0.0173487,0.0173487,0.834528,1.18637
2,240,0.00235983,6.45288e-7,6.45288e-7,0.00231147,0.12691
2,264,7.00435e-6,2.40016e-11,2.40016e-11,6.40229e-6,0.570483
2,288,1.65085e-8,8.92743e-16,8.92743e-16,1.7733e-8,-0.418928
2,289,87.2112,72.1974,72.1974,78.5863,0.665814
2,290,151.465,119.399,119.399,140.073,0.493365
2,293,223.964,111.428,111.428,176.685,1.62335
2,295,106.398,47.6288,47.6288,108.161,-0.0988649
2,312,1.90753,0.0346974,0.0346974,1.66906,0.86679
2,336,0.00427731,1.29058e-6,1.29058e-6,0.00462294,-0.453561
2,360,1.18005e-5,4.80032e-11,4.80032e-11,1.28046e-5,-0.475728
2,384,3.40278e-8,1.78549e-15,1.78549e-15,3.5466e-8,-0.246013
2,385,92.5276,72.1974,72.1974,78.5863,1.07622
2,386,179.723,119.399,119.399,140.073,1.71726
2,389,192.698,111.428,111.428,176.685,0.549809
2,391,140.635,47.6288,47.6288,108.161,1.82141
2,408,1.91587,0.0346974,0.0346974,1.66906,0.897104
2,432,0.0048398,1.29058e-6,1.29058e-6,0.00462294,0.284585
2,456,1.45929e-5,4.80032e-11,4.80032e-11,1.28046e-5,0.847277
3,0,0,0,0,0,0
3,1,4.7356,3.60987,3.60987,3.31127,2.60952
3,2,6.03385,5.96996,5.96996,5.10337,1.1061
3,5,4.56675,5.57142,5.57142,3.57105,1.69152
3,7,1.15805,2.38144,2.38144,1.04601,0.64983
3,24,3.38103e-5,0.00173487,0.00173487,3.06771e-5,0.619614
3,48,1.10113e-11,6.45288e-8,6.45288e-8,1.22371e-11,-0.607717
3,72,3.33689e-18,2.40016e-12,2.40016e-12,4.88139e-18,-0.00695581
3,96,1.28245e-24,8.92743e-17,8.92743e-17,1.94719e-24,-2.99371e-9
3,97,17.8222,18.0494,18.0494,16.5563,0.463845
3,98,33.6841,29.8498,29.8498,25.5169,1.94174
3,101,21.3036,27.8571,27.8571,17.8552,1.17163
3,103,5.60973,11.9072,11.9072,5.23003,0.440428
3,120,0.000150008,0.00867436,0.00867436,0.000153385,-0.133564
3,144,5.34098e-11,3.22644e-7,3.22644e-7,6.11855e-11,-0.77096
3,168,2.01666e-17,1.20008e-11,1.20008e-11,2.44069e-17,-0.0190969
3,192,6.86371e-24,4.46372e-16,4.46372e-16,9.73595e-24,-1.29354e-8
3,193,37.2213,36.0987,36.0987,33.1127,0.75275
3,194,72.3055,59.6996,59.6996,51.0337,2.52865
3,197,38.7703,55.7142,55.7142,35.7105,0.519813
3,199,12.0804,23.8144,23.8144,10.4601,0.939746
3,216,0.000277435,0.0173487,0.0173487,0.000306771,-0.580125
3,240,1.29401e-10,6.45288e-7,6.45288e-7,1.22371e-10,0.348523
3,264,4.37893e-17,2.40016e-11,2.40016e-11,4.88139e-17,-0.0226286
3,288,1.37362e-23,8.92743e-16,8.92743e-16,1.94719e-23,-2.58313e-8
3,289,88.085,72.1974,72.1974,66.2253,2.00246
3,290,120.654,119.399,119.399,102.067,1.10474
3,293,85.1137,111.428,111.428,71.421,1.16307
3,295,28.7491,47.6288,47.6288,20.9201,2.2703
3,312,0.000837259,0.0346974,0.0346974,0.000613541,2.21207
3,336,2.34638e-10,1.29058e-6,1.29058e-6,2.44742e-10,-0.250445
3,360,8.3472e-17,4.80032e-11,4.80032e-11,9.76278e-17,-0.0637518
3,384,3.95244e-23,1.78549e-15,1.78549e-15,3.89438e-23,2.61478e-9
3,385,90.1779,72.1974,72.1974,66.2253,2.19418
3,386,127.453,119.399,119.399,102.067,1.50883
3,389,87.5737,111.428,111.428,71.421,1.37203
3,391,17.9504,47.6288,47.6288,20.9201,-0.86118
3,408,0.000809794,0.0346974,0.0346974,0.000613541,1.9405
3,432,2.08602e-10,1.29058e-6,1.29058e-6,2.44742e-10,-0.895832
3,456,7.99823e-17,4.80032e-11,4.80032e-11,9.76278e-17,-0.0794684
3,480,2.06361e-23,1.78549e-15,1.78549e-15,3.89438e-23,-8.24507e-8
3,481,81.3913,72.1974,72.1974,66.2253,1.38928
3,482,115.251,119.399,119.399,102.067,0.783602
3,485,82.3815,111.428,111.428,71.421,0.930996
3,487,21.8398,47.6288,47.6288,20.9201,0.266697
3,504,0.000611541,0.0346974,0.0346974,0.000613541,-0.0197782
3,528,2.43767e-10,1.29058e-6,1.29058e-6,2.44742e-10,-0.0241658
3,552,8.59584e-17,4.80032e-11,4.80032e-11,9.76278e-17,-0.0525543
3,576,2.80303e-23,1.78549e-15,1.78549e-15,3.89438e-23,-4.91502e-8
3,577,68.4122,72.1974,72.1974,66.2253,0.200334
3,578,114.329,119.399,119.399,102.067,0.728766
3,581,65.6496,111.428,111.428,71.421,-0.490225
3,583,24.9659,47.6288,47.6288,20.9201,1.17323
3,600,0.000654765,0.0346974,0.0346974,0.000613541,0.407614
3,624,2.1396e-10,1.29058e-6,1.29058e-6,2.44742e-10,-0.76302
3,648,8.61882e-17,4.80032e-11,4.80032e-11,9.76278e-17,-0.0515192
4,0,0,0,0,0,0
4,1,5.28709,3.60987,3.60987,3.72258,2.54964
4,2,7.8389,5.96996,5.96996,6.32182,1.45583
4,5,6.07544,5.57142,5.57142,6.56617,-0.453391
4,7,3.90581,2.38144,2.38144,3.20123,1.33521
4,24,0.00893356,0.00173487,0.00173487,0.00713453,1.52974
4,48,1.38329e-6,6.45288e-8,6.45288e-8,1.28657e-6,0.456071
4,72,2.39704e-10,2.40016e-12,2.40016e-12,2.32007e-10,0.20127
4,96,3.84272e-14,8.92743e-17,8.92743e-17,4.18377e-14,-0.49454
4,97,22,18.0494,18.0494,18.6129,1.10398
4,98,40.4463,29.8498,29.8498,31.6091,1.69607
4,101,34.8412,27.8571,27.8571,32.8308,0.371481
4,103,19.2507,11.9072,11.9072,16.0062,1.22971
4,120,0.0390861,0.00867436,0.00867436,0.0356727,0.580493
4,144,6.81108e-6,3.22644e-7,3.22644e-7,6.43284e-6,0.356704
4,168,1.20787e-9,1.20008e-11,1.20008e-11,1.16003e-9,0.250164
4,192,2.12221e-13,4.46372e-16,4.46372e-16,2.09189e-13,0.0879509
4,193,40.1486,36.0987,36.0987,37.2258,0.47632
4,194,70.3977,59.6996,59.6996,63.2182,0.688967
4,197,70.2644,55.7142,55.7142,65.6617,0.425249
4,199,47.9408,23.8144,23.8144,32.0123,3.01856
4,216,0.0842447,0.0173487,0.0173487,0.0713453,1.09685
4,240,1.28466e-5,6.45288e-7,6.45288e-7,1.28657e-5,-0.009017
4,264,2.12063e-9,2.40016e-11,2.40016e-11,2.32007e-9,-0.521497
4,288,3.69313e-13,8.92743e-16,8.92743e-16,4.18377e-13,-0.711446
4,289,84.6939,72.1974,72.1974,74.4515,0.834581
4,290,182.334,119.399,119.399,126.436,2.68203
4,293,150.312,111.428,111.428,131.323,0.877193
4,295,81.1424,47.6288,47.6288,64.0247,1.62196
4,312,0.155411,0.0346974,0.0346974,0.142691,0.540812
4,336,2.77786e-5,1.29058e-6,1.29058e-6,2.57314e-5,0.482669
4,360,4.89426e-9,4.80032e-11,4.80032e-11,4.64013e-9,0.332247
4,384,7.65599e-13,1.78549e-15,1.78549e-15,8.36755e-13,-0.515888
4,385,102.486,72.1974,72.1974,74.4515,2.28434
4,386,151.365,119.399,119.399,126.436,1.19609
4,389,152.094,111.428,111.428,131.323,0.959497
4,391,65.1738,47.6288,47.6288,64.0247,0.108881
4,408,0.170072,0.0346974,0.0346974,0.142691,1.16414
4,432,2.14325e-5,1.29058e-6,1.29058e-6,2.57314e-5,-1.01353
4,456,4.81028e-9,4.80032e-11,4.80032e-11,4.64013e-9,0.222446
4,480,8.06195e-13,1.78549e-15,1.78549e-15,8.36755e-13,-0.22156
4,481,85.8473,72.1974,72.1974,74.4515,0.928563
4,482,134.019,119.399,119.399,126.436,0.363815
4,485,162.762,111.428,111.428,131.323,1.45232
4,487,53.1763,47.6288,47.6288,64.0247,-1.02792
4,504,0.132514,0.0346974,0.0346974,0.142691,-0.432669
4,528,3.31381e-5,1.29058e-6,1.29058e-6,2.57314e-5,1.74626
4,552,4.77359e-9,4.80032e-11,4.80032e-11,4.64013e-9,0.17448
4,576,7.62189e-13,1.78549e-15,1.78549e-15,8.36755e-13,-0.540613
4,577,84.892,72.1974,72.1974,74.4515,0.850721
4,578,148.302,119.399,119.399,126.436,1.04915
4,581,165.342,111.428,111.428,131.323,1.57152
4,583,72.1047,47.6288,47.6288,64.0247,0.765613
4,600,0.172987,0.0346974,0.0346974,0.142691,1.28807
4,624,3.23158e-5,1.29058e-6,1.29058e-6,2.57314e-5,1.55239
4,648,3.81576e-9,4.80032e-11,4.80032e-11,4.64013e-9,-1.0778
5,0,0,0,0,0,0
5,1,4.44055,3.60987,3.60987,3.33936,2.00051
5,2,5.66185,5.96996,5.96996,5.18093,0.563135
5,5,4.92442,5.57142,5.57142,3.72607,1.95109
5,7,1.15962,2.38144,2.38144,1.13318,0.141529
5,24,4.6035e-5,0.00173487,0.00173487,4.57321e-5,0.0401856
5,48,2.67429e-11,6.45288e-8,6.45288e-8,2.86295e-11,-0.399772
5,72,1.50245e-17,2.40016e-12,2.40016e-12,1.79229e-17,-0.0130533
5,96,7.51155e-24,8.92743e-17,8.92743e-17,1.12202e-23,-1.67023e-8
5,97,21.5353,18.0494,18.0494,16.6968,1.75802
5,98,29.5342,29.8498,29.8498,25.9046,0.850009
5,101,23.3749,27.8571,27.8571,18.6303,1.54495
5,103,5.3816,11.9072,11.9072,5.66592,-0.30442
5,120,0.000281556,0.00867436,0.00867436,0.00022866,1.40338
5,144,1.31948e-10,3.22644e-7,3.22644e-7,1.43148e-10,-0.474639
5,168,8.02006e-17,1.20008e-11,1.20008e-11,8.96144e-17,-0.0423956
5,192,4.44814e-23,4.46372e-16,4.46372e-16,5.61011e-23,-5.23302e-8
5,193,39.4746,36.0987,36.0987,33.3936,1.10473
5,194,57.7384,59.6996,59.6996,51.8093,0.694263
5,197,34.891,55.7142,55.7142,37.2607,-0.385823
5,199,13.7495,23.8144,23.8144,11.3318,1.29429
5,216,0.000497271,0.0173487,0.0173487,0.000457321,0.529962
5,240,3.03414e-10,6.45288e-7,6.45288e-7,2.86295e-10,0.36274
5,264,1.20108e-16,2.40016e-11,2.40016e-11,1.79229e-16,-0.266258
5,288,7.76056e-23,8.92743e-16,8.92743e-16,1.12202e-22,-1.55809e-7
5,289,86.5551,72.1974,72.1974,66.7872,1.7956
5,290,116.123,119.399,119.399,103.619,0.732083
5,293,92.2715,111.428,111.428,74.5214,1.44498
5,295,23.7706,47.6288,47.6288,22.6637,0.2963
5,312,0.000978902,0.0346974,0.0346974,0.000914641,0.426221
5,336,4.89714e-10,1.29058e-6,1.29058e-6,5.72591e-10,-0.878077
5,360,3.25217e-16,4.80032e-11,4.80032e-11,3.58457e-16,-0.149702
5,384,1.7622e-22,1.78549e-15,1.78549e-15,2.24404e-22,-2.17001e-7
5,385,73.6035,72.1974,72.1974,66.7872,0.619153
5,386,108.939,119.399,119.399,103.619,0.311523
5,389,77.3752,111.428,111.428,74.5214,0.232318
5,391,26.6407,47.6288,47.6288,22.6637,1.06456
5,408,0.00103924,0.0346974,0.0346974,0.000914641,0.826398
5,432,5.83251e-10,1.29058e-6,1.29058e-6,5.72591e-10,0.112943
5,456,2.99974e-16,4.80032e-11,4.80032e-11,3.58457e-16,-0.263386
5,480,1.55382e-22,1.78549e-15,1.78549e-15,2.24404e-22,-3.10846e-7
5,481,77.01,72.1974,72.1974,66.7872,0.928576
5,482,112.738,119.399,119.399,103.619,0.53391
5,485,85.1165,111.428,111.428,74.5214,0.862513
5,487,25.5118,47.6288,47.6288,22.6637,0.762383
5,504,0.000961647,0.0346974,0.0346974,0.000914641,0.311777
5,528,5.15672e-10,1.29058e-6,1.29058e-6,5.72591e-10,-0.603051
5,552,3.48446e-16,4.80032e-11,4.80032e-11,3.58457e-16,-0.0450892
5,576,1.85111e-22,1.78549e-15,1.78549e-15,2.24404e-22,-1.76959e-7
5,577,75.3587,72.1974,72.1974,66.7872,0.778584
5,578,113.814,119.399,119.399,103.619,0.596917
5,581,92.3403,111.428,111.428,74.5214,1.45058
5,583,26.2821,47.6288,47.6288,22.6637,0.968577
5,600,0.00093565,0.0346974,0.0346974,0.000914641,0.139347
5,624,6.04378e-10,1.29058e-6,1.29058e-6,5.72591e-10,0.336785
5,648,3.09915e-16,4.80032e-11,4.80032e-11,3.58457e-16,-0.218615
6,0,0,0,0,0,0
6,1,3.48839,3.60987,3.60987,3.53519,-0.0803164
6,2,6.37261,5.96996,5.96996,5.74439,0.663453
6,5,6.34289,5.57142,5.57142,4.99164,1.64224
6,7,2.17576,2.38144,2.38144,1.94933,0.704681
6,24,0.000755392,0.00173487,0.00173487,0.000658952,0.887865
6,48,8.66617e-9,6.45288e-8,6.45288e-8,8.29034e-9,0.275015
6,72,1.11803e-13,2.40016e-12,2.40016e-12,1.04302e-13,0.436283
6,96,1.06994e-18,8.92743e-17,8.92743e-17,1.31223e-18,-0.00109116
6,97,18.8237,18.0494,18.0494,17.676,0.393931
6,98,32.0065,29.8498,29.8498,28.722,0.693758
6,101,28.749,27.8571,27.8571,24.9582,0.921421
6,103,11.8884,11.9072,11.9072,9.74667,1.3331
6,120,0.00344777,0.00867436,0.00867436,0.00329476,0.281743
6,144,4.28764e-8,3.22644e-7,3.22644e-7,4.14517e-8,0.208508
6,168,4.17636e-13,1.20008e-11,1.20008e-11,5.21508e-13,-1.20832
6,192,5.53454e-18,4.46372e-16,4.46372e-16,6.56115e-18,-0.00462346
6,193,42.0134,36.0987,36.0987,35.3519,1.14314
6,194,75.2567,59.6996,59.6996,57.4439,1.88118
6,197,59.8654,55.7142,55.7142,49.9164,1.20916
6,199,23.3719,23.8144,23.8144,19.4933,1.20706
6,216,0.00673319,0.0173487,0.0173487,0.00658952,0.132273
6,240,7.74557e-8,6.45288e-7,6.45288e-7,8.29034e-8,-0.398643
6,264,1.10074e-12,2.40016e-11,2.40016e-11,1.04302e-12,0.335766
6,288,1.42088e-17,8.92743e-16,8.92743e-16,1.31223e-17,0.00489313
6,289,84.2687,72.1974,72.1974,70.7039,1.1639
6,290,126.762,119.399,119.399,114.888,0.627014
6,293,142.146,111.428,111.428,99.8327,2.57124
6,295,46.088,47.6288,47.6288,38.9867,1.10501
6,312,0.0141627,0.0346974,0.0346974,0.013179,0.452796
6,336,1.66469e-7,1.29058e-6,1.29058e-6,1.65807e-7,0.0242247
6,360,2.08648e-12,4.80032e-11,4.80032e-11,2.08603e-12,0.00129243
6,384,2.15003e-17,1.78549e-15,1.78549e-15,2.62446e-17,-0.0213663
6,385,82.6277,72.1974,72.1974,70.7039,1.02309
6,386,119.65,119.399,119.399,114.888,0.251488
6,389,109.36,111.428,111.428,99.8327,0.578942
6,391,43.4153,47.6288,47.6288,38.9867,0.689115
6,408,0.015187,0.0346974,0.0346974,0.013179,0.924303
6,432,1.8883e-7,1.29058e-6,1.29058e-6,1.65807e-7,0.842363
6,456,1.99903e-12,4.80032e-11,4.80032e-11,2.08603e-12,-0.253024
6,480,2.73861e-17,1.78549e-15,1.78549e-15,2.62446e-17,0.00514068
6,481,69.8795,72.1974,72.1974,70.7039,-0.0707301
6,482,135.344,119.399,119.399,114.888,1.08016
6,485,132.915,111.428,111.428,99.8327,2.01034
6,487,49.4698,47.6288,47.6288,38.9867,1.63123
6,504,0.017607,0.0346974,0.0346974,0.013179,2.03828
6,528,1.81174e-7,1.29058e-6,1.29058e-6,1.65807e-7,0.562242
6,552,1.82833e-12,4.80032e-11,4.80032e-11,2.08603e-12,-0.749462
6,576,2.06895e-17,1.78549e-15,1.78549e-15,2.62446e-17,-0.0250181
6,577,83.0569,72.1974,72.1974,70.7039,1.05992
6,578,139.022,119.399,119.399,114.888,1.2744
6,581,110.181,111.428,111.428,99.8327,0.628856
6,583,46.9889,47.6288,47.6288,38.9867,1.2452
6,600,0.0122796,0.0346974,0.0346974,0.013179,-0.414017
6,624,1.71779e-7,1.29058e-6,1.29058e-6,1.65807e-7,0.218508
6,648,2.1126e-12,4.80032e-11,4.80032e-11,2.08603e-12,0.0772485
7,0,0,0,0,0,0
7,1,3.64951,3.60987,3.60987,3.22413,0.800403
7,2,5.53861,5.96996,5.96996,4.86796,0.835774
7,5,4.72419,5.57142,5.57142,3.12712,3.0983
7,7,0.885962,2.38144,2.38144,0.81289,0.545333
7,24,9.49032e-6,0.00173487,0.00173487,8.64133e-6,0.596029
7,48,7.09941e-13,6.45288e-8,6.45288e-8,8.22692e-13,-0.831427
7,72,5.37547e-20,2.40016e-12,2.40016e-12,7.83238e-20,-0.00011065
8,0,0,0,0,0,0
8,1,5.0309,3.60987,3.60987,3.97658,1.60844
8,2,8.06564,5.96996,5.96996,7.1663,0.761329
8,5,10.4764,5.57142,5.57142,9.44671,0.661248
8,7,5.84244,2.38144,2.38144,6.07804,-0.235156
8,24,0.166289,0.00173487,0.00173487,0.143176,0.979331
8,48,0.000825186,6.45288e-8,6.45288e-8,0.000720559,0.88088
8,72,4.17492e-6,2.40016e-12,2.40016e-12,3.62634e-6,0.917722
8,96,1.5198e-8,8.92743e-17,8.92743e-17,1.82502e-8,-1.01458
8,97,25.5787,18.0494,18.0494,19.8829,1.73786
8,98,37.347,29.8498,29.8498,35.8315,0.256594
8,101,51.218,27.8571,27.8571,47.2336,0.511756
8,103,31.5616,11.9072,11.9072,30.3902,0.233832
8,120,0.863402,0.00867436,0.00867436,0.715882,1.25012
8,144,0.00390025,3.22644e-7,3.22644e-7,0.0036028,0.500858
8,168,2.3549e-5,1.20008e-11,1.20008e-11,1.81317e-5,1.81254
8,192,7.96327e-8,4.46372e-16,4.46372e-16,9.12509e-8,-0.772399
8,193,49.2262,36.0987,36.0987,39.7658,1.44325
8,194,77.1548,59.6996,59.6996,71.663,0.464908
8,197,99.5207,55.7142,55.7142,94.4671,0.324538
8,199,68.1245,23.8144,23.8144,60.7804,0.73302
8,216,1.48813,0.0173487,0.0173487,1.43176,0.23883
8,240,0.0082661,6.45288e-7,6.45288e-7,0.00720559,0.892863
8,264,3.89412e-5,2.40016e-11,2.40016e-11,3.62634e-5,0.447978
8,288,1.86995e-7,8.92743e-16,8.92743e-16,1.82502e-7,0.149376
8,289,132.152,90.2468,90.2468,99.4146,1.99776
8,290,195.787,149.249,149.249,179.157,0.563099
8,293,299.001,139.285,139.285,236.168,1.61403
8,295,184.199,59.536,59.536,151.951,1.28749
8,312,2.80623,0.0433718,0.0433718,3.57941,-1.31042
8,336,0.0183842,1.61322e-6,1.61322e-6,0.018014,0.124686
8,360,8.61411e-5,6.0004e-11,6.0004e-11,9.06585e-5,-0.302291
8,384,4.6794e-7,2.23186e-15,2.23186e-15,4.56254e-7,0.155374
8,385,101.721,90.2468,90.2468,99.4146,0.140724
8,386,209.094,149.249,149.249,179.157,1.01372
8,389,241.019,139.285,139.285,236.168,0.124615
8,391,186.075,59.536,59.536,151.951,1.36237
8,408,3.47662,0.0433718,0.0433718,3.57941,-0.174203
8,432,0.0164151,1.61322e-6,1.61322e-6,0.018014,-0.538447
8,456,8.76043e-5,6.0004e-11,6.0004e-11,9.06585e-5,-0.204373
8,480,3.99409e-7,2.23186e-15,2.23186e-15,4.56254e-7,-0.755844
8,481,107.195,90.2468,90.2468,99.4146,0.474763
8,482,191.263,149.249,149.249,179.157,0.409909
8,485,296.46,139.285,139.285,236.168,1.54876
8,487,161.048,59.536,59.536,151.951,0.363187
8,504,4.69911,0.0433718,0.0433718,3.57941,1.89773
8,528,0.0188373,1.61322e-6,1.61322e-6,0.018014,0.277274
8,552,8.78874e-5,6.0004e-11,6.0004e-11,9.06585e-5,-0.18543
9,0,0,0,0,0,0
9,1,4.87241,3.60987,3.60987,3.69418,1.93489
9,2,7.11829,5.96996,5.96996,6.23185,0.862933
9,5,7.01253,5.57142,5.57142,6.30098,0.685083
9,7,3.81921,2.38144,2.38144,2.97333,1.72586
9,24,0.00574698,0.00173487,0.00173487,0.00502163,0.876282
9,48,7.52877e-7,6.45288e-8,6.45288e-8,6.12167e-7,1.39443
9,72,7.71449e-11,2.40016e-12,2.40016e-12,7.46269e-11,0.20469
9,96,8.12513e-15,8.92743e-17,8.92743e-17,9.09748e-15,-0.648401
9,97,21.7233,18.0494,18.0494,18.4709,1.06824
9,98,37.655,29.8498,29.8498,31.1592,1.2647
9,101,33.2592,27.8571,27.8571,31.5049,0.337805
9,103,16.8255,11.9072,11.9072,14.8667,0.799345
9,120,0.0290868,0.00867436,0.00867436,0.0251082,0.961315
9,144,3.47374e-6,3.22644e-7,3.22644e-7,3.06084e-6,0.818379
9,168,4.18146e-10,1.20008e-11,1.20008e-11,3.73135e-10,0.731817
9,192,4.90555e-14,4.46372e-16,4.46372e-16,4.54874e-14,0.475873
9,193,44.5207,36.0987,36.0987,36.9418,1.24461
9,194,75.0741,59.6996,59.6996,62.3185,1.24174
9,197,80.8331,55.7142,55.7142,63.0098,1.71602
9,199,30.1894,23.8144,23.8144,29.7333,0.0930551
9,216,0.0508765,0.0173487,0.0173487,0.0502163,0.0797621
9,240,6.67801e-6,6.45288e-7,6.45288e-7,6.12167e-6,0.551329
9,264,6.48265e-10,2.40016e-11,2.40016e-11,7.46269e-10,-0.796691
9,288,8.22227e-14,8.92743e-16,8.92743e-16,9.09748e-14,-0.583623
9,289,137.548,90.2468,90.2468,92.3544,2.9687
9,290,176.265,149.249,149.249,155.796,0.797035
9,293,182.913,139.285,139.285,157.524,0.977761
9,295,88.2393,59.536,59.536,74.3333,1.13491
9,312,0.130217,0.0433718,0.0433718,0.125541,0.225977
9,336,1.53779e-5,1.61322e-6,1.61322e-6,1.53042e-5,0.029229
9,360,2.06711e-9,6.0004e-11,6.0004e-11,1.86567e-9,0.655003
9,384,1.99983e-13,2.23186e-15,2.23186e-15,2.27437e-13,-0.732284
9,385,96.6576,90.2468,90.2468,92.3544,0.282666
9,386,191.474,149.249,149.249,155.796,1.38928
9,389,153.871,139.285,139.285,157.524,-0.140685
9,391,69.4805,59.536,59.536,74.3333,-0.396051
9,408,0.133835,0.0433718,0.0433718,0.125541,0.400828
9,432,1.44431e-5,1.61322e-6,1.61322e-6,1.53042e-5,-0.341329
9,456,1.84224e-9,6.0004e-11,6.0004e-11,1.86567e-9,-0.0761833
9,480,2.35342e-13,2.23186e-15,2.23186e-15,2.27437e-13,0.21085
9,481,96.0977,90.2468,90.2468,92.3544,0.245893
9,482,189.22,149.249,149.249,155.796,1.30151
9,485,211.099,139.285,139.285,157.524,2.06325
9,487,88.5168,59.536,59.536,74.3333,1.15755
9,504,0.141979,0.0433718,0.0433718,0.125541,0.794369
9,528,1.37467e-5,1.61322e-6,1.61322e-6,1.53042e-5,-0.617391
9,552,1.84583e-9,6.0004e-11,6.0004e-11,1.86567e-9,-0.0645377
9,576,1.85834e-13,2.23186e-15,2.23186e-15,2.27437e-13,-1.10971
9,577,113.982,90.2468,90.2468,92.3544,1.42069
9,578,162.977,149.249,149.249,155.796,0.279629
9,581,188.084,139.285,139.285,157.524,1.1769
9,583,93.2245,59.536,59.536,74.3333,1.54177
9,600,0.133104,0.0433718,0.0433718,0.125541,0.365474
9,624,1.77437e-5,1.61322e-6,1.61322e-6,1.53042e-5,0.967024
9,648,1.82086e-9,6.0004e-11,6.0004e-11,1.86567e-9,-0.145703
10,0,0,0,0,0,0
10,1,5.31774,3.60987,3.60987,3.79381,2.43686
10,2,7.50412,5.96996,5.96996,6.55139,0.882229
10,5,7.83605,5.57142,5.57142,7.27782,0.465329
10,7,4.07888,2.38144,2.38144,3.84507,0.368889
10,24,0.0176114,0.00173487,0.00173487,0.016966,0.23079
10,48,6.82603e-6,6.45288e-8,6.45288e-8,8.02446e-6,-0.906025
10,72,4.00837e-9,2.40016e-12,2.40016e-12,3.79535e-9,0.340495
10,96,1.82319e-12,8.92743e-17,8.92743e-17,1.7951e-12,0.0949383
10,97,21.0875,18.0494,18.0494,18.9691,0.677515
10,98,39.2887,29.8498,29.8498,32.7569,1.20968
10,101,42.7581,27.8571,27.8571,36.3891,1.0618
10,103,22.379,11.9072,11.9072,19.2253,0.995143
10,120,0.0864674,0.00867436,0.00867436,0.0848301,0.117095
10,144,4.95229e-5,3.22644e-7,3.22644e-7,4.01223e-5,1.42139
10,168,2.16021e-8,1.20008e-11,1.20008e-11,1.89768e-8,0.839265
10,192,7.80915e-12,4.46372e-16,4.46372e-16,8.97549e-12,-0.788333
10,193,42.5369,36.0987,36.0987,37.9381,0.735378
10,194,82.0018,59.6996,59.6996,65.5139,1.52677
10,197,96.1177,55.7142,55.7142,72.7782,1.94551
10,199,33.0056,23.8144,23.8144,38.4507,-0.859101
10,216,0.176245,0.0173487,0.0173487,0.16966,0.235451
10,240,7.5319e-5,6.45288e-7,6.45288e-7,8.02446e-5,-0.372379
10,264,4.03098e-8,2.40016e-11,2.40016e-11,3.79535e-8,0.376627
10,288,1.79876e-11,8.92743e-16,8.92743e-16,1.7951e-11,0.0123775
10,289,87.6485,72.1974,72.1974,75.8762,0.94123
10,290,157.304,119.399,119.399,131.028,1.21657
10,293,187.971,111.428,111.428,145.556,1.76779
10,295,93.0204,47.6288,47.6288,76.9014,1.27159
10,312,0.32075,0.0346974,0.0346974,0.33932,-0.332004
10,336,0.000164172,1.29058e-6,1.29058e-6,0.000160489,0.13921
10,360,8.44225e-8,4.80032e-11,4.80032e-11,7.5907e-8,0.680564
10,384,3.44127e-11,1.78549e-15,1.78549e-15,3.5902e-11,-0.251646
10,385,92.236,72.1974,72.1974,75.8762,1.30802
10,386,155.961,119.399,119.399,131.028,1.15441
10,389,153.526,111.428,111.428,145.556,0.332174
10,391,91.9326,47.6288,47.6288,76.9014,1.18577
10,408,0.376745,0.0346974,0.0346974,0.33932,0.669103
10,432,0.000133966,1.29058e-6,1.29058e-6,0.000160489,-1.0026
10,456,7.31202e-8,4.80032e-11,4.80032e-11,7.5907e-8,-0.222727
11,0,0,0,0,0,0
11,1,4.37318,3.60987,3.60987,3.54726,1.4125
11,2,6.10576,5.96996,5.96996,5.78044,0.341422
11,5,5.31416,5.57142,5.57142,5.08136,0.277939
11,7,1.87633,2.38144,2.38144,2.01391,-0.414426
11,24,0.000836748,0.00173487,0.00173487,0.000771879,0.509831
11,48,1.1393e-8,6.45288e-8,6.45288e-8,1.1595e-8,-0.105682
11,72,1.62375e-13,2.40016e-12,2.40016e-12,1.74176e-13,-0.41105
11,96,2.53331e-18,8.92743e-17,8.92743e-17,2.61643e-18,-0.000374309
11,97,24.4697,18.0494,18.0494,17.7363,2.30312
11,98,31.5517,29.8498,29.8498,28.9022,0.556132
11,101,25.8957,27.8571,27.8571,25.4068,0.116748
11,103,11.3984,11.9072,11.9072,10.0695,0.800577
11,120,0.00412552,0.00867436,0.00867436,0.0038594,0.418324
11,144,4.8124e-8,3.22644e-7,3.22644e-7,5.79748e-8,-1.03079
11,168,8.7316e-13,1.20008e-11,1.20008e-11,8.70881e-13,0.0158738
11,192,1.28464e-17,4.46372e-16,4.46372e-16,1.30821e-17,-0.00106161
11,193,42.6336,36.0987,36.0987,35.4726,1.22467
11,194,56.1007,59.6996,59.6996,57.8044,-0.178802
11,197,57.316,55.7142,55.7142,50.8136,0.776324
11,199,23.9583,23.8144,23.8144,20.1391,1.15047
11,216,0.00738717,0.0173487,0.0173487,0.00771879,-0.260635
11,240,1.24047e-7,6.45288e-7,6.45288e-7,1.1595e-7,0.423656
11,264,1.51583e-12,2.40016e-11,2.40016e-11,1.74176e-12,-0.786939
11,288,2.22305e-17,8.92743e-16,8.92743e-16,2.61643e-17,-0.0177161
11,289,88.1711,72.1974,72.1974,70.9452,1.47299
11,290,112.179,119.399,119.399,115.609,-0.179963
11,293,121.091,111.428,111.428,101.627,1.16189
11,295,52.1957,47.6288,47.6288,40.2782,1.79498
11,312,0.0172834,0.0346974,0.0346974,0.0154376,0.725355
11,336,2.52142e-7,1.29058e-6,1.29058e-6,2.31899e-7,0.529556
11,360,3.22756e-12,4.80032e-11,4.80032e-11,3.48352e-12,-0.445767
11,384,4.95775e-17,1.78549e-15,1.78549e-15,5.23285e-17,-0.0123897
11,385,77.5398,72.1974,72.1974,70.9452,0.563909
11,386,136.111,119.399,119.399,115.609,1.07585
11,389,106.125,111.428,111.428,101.627,0.26851
11,391,49.769,47.6288,47.6288,40.2782,1.42948
11,408,0.0147633,0.0346974,0.0346974,0.0154376,-0.264958
11,432,1.9599e-7,1.29058e-6,1.29058e-6,2.31899e-7,-0.939408
11,456,3.49981e-12,4.80032e-11,4.80032e-11,3.48352e-12,0.0283645
11,480,4.11852e-17,1.78549e-15,1.78549e-15,5.23285e-17,-0.0501851
11,481,87.9213,72.1974,72.1974,70.9452,1.45163
11,482,124.66,119.399,119.399,115.609,0.474949
11,485,116.072,111.428,111.428,101.627,0.862296
11,487,42.701,47.6288,47.6288,40.2782,0.364927
11,504,0.0182735,0.0346974,0.0346974,0.0154376,1.11444
11,528,2.3945e-7,1.29058e-6,1.29058e-6,2.31899e-7,0.197538
11,552,3.00922e-12,4.80032e-11,4.80032e-11,3.48352e-12,-0.826008
11,576,4.38342e-17,1.78549e-15,1.78549e-15,5.23285e-17,-0.0382553
11,577,67.6674,72.1974,72.1974,70.9452,-0.280288
11,578,135.103,119.399,119.399,115.609,1.02297
11,581,139.912,111.428,111.428,101.627,2.28542
11,583,37.356,47.6288,47.6288,40.2782,-0.440119
11,600,0.016665,0.0346974,0.0346974,0.0154376,0.482334
11,624,2.45454e-7,1.29058e-6,1.29058e-6,2.31899e-7,0.354608
11,648,3.8003e-12,4.80032e-11,4.80032e-11,3.48352e-12,0.551663
12,0,0,0,0,0,0
12,1,3.62493,3.60987,3.60987,3.63172,-0.0113445
12,2,7.4107,5.96996,5.96996,6.03708,1.38033
12,5,6.6685,5.57142,5.57142,5.75252,0.965993
12,7,2.9612,2.38144,2.38144,2.52346,1.05236
12,24,0.00232055,0.00173487,0.00173487,0.00229179,0.0761343
12,48,1.3138e-7,6.45288e-8,6.45288e-8,1.1637e-7,0.782524
12,72,6.07708e-12,2.40016e-12,2.40016e-12,5.90886e-12,0.172716
12,96,3.40717e-16,8.92743e-17,8.92743e-17,3.00032e-16,0.18323
12,97,21.4962,18.0494,18.0494,18.1586,1.11505
12,98,36.0864,29.8498,29.8498,30.1854,1.18597
12,101,29.8654,27.8571,27.8571,28.7626,0.232599
12,103,15.4387,11.9072,11.9072,12.6173,1.35656
12,120,0.0109942,0.00867436,0.00867436,0.011459,-0.246052
12,144,5.97969e-7,3.22644e-7,3.22644e-7,5.81848e-7,0.168086
12,168,2.96718e-11,1.20008e-11,1.20008e-11,2.95443e-11,0.026191
12,192,1.42375e-15,4.46372e-16,4.46372e-16,1.50016e-15,-0.308998
12,193,45.6092,36.0987,36.0987,36.3172,1.55218
12,194,76.1624,59.6996,59.6996,60.3708,1.58687
12,197,65.1334,55.7142,55.7142,57.5252,0.80236
12,199,29.1272,23.8144,23.8144,25.2346,0.935808
12,216,0.0260292,0.0173487,0.0173487,0.0229179,0.823568
12,240,1.06262e-6,6.45288e-7,6.45288e-7,1.1637e-6,-0.526941
12,264,6.5886e-11,2.40016e-11,2.40016e-11,5.90886e-11,0.697883
12,288,2.67442e-15,8.92743e-16,8.92743e-16,3.00032e-15,-0.658968
12,289,99.8965,72.1974,72.1974,72.6343,2.27699
12,290,123.527,119.399,119.399,120.742,0.139947
12,293,119.961,111.428,111.428,115.05,0.258932
12,295,59.9244,47.6288,47.6288,50.4692,1.13655
12,312,0.0417283,0.0346974,0.0346974,0.0458359,-0.543647
12,336,2.37843e-6,1.29058e-6,1.29058e-6,2.32739e-6,0.133043
12,360,1.26328e-10,4.80032e-11,4.80032e-11,1.18177e-10,0.418418
12,384,4.6662e-15,1.78549e-15,1.78549e-15,6.00064e-15,-1.34909
12,385,88.3113,72.1974,72.1974,72.6343,1.30937
12,386,142.721,119.399,119.399,120.742,1.10435
12,389,137.372,111.428,111.428,115.05,1.177
12,391,56.1123,47.6288,47.6288,50.4692,0.678322
12,408,0.0417035,0.0346974,0.0346974,0.0458359,-0.546939
12,432,2.24155e-6,1.29058e-6,1.29058e-6,2.32739e-6,-0.223745
12,456,1.36236e-10,4.80032e-11,4.80032e-11,1.18177e-10,0.927047
12,480,5.81969e-15,1.78549e-15,1.78549e-15,6.00064e-15,-0.182935
12,481,89.2173,72.1974,72.1974,72.6343,1.38504
12,482,137.607,119.399,119.399,120.742,0.847388
12,485,146.091,111.428,111.428,115.05,1.63674
12,487,63.5594,47.6288,47.6288,50.4692,1.57348
12,504,0.0433107,0.0346974,0.0346974,0.0458359,-0.334216
12,528,2.634e-6,1.29058e-6,1.29058e-6,2.32739e-6,0.799205
12,552,1.39417e-10,4.80032e-11,4.80032e-11,1.18177e-10,1.09036
12,576,5.55504e-15,1.78549e-15,1.78549e-15,6.00064e-15,-0.450489
12,577,79.6208,72.1974,72.1974,72.6343,0.583521
12,578,118.002,119.399,119.399,120.742,-0.137653
12,581,120.967,111.428,111.428,115.05,0.311969
12,583,69.8262,47.6288,47.6288,50.4692,2.32677
12,600,0.0603955,0.0346974,0.0346974,0.0458359,1.92703
12,624,2.69878e-6,1.29058e-6,1.29058e-6,2.32739e-6,0.968053
12,648,1.00476e-10,4.80032e-11,4.80032e-11,1.18177e-10,-0.908695
13,0,0,0,0,0,0
13,1,3.44754,3.60987,3.60987,3.37867,0.123668
13,2,7.2529,5.96996,5.96996,5.2908,2.24979
13,5,3.86656,5.57142,5.57142,3.95335,-0.133186
13,7,1.65154,2.38144,2.38144,1.26623,1.84602
13,24,9.00971e-5,0.00173487,0.00173487,7.93723e-5,0.819715
13,48,9.81471e-11,6.45288e-8,6.45288e-8,9.25212e-11,0.368887
13,72,1.08922e-16,2.40016e-12,2.40016e-12,1.07848e-16,0.00483311
13,96,1.16036e-22,8.92743e-17,8.92743e-17,1.25715e-22,-4.35899e-8
13,97,21.8755,18.0494,18.0494,16.8933,1.78913
13,98,32.8538,29.8498,29.8498,26.454,1.46764
13,101,23.9084,27.8571,27.8571,19.7668,1.27111
13,103,7.10056,11.9072,11.9072,6.33116,0.737244
13,120,0.000442662,0.00867436,0.00867436,0.000396861,0.700125
13,144,4.19536e-10,3.22644e-7,3.22644e-7,4.62606e-10,-0.564819
13,168,5.29167e-16,1.20008e-11,1.20008e-11,5.39242e-16,-0.0453733
13,192,4.84945e-22,4.46372e-16,4.46372e-16,6.28573e-22,-6.46845e-7
13,193,38.861,36.0987,36.0987,33.7867,0.911126
13,194,65.9699,59.6996,59.6996,52.908,1.49771
13,197,40.6208,55.7142,55.7142,39.5335,0.166842
13,199,14.4361,23.8144,23.8144,12.6623,0.849837
13,216,0.000856314,0.0173487,0.0173487,0.000793723,0.478399
13,240,1.06006e-9,6.45288e-7,6.45288e-7,9.25212e-10,0.884223
13,264,1.07972e-15,2.40016e-11,2.40016e-11,1.07848e-15,0.00558413
13,288,1.32099e-21,8.92743e-16,8.92743e-16,1.25715e-21,2.87523e-7
13,289,70.1468,72.1974,72.1974,67.5733,0.231043
13,290,122.988,119.399,119.399,105.816,0.984499
13,293,97.3253,111.428,111.428,79.0671,1.4009
13,295,31.6259,47.6288,47.6288,25.3246,1.50947
13,312,0.00141855,0.0346974,0.0346974,0.00158745,-0.645456
13,336,1.99469e-9,1.29058e-6,1.29058e-6,1.85042e-9,0.472969
13,360,2.44968e-15,4.80032e-11,4.80032e-11,2.15697e-15,0.823267
13,384,2.64102e-21,1.78549e-15,1.78549e-15,2.51429e-21,5.70734e-7
13,385,85.2878,72.1974,72.1974,67.5733,1.59036
13,386,128.605,119.399,119.399,105.816,1.30653
13,389,112.378,111.428,111.428,79.0671,2.55586
13,391,30.1318,47.6288,47.6288,25.3246,1.15157
13,408,0.00170404,0.0346974,0.0346974,0.00158745,0.445568
13,432,2.06955e-9,1.29058e-6,1.29058e-6,1.85042e-9,0.718386
13,456,1.86816e-15,4.80032e-11,4.80032e-11,2.15697e-15,-0.812282
13,480,2.63594e-21,1.78549e-15,1.78549e-15,2.51429e-21,5.47839e-7
13,481,71.2562,72.1974,72.1974,67.5733,0.330638
13,482,114.758,119.399,119.399,105.816,0.512665
13,485,93.1879,111.428,111.428,79.0671,1.08345
13,487,32.6537,47.6288,47.6288,25.3246,1.75569
13,504,0.0014977,0.0346974,0.0346974,0.00158745,-0.342966
13,528,1.56352e-9,1.29058e-6,1.29058e-6,1.85042e-9,-0.940615
13,552,2.20558e-15,4.80032e-11,4.80032e-11,2.15697e-15,0.136724
13,576,2.54592e-21,1.78549e-15,1.78549e-15,2.51429e-21,1.42454e-7
13,577,76.8501,72.1974,72.1974,67.5733,0.832852
13,578,136.037,119.399,119.399,105.816,1.73262
13,581,100.09,111.428,111.428,79.0671,1.61298
13,583,28.5031,47.6288,47.6288,25.3246,0.761402
13,600,0.00151746,0.0346974,0.0346974,0.00158745,-0.267471
13,624,1.73892e-9,1.29058e-6,1.29058e-6,1.85042e-9,-0.365554
13,648,2.08616e-15,4.80032e-11,4.80032e-11,2.15697e-15,-0.199145
14,0,0,0,0,0,0
14,1,3.14019,3.60987,3.60987,2.87914,0.550052
14,2,5.76911,5.96996,5.96996,4.00993,2.66144
14,5,1.66592,5.57142,5.57142,1.81786,-0.507042
14,7,0.27418,2.38144,2.38144,0.280416,-0.134896
14,24,3.30496e-8,0.00173487,0.00173487,3.53071e-8,-0.387893
14,48,4.92304e-18,6.45288e-8,6.45288e-8,6.40869e-18,-0.00669077
14,72,6.06071e-28,2.40016e-12,2.40016e-12,1.16326e-27,-2.50935e-12
14,96,1.06679e-37,8.92743e-17,8.92743e-17,2.11146e-37,-4.70478e-22
14,97,15.8876,18.0494,18.0494,14.3957,0.628722
14,98,24.8356,29.8498,29.8498,20.0496,1.44811
14,101,11.8453,27.8571,27.8571,9.08929,1.83948
14,103,1.65645,11.9072,11.9072,1.40208,1.10063
14,120,1.38046e-7,0.00867436,0.00867436,1.76535e-7,-1.32268
14,144,2.01642e-17,3.22644e-7,3.22644e-7,3.20434e-17,-0.0534993
14,168,3.03491e-27,1.20008e-11,1.20008e-11,5.8163e-27,-1.25262e-11
14,192,5.66647e-37,4.46372e-16,4.46372e-16,1.05573e-36,-2.20264e-21
14,193,35.0604,36.0987,36.0987,28.7914,1.32094
14,194,48.3038,59.6996,59.6996,40.0993,1.24125
14,197,20.6823,55.7142,55.7142,18.1786,0.835543
14,199,2.75756,23.8144,23.8144,2.80416,-0.100799
14,216,3.78731e-7,0.0173487,0.0173487,3.53071e-7,0.44091
14,240,4.12927e-17,6.45288e-7,6.45288e-7,6.40869e-17,-0.102656
14,264,6.8936e-27,2.40016e-11,2.40016e-11,1.16326e-26,-2.13425e-11
14,288,1.04357e-36,8.92743e-16,8.92743e-16,2.11146e-36,-4.80939e-21
14,289,63.6537,72.1974,72.1974,57.5827,0.639602
14,290,99.9158,119.399,119.399,80.1986,1.49149
14,293,40.1921,111.428,111.428,36.3572,0.639904
14,295,7.01729,47.6288,47.6288,5.60831,1.52411
14,312,6.49644e-7,0.0346974,0.0346974,7.06141e-7,-0.485378
14,336,8.97527e-17,1.29058e-6,1.29058e-6,1.28174e-16,-0.173033
14,360,1.23009e-26,4.80032e-11,4.80032e-11,2.32652e-26,-4.93787e-11
14,384,2.08068e-36,1.78549e-15,1.78549e-15,4.22293e-36,-9.64782e-21
14,385,61.1974,72.1974,72.1974,57.5827,0.380818
14,386,102.777,119.399,119.399,80.1986,1.70793
14,389,35.9886,111.428,111.428,36.3572,-0.0614931
14,391,6.48551,47.6288,47.6288,5.60831,0.948873
14,408,5.81376e-7,0.0346974,0.0346974,7.06141e-7,-1.07188
14,432,7.54121e-17,1.29058e-6,1.29058e-6,1.28174e-16,-0.237617
14,456,1.26163e-26,4.80032e-11,4.80032e-11,2.32652e-26,-4.79583e-11
14,480,1.8237e-36,1.78549e-15,1.78549e-15,4.22293e-36,-1.08052e-20
14,481,70.0249,72.1974,72.1974,57.5827,1.31083
14,482,84.4946,119.399,119.399,80.1986,0.324968
14,485,42.997,111.428,111.428,36.3572,1.10792
14,487,6.29168,47.6288,47.6288,5.60831,0.739207
14,504,7.7101e-7,0.0346974,0.0346974,7.06141e-7,0.557298
14,528,9.81646e-17,1.29058e-6,1.29058e-6,1.28174e-16,-0.135149
14,552,1.31019e-26,4.80032e-11,4.80032e-11,2.32652e-26,-4.57715e-11
14,576,1.8816e-36,1.78549e-15,1.78549e-15,4.22293e-36,-1.05444e-20
14,577,61.1956,72.1974,72.1974,57.5827,0.380632
14,578,96.7335,119.399,119.399,80.1986,1.25077
14,581,43.1048,111.428,111.428,36.3572,1.12592
14,583,7.10458,47.6288,47.6288,5.60831,1.61853
14,600,7.00302e-7,0.0346974,0.0346974,7.06141e-7,-0.0501715
14,624,8.97368e-17,1.29058e-6,1.29058e-6,1.28174e-16,-0.173105
14,648,1.34404e-26,4.80032e-11,4.80032e-11,2.32652e-26,-4.42471e-11
15,0,0,0,0,0,0
15,1,3.91942,3.60987,3.60987,3.36706,0.995204
15,2,6.0611,5.96996,5.96996,5.2582,0.926329
15,5,4.03771,5.57142,5.57142,3.88496,0.238514
15,7,1.34895,2.38144,2.38144,1.22555,0.61082
15,24,8.05862e-5,0.00173487,0.00173487,6.75085e-5,1.17521
15,48,7.16066e-11,6.45288e-8,6.45288e-8,6.55678e-11,0.558728
15,72,6.1104e-17,2.40016e-12,2.40016e-12,6.36829e-17,-0.0116144
15,96,4.92247e-23,8.92743e-17,8.92743e-17,6.18523e-23,-5.68695e-8
15,97,18.3215,18.0494,18.0494,16.8353,0.535553
15,98,33.5164,29.8498,29.8498,26.291,1.66724
15,101,18.7333,27.8571,27.8571,19.4248,-0.215973
15,103,7.06511,11.9072,11.9072,6.12775,0.927997
15,120,0.000311525,0.00867436,0.00867436,0.000337542,-0.467613
15,144,3.28169e-10,3.22644e-7,3.22644e-7,3.27839e-10,0.00610849
15,168,3.28755e-16,1.20008e-11,1.20008e-11,3.18415e-16,0.0465696
15,192,2.70159e-22,4.46372e-16,4.46372e-16,3.09261e-22,-1.761e-7
15,193,39.7579,36.0987,36.0987,33.6706,1.09676
15,194,50.4517,59.6996,59.6996,52.582,-0.245776
15,197,41.4938,55.7142,55.7142,38.8496,0.412904
15,199,13.8679,23.8144,23.8144,12.2555,0.798154
15,216,0.000789903,0.0173487,0.0173487,0.000675085,1.0318
15,240,7.39629e-10,6.45288e-7,6.45288e-7,6.55678e-10,0.776744
15,264,6.07804e-16,2.40016e-11,2.40016e-11,6.36829e-16,-0.130721
15,288,5.18776e-22,8.92743e-16,8.92743e-16,6.18523e-22,-4.49218e-7
15,289,68.7034,72.1974,72.1974,67.3412,0.122716
15,290,127.299,119.399,119.399,105.164,1.27691
15,293,92.5238,111.428,111.428,77.6993,1.15746
15,295,24.7855,47.6288,47.6288,24.511,0.0679432
15,312,0.00135879,0.0346974,0.0346974,0.00135017,0.0387493
15,336,1.25487e-9,1.29058e-6,1.29058e-6,1.31136e-9,-0.261328
15,360,1.03459e-15,4.80032e-11,4.80032e-11,1.27366e-15,-1.07669
15,384,1.18558e-21,1.78549e-15,1.78549e-15,1.23705e-21,-2.31757e-7
15,385,77.7007,72.1974,72.1974,67.3412,0.933249
15,386,107.117,119.399,119.399,105.164,0.112637
15,389,96.0265,111.428,111.428,77.6993,1.43094
15,391,29.3149,47.6288,47.6288,24.511,1.18898
15,408,0.00144673,0.0346974,0.0346974,0.00135017,0.433862
15,432,1.21065e-9,1.29058e-6,1.29058e-6,1.31136e-9,-0.465895
15,456,1.22979e-15,4.80032e-11,4.80032e-11,1.27366e-15,-0.197573
15,480,1.10245e-21,1.78549e-15,1.78549e-15,1.23705e-21,-6.06161e-7
15,481,71.1623,72.1974,72.1974,67.3412,0.344226
15,482,104.964,119.399,119.399,105.164,-0.0115258
15,485,88.6198,111.428,111.428,77.6993,0.852649
15,487,21.9954,47.6288,47.6288,24.511,-0.62263
15,504,0.00168749,0.0346974,0.0346974,0.00135017,1.51564
15,528,1.34967e-9,1.29058e-6,1.29058e-6,1.31136e-9,0.177234
15,552,1.2447e-15,4.80032e-11,4.80032e-11,1.27366e-15,-0.130417
15,576,1.08685e-21,1.78549e-15,1.78549e-15,1.23705e-21,-6.76403e-7
15,577,66.8589,72.1974,72.1974,67.3412,-0.0434553
15,578,133.291,119.399,119.399,105.164,1.62254
15,581,97.3725,111.428,111.428,77.6993,1.53604
15,583,31.6551,47.6288,47.6288,24.511,1.76819
15,600,0.00148584,0.0346974,0.0346974,0.00135017,0.60958
15,624,1.37091e-9,1.29058e-6,1.29058e-6,1.31136e-9,0.275527
15,648,1.3094e-15,4.80032e-11,4.80032e-11,1.27366e-15,0.160951
16,0,0,0,0,0,0
16,1,4.34299,3.60987,3.60987,3.87592,0.731052
16,2,8.0203,5.96996,5.96996,6.82298,1.06458
16,5,9.42872,5.57142,5.57142,8.18713,0.920003
16,7,5.00008,2.38144,2.38144,4.73326,0.341982
16,24,0.0483897,0.00173487,0.00173487,0.044916,0.469169
16,48,7.83196e-5,6.45288e-8,6.45288e-8,6.26241e-5,1.52047
16,72,8.88126e-8,2.40016e-12,2.40016e-12,8.73135e-8,0.104158
16,96,1.18696e-10,8.92743e-17,8.92743e-17,1.21737e-10,-0.151517
16,97,18.8387,18.0494,18.0494,19.3796,-0.169314
16,98,40.7583,29.8498,29.8498,34.1149,1.18138
16,101,48.017,27.8571,27.8571,40.9357,1.04944
16,103,25.213,11.9072,11.9072,23.6663,0.396469
16,120,0.278922,0.00867436,0.00867436,0.22458,1.46793
16,144,0.000382474,3.22644e-7,3.22644e-7,0.00031312,1.3437
16,168,3.7968e-7,1.20008e-11,1.20008e-11,4.36567e-7,-0.790503
16,192,5.83498e-10,4.46372e-16,4.46372e-16,6.08683e-10,-0.251014
16,193,44.9426,36.0987,36.0987,38.7592,0.967821
16,194,94.4183,59.6996,59.6996,68.2298,2.32852
16,197,109.02,55.7142,55.7142,81.8713,2.01171
16,199,51.5456,23.8144,23.8144,47.3326,0.539974
16,216,0.387681,0.0173487,0.0173487,0.44916,-0.830365
16,240,0.000598378,6.45288e-7,6.45288e-7,0.000626241,-0.269916
16,264,8.94708e-7,2.40016e-11,2.40016e-11,8.73135e-7,0.149891
16,288,1.04895e-9,8.92743e-16,8.92743e-16,1.21737e-9,-0.839266
16,289,106.339,90.2468,90.2468,96.8979,0.591056
16,290,192.756,149.249,149.249,170.574,0.788901
16,293,259.575,139.285,139.285,204.678,1.62711
16,295,121.029,59.536,59.536,118.331,0.138286
16,312,1.04693,0.0433718,0.0433718,1.1229,-0.41045
16,336,0.0018502,1.61322e-6,1.61322e-6,0.0015656,1.1028
16,360,1.92743e-6,6.0004e-11,6.0004e-11,2.18284e-6,-0.70984
16,384,2.71984e-9,2.23186e-15,2.23186e-15,3.04342e-9,-0.645005
16,385,107.907,90.2468,90.2468,96.8979,0.689233
16,386,217.408,149.249,149.249,170.574,1.66568
16,389,220.161,139.285,139.285,204.678,0.458899
16,391,125.005,59.536,59.536,118.331,0.342118
16,408,1.14301,0.0433718,0.0433718,1.1229,0.108621
16,432,0.00157107,1.61322e-6,1.61322e-6,0.0015656,0.0212003
16,456,1.87285e-6,6.0004e-11,6.0004e-11,2.18284e-6,-0.861517
16,480,3.22056e-9,2.23186e-15,2.23186e-15,3.04342e-9,0.353105
16,481,103.597,90.2468,90.2468,96.8979,0.419436
16,482,178.806,149.249,149.249,170.574,0.292773
16,485,284.993,139.285,139.285,204.678,2.38049
16,487,165.856,59.536,59.536,118.331,2.43644
16,504,1.22256,0.0433718,0.0433718,1.1229,0.538442
16,528,0.00155096,1.61322e-6,1.61322e-6,0.0015656,-0.0567229
16,552,2.21065e-6,6.0004e-11,6.0004e-11,2.18284e-6,0.0772967
16,576,2.64564e-9,2.23186e-15,2.23186e-15,3.04342e-9,-0.792903
16,577,99.7197,90.2468,90.2468,96.8979,0.176664
16,578,195.388,149.249,149.249,170.574,0.882504
16,581,224.852,139.285,139.285,204.678,0.597944
16,583,132.163,59.536,59.536,118.331,0.7091
16,600,1.11649,0.0433718,0.0433718,1.1229,-0.0346091
16,624,0.00168208,1.61322e-6,1.61322e-6,0.0015656,0.451331
16,648,2.3582e-6,6.0004e-11,6.0004e-11,2.18284e-6,0.487365
17,0,0,0,0,0,0
17,1,3.56317,3.60987,3.60987,3.58188,-0.0316914
17,2,6.57222,5.96996,5.96996,5.88472,0.708747
17,5,5.58269,5.57142,5.57142,5.34716,0.26722
17,7,2.66582,2.38144,2.38144,2.21018,1.25067
17,24,0.00134323,0.00173487,0.00173487,0.00121062,0.664524
17,48,3.06043e-8,6.45288e-8,6.45288e-8,3.01061e-8,0.100399
17,72,7.85799e-13,2.40016e-12,2.40016e-12,7.48686e-13,0.300724
17,96,1.54174e-17,8.92743e-17,8.92743e-17,1.86185e-17,-0.0144166
17,97,17.7877,18.0494,18.0494,17.9094,-0.041237
17,98,31.2286,29.8498,29.8498,29.4236,0.372146
17,101,31.7137,27.8571,27.8571,26.7358,1.12953
17,103,10.199,11.9072,11.9072,11.0509,-0.467657
17,120,0.00560066,0.00867436,0.00867436,0.00605312,-0.453466
17,144,1.44636e-7,3.22644e-7,3.22644e-7,1.5053e-7,-0.237568
17,168,3.37959e-12,1.20008e-11,1.20008e-11,3.74343e-12,-0.589642
17,192,8.10175e-17,4.46372e-16,4.46372e-16,9.30926e-17,-0.0543813
17,193,45.8578,36.0987,36.0987,35.8188,1.70028
17,194,61.3359,59.6996,59.6996,58.8472,0.256561
17,197,64.7027,55.7142,55.7142,53.4716,1.27421
17,199,23.8456,23.8144,23.8144,22.1018,0.478642
17,216,0.0147449,0.0173487,0.0173487,0.0121062,1.32224
17,240,3.19753e-7,6.45288e-7,6.45288e-7,3.01061e-7,0.376662
17,264,8.11671e-12,2.40016e-11,2.40016e-11,7.48686e-12,0.510365
17,288,1.91064e-16,8.92743e-16,8.92743e-16,1.86185e-16,0.0219728
17,289,104.827,90.2468,90.2468,89.5471,1.03519
17,290,171.753,149.249,149.249,147.118,1.01586
17,293,166.382,139.285,139.285,133.679,1.48409
17,295,71.0019,59.536,59.536,55.2544,1.72896
17,312,0.0351457,0.0433718,0.0433718,0.0302656,0.978194
17,336,6.60799e-7,1.61322e-6,1.61322e-6,7.52652e-7,-0.74036
17,360,1.66563e-11,6.0004e-11,6.0004e-11,1.87171e-11,-0.667959
17,384,4.50813e-16,2.23186e-15,2.23186e-15,4.65463e-16,-0.0659772
17,385,103.847,90.2468,90.2468,89.5471,0.968752
17,386,167.24,149.249,149.249,147.118,0.829741
17,389,174.723,139.285,139.285,133.679,1.86264
17,391,70.5874,59.536,59.536,55.2544,1.68346
17,408,0.0339714,0.0433718,0.0433718,0.0302656,0.742803
17,432,7.21399e-7,1.61322e-6,1.61322e-6,7.52652e-7,-0.251909
17,456,1.81666e-11,6.0004e-11,6.0004e-11,1.87171e-11,-0.178449
17,480,4.1493e-16,2.23186e-15,2.23186e-15,4.65463e-16,-0.227577
17,481,94.2212,90.2468,90.2468,89.5471,0.316661
17,482,201.498,149.249,149.249,147.118,2.24241
17,485,149.595,139.285,139.285,133.679,0.722292
17,487,62.4224,59.536,59.536,55.2544,0.786998
17,504,0.0370947,0.0433718,0.0433718,0.0302656,1.36885
17,528,9.19164e-7,1.61322e-6,1.61322e-6,7.52652e-7,1.34212
17,552,1.59198e-11,6.0004e-11,6.0004e-11,1.87171e-11,-0.906681
17,576,4.21107e-16,2.23186e-15,2.23186e-15,4.65463e-16,-0.199761
17,577,95.7688,90.2468,90.2468,89.5471,0.421503
17,578,171.182,149.249,149.249,147.118,0.992308
17,581,162.273,139.285,139.285,133.679,1.29765
17,583,66.1911,59.536,59.536,55.2544,1.20077
17,600,0.0299369,0.0433718,0.0433718,0.0302656,-0.0658765
17,624,8.1445e-7,1.61322e-6,1.61322e-6,7.52652e-7,0.498102
17,648,1.53968e-11,6.0004e-11,6.0004e-11,1.87171e-11,-1.07618
18,0,0,0,0,0,0
18,1,4.8913,3.60987,3.60987,4.06766,1.2284
18,2,7.77544,5.96996,5.96996,7.48683,0.233864
18,5,14.5546,5.57142,5.57142,10.7399,2.1548
18,7,8.09685,2.38144,2.38144,7.58844,0.406441
18,24,0.464982,0.00173487,0.00173487,0.396244,1.0524
18,48,0.00572815,6.45288e-8,6.45288e-8,0.00613496,-0.402274
18,72,0.000110032,2.40016e-12,2.40016e-12,9.49863e-5,0.960944
18,96,1.60682e-6,8.92743e-17,8.92743e-17,1.47065e-6,0.561701
18,97,23.2725,18.0494,18.0494,20.3383,0.875221
18,98,44.4665,29.8498,29.8498,37.4341,1.13966
18,101,52.5327,27.8571,27.8571,53.6993,-0.131791
18,103,50.2489,11.9072,11.9072,37.9422,1.96771
18,120,1.93906,0.00867436,0.00867436,1.98122,-0.129086
18,144,0.0324601,3.22644e-7,3.22644e-7,0.0306748,0.353081
18,168,0.000441147,1.20008e-11,1.20008e-11,0.000474932,-0.431548
18,192,7.75044e-6,4.46372e-16,4.46372e-16,7.35326e-6,0.327673
18,193,43.3514,36.0987,36.0987,40.6766,0.398936
18,194,85.3287,59.6996,59.6996,74.8683,0.847602
18,197,142.238,55.7142,55.7142,107.399,1.96794
18,199,98.9233,23.8144,23.8144,75.8844,1.84184
18,216,4.67458,0.0173487,0.0173487,3.96244,1.0903
18,240,0.0639563,6.45288e-7,6.45288e-7,0.0613496,0.257765
18,264,0.000939494,2.40016e-11,2.40016e-11,0.000949863,-0.0662262
18,288,1.39364e-5,8.92743e-16,8.92743e-16,1.47065e-5,-0.317679
18,289,106.525,90.2468,90.2468,101.691,0.288351
18,290,184.026,149.249,149.249,187.171,-0.101922
18,293,318.414,139.285,139.285,268.497,1.12787
18,295,213.371,59.536,59.536,189.711,0.756584
18,312,10.1465,0.0433718,0.0433718,9.9061,0.147246
18,336,0.163532,1.61322e-6,1.61322e-6,0.153374,0.40177
18,360,0.00224068,6.0004e-11,6.0004e-11,0.00237466,-0.342261
18,384,3.36238e-5,2.23186e-15,2.23186e-15,3.67663e-5,-0.518525
18,385,113.081,90.2468,90.2468,101.691,0.679442
18,386,236.518,149.249,149.249,187.171,1.59943
18,389,283.638,139.285,139.285,268.497,0.342106
18,391,255.383,59.536,59.536,189.711,2.10005
18,408,10.693,0.0433718,0.0433718,9.9061,0.481927
18,432,0.154712,1.61322e-6,1.61322e-6,0.153374,0.0529083
18,456,0.00218305,6.0004e-11,6.0004e-11,0.00237466,-0.489501
18,480,3.78326e-5,2.23186e-15,2.23186e-15,3.67663e-5,0.17594
18,481,110.176,90.2468,90.2468,101.691,0.506136
18,482,212.213,149.249,149.249,187.171,0.811667
18,485,366.984,139.285,139.285,268.497,2.22529
18,487,212.736,59.536,59.536,189.711,0.7363
18,504,11.7691,0.0433718,0.0433718,9.9061,1.14091
18,528,0.161274,1.61322e-6,1.61322e-6,0.153374,0.312487
18,552,0.00213949,6.0004e-11,6.0004e-11,0.00237466,-0.600795
18,576,4.09042e-5,2.23186e-15,2.23186e-15,3.67663e-5,0.682756
18,577,113.163,90.2468,90.2468,101.691,0.684336
18,578,224.898,149.249,149.249,187.171,1.22282
18,581,226.309,139.285,139.285,268.497,-0.953198
18,583,208.475,59.536,59.536,189.711,0.600027
18,600,10.1,0.0433718,0.0433718,9.9061,0.118748
18,624,0.170168,1.61322e-6,1.61322e-6,0.153374,0.664283
18,648,0.00230022,6.0004e-11,6.0004e-11,0.00237466,-0.190166
19,0,0,0,0,0,0
19,1,4.1615,3.60987,3.60987,3.93587,0.347776
19,2,7.69958,5.96996,5.96996,7.02605,0.581548
19,5,10.4004,5.57142,5.57142,8.9169,1.00928
19,7,6.68349,2.38144,2.38144,5.4967,1.30983
19,24,0.08737,0.00173487,0.00173487,0.089981,-0.176036
19,48,0.000354159,6.45288e-8,6.45288e-8,0.000270899,1.86452
19,72,7.7556e-7,2.40016e-12,2.40016e-12,8.15577e-7,-0.297659
19,96,2.56399e-9,8.92743e-17,8.92743e-17,2.4554e-9,0.268296
19,97,25.3602,18.0494,18.0494,19.6793,1.75125
19,98,35.6829,29.8498,29.8498,35.1303,0.0954266
19,101,41.3294,27.8571,27.8571,44.5845,-0.442917
19,103,32.1347,11.9072,11.9072,27.4835,1.02668
19,120,0.531335,0.00867436,0.00867436,0.449905,1.09801
19,144,0.00131821,3.22644e-7,3.22644e-7,0.0013545,-0.162528
19,168,4.61966e-6,1.20008e-11,1.20008e-11,4.07788e-6,0.805984
19,192,1.21865e-8,4.46372e-16,4.46372e-16,1.2277e-8,-0.0447232
19,193,45.856,36.0987,36.0987,39.3587,1.00147
19,194,77.3706,59.6996,59.6996,70.2605,0.613913
19,197,115.426,55.7142,55.7142,89.169,1.78635
19,199,67.0897,23.8144,23.8144,54.967,1.33795
19,216,0.911505,0.0173487,0.0173487,0.89981,0.0788522
19,240,0.00274619,6.45288e-7,6.45288e-7,0.00270899,0.0833047
19,264,9.48594e-6,2.40016e-11,2.40016e-11,8.15577e-6,0.989432
19,288,2.45123e-8,8.92743e-16,8.92743e-16,2.4554e-8,-0.0102911
19,289,108.29,90.2468,90.2468,98.3967,0.609986
19,290,181.226,149.249,149.249,175.651,0.19254
19,293,230.24,139.285,139.285,222.922,0.199142
19,295,149.623,59.536,59.536,137.417,0.538817
19,312,2.15752,0.0433718,0.0433718,2.24952,-0.248132
19,336,0.0061685,1.61322e-6,1.61322e-6,0.00677248,-0.54103
19,360,1.84052e-5,6.0004e-11,6.0004e-11,2.03894e-5,-0.590378
19,384,6.00508e-8,2.23186e-15,2.23186e-15,6.1385e-8,-0.131851
19,385,108.924,90.2468,90.2468,98.3967,0.649076
19,386,215.481,149.249,149.249,175.651,1.37562
19,389,237.863,139.285,139.285,222.922,0.406599
19,391,169.67,59.536,59.536,137.417,1.42384
19,408,2.227,0.0433718,0.0433718,2.24952,-0.0607387
19,432,0.00764885,1.61322e-6,1.61322e-6,0.00677248,0.785022
19,456,1.66884e-5,6.0004e-11,6.0004e-11,2.03894e-5,-1.10118
19,480,5.01207e-8,2.23186e-15,2.23186e-15,6.1385e-8,-1.11323
19,481,124.629,90.2468,90.2468,98.3967,1.61732
19,482,196.519,149.249,149.249,175.651,0.720722
19,485,256.836,139.285,139.285,222.922,0.92291
19,487,179.015,59.536,59.536,137.417,1.83639
19,504,2.71991,0.0433718,0.0433718,2.24952,1.26854
19,528,0.00733805,1.61322e-6,1.61322e-6,0.00677248,0.506616
19,552,2.13571e-5,6.0004e-11,6.0004e-11,2.03894e-5,0.287929
19,576,6.0388e-8,2.23186e-15,2.23186e-15,6.1385e-8,-0.0985296
19,577,108.223,90.2468,90.2468,98.3967,0.60586
19,578,215.778,149.249,149.249,175.651,1.38589
19,581,262.544,139.285,139.285,222.922,1.07824
19,583,180.576,59.536,59.536,137.417,1.90531
19,600,2.06675,0.0433718,0.0433718,2.24952,-0.492923
19,624,0.0068703,1.61322e-6,1.61322e-6,0.00677248,0.0876256
19,648,1.94361e-5,6.0004e-11,6.0004e-11,2.03894e-5,-0.283649
20,0,0,0,0,0,0
20,1,3.47554,3.60987,3.60987,3.37707,0.1769
20,2,5.54745,5.96996,5.96996,5.2863,0.299688
20,5,4.95766,5.57142,5.57142,3.94387,1.55944
20,7,1.32447,2.38144,2.38144,1.26056,0.307604
20,24,7.95498e-5,0.00173487,0.00173487,7.76253e-5,0.150404
20,48,9.92158e-11,6.45288e-8,6.45288e-8,8.82438e-11,0.7543
20,72,7.70771e-17,2.40016e-12,2.40016e-12,1.00315e-16,-0.104654
20,96,9.51762e-23,8.92743e-17,8.92743e-17,1.14037e-22,-8.4942e-8
20,97,20.9613,18.0494,18.0494,16.8853,1.46442
20,98,28.2878,29.8498,29.8498,26.4315,0.426045
20,101,17.4157,27.8571,27.8571,19.7193,-0.708706
20,103,7.53728,11.9072,11.9072,6.30279,1.18822
20,120,0.000569838,0.00867436,0.00867436,0.000388126,2.84022
20,144,4.74224e-10,3.22644e-7,3.22644e-7,4.41219e-10,0.453799
20,168,4.84963e-16,1.20008e-11,1.20008e-11,5.01574e-16,-0.0748101
20,192,4.9715e-22,4.46372e-16,4.46372e-16,5.70186e-22,-3.28921e-7
20,193,35.7167,36.0987,36.0987,33.7707,0.349593
20,194,56.7839,59.6996,59.6996,52.863,0.449959
20,197,42.1966,55.7142,55.7142,39.4387,0.424235
20,199,13.3071,23.8144,23.8144,12.6056,0.337614
20,216,0.000864292,0.0173487,0.0173487,0.000776253,0.688044
20,240,9.08158e-10,6.45288e-7,6.45288e-7,8.82438e-10,0.176816
20,264,9.71782e-16,2.40016e-11,2.40016e-11,1.00315e-15,-0.141264
20,288,1.02923e-21,8.92743e-16,8.92743e-16,1.14037e-21,-5.00522e-7
20,289,98.6509,90.2468,90.2468,84.4267,1.0221
20,290,180.021,149.249,149.249,132.158,2.19712
20,293,112.658,139.285,139.285,98.5967,0.865162
20,295,43.2761,59.536,59.536,31.5139,2.26426
20,312,0.00221063,0.0433718,0.0433718,0.00194063,0.844029
20,336,2.32038e-9,1.61322e-6,1.61322e-6,2.2061e-9,0.314266
20,360,2.62673e-15,6.0004e-11,6.0004e-11,2.50787e-15,0.287526
20,384,2.48626e-21,2.23186e-15,2.23186e-15,2.85093e-21,-1.64231e-6
20,385,88.8597,90.2468,90.2468,84.4267,0.31854
20,386,149.786,149.249,149.249,132.158,0.809197
20,389,108.185,139.285,139.285,98.5967,0.589971
20,391,33.972,59.536,59.536,31.5139,0.473197
20,408,0.00249637,0.0433718,0.0433718,0.00194063,1.73727
20,432,2.33205e-9,1.61322e-6,1.61322e-6,2.2061e-9,0.34636
20,456,2.32328e-15,6.0004e-11,6.0004e-11,2.50787e-15,-0.44652
20,480,2.65683e-21,2.23186e-15,2.23186e-15,2.85093e-21,-8.74148e-7
20,481,92.0384,90.2468,90.2468,84.4267,0.546946
20,482,140.161,149.249,149.249,132.158,0.367384
20,485,114.487,139.285,139.285,98.5967,0.977703
20,487,35.0254,59.536,59.536,31.5139,0.675977
20,504,0.00218919,0.0433718,0.0433718,0.00194063,0.777011
20,528,1.84538e-9,1.61322e-6,1.61322e-6,2.2061e-9,-0.991929
20,552,1.94666e-15,6.0004e-11,6.0004e-11,2.50787e-15,-1.35757
20,576,2.84845e-21,2.23186e-15,2.23186e-15,2.85093e-21,-1.11506e-8
20,577,95.5208,90.2468,90.2468,84.4267,0.79718
20,578,158.868,149.249,149.249,132.158,1.22613
20,581,87.775,139.285,139.285,98.5967,-0.665853
20,583,32.0806,59.536,59.536,31.5139,0.109091
20,600,0.00188161,0.0433718,0.0433718,0.00194063,-0.184496
20,624,2.17661e-9,1.61322e-6,1.61322e-6,2.2061e-9,-0.0810952
20,648,2.34969e-15,6.0004e-11,6.0004e-11,2.50787e-15,-0.382651
21,0,0,0,0,0,0
21,1,4.67825,3.60987,3.60987,3.35188,2.4006
21,2,5.62868,5.96996,5.96996,5.21574,0.480297
21,5,3.77891,5.57142,5.57142,3.7971,-0.0290694
21,7,1.34779,2.38144,2.38144,1.1741,0.897444
21,24,7.01326e-5,0.00173487,0.00173487,5.45584e-5,1.73176
21,48,4.23998e-11,6.45288e-8,6.45288e-8,4.16777e-11,0.105094
21,72,2.74941e-17,2.40016e-12,2.40016e-12,3.18381e-17,-0.0195634
21,96,2.2443e-23,8.92743e-17,8.92743e-17,2.43215e-23,-8.45994e-9
21,97,22.2445,18.0494,18.0494,16.7594,1.98549
21,98,37.8586,29.8498,29.8498,26.0787,2.7403
21,101,19.3953,27.8571,27.8571,18.9855,0.130931
21,103,6.81428,11.9072,11.9072,5.87051,0.975293
21,120,0.000276264,0.00867436,0.00867436,0.000272792,0.0772211
21,144,1.94743e-10,3.22644e-7,3.22644e-7,2.08389e-10,-0.397261
21,168,1.33184e-16,1.20008e-11,1.20008e-11,1.59191e-16,-0.117124
21,192,1.25368e-22,4.46372e-16,4.46372e-16,1.21607e-22,1.69371e-8
21,193,34.0476,36.0987,36.0987,33.5188,0.0957135
21,194,64.3317,59.6996,59.6996,52.1574,1.41602
21,197,37.5379,55.7142,55.7142,37.971,-0.0691906
21,199,14.1112,23.8144,23.8144,11.741,1.22465
21,216,0.000640328,0.0173487,0.0173487,0.000545584,1.0535
21,240,4.66532e-10,6.45288e-7,6.45288e-7,4.16777e-10,0.724217
21,264,3.1688e-16,2.40016e-11,2.40016e-11,3.18381e-16,-0.00676155
21,288,2.25218e-22,8.92743e-16,8.92743e-16,2.43215e-22,-8.105e-8
21,289,91.722,90.2468,90.2468,83.7969,0.573746
21,290,136.339,149.249,149.249,130.394,0.276604
21,293,95.2178,139.285,139.285,94.9275,0.0185508
21,295,36.8651,59.536,59.536,29.3525,1.55269
21,312,0.00144888,0.0433718,0.0433718,0.00136396,0.377724
21,336,1.04215e-9,1.61322e-6,1.61322e-6,1.04194e-9,0.00118306
21,360,7.66486e-16,6.0004e-11,6.0004e-11,7.95953e-16,-0.132707
21,384,4.71919e-22,2.23186e-15,2.23186e-15,6.08037e-22,-6.13023e-7
21,385,91.9288,90.2468,90.2468,83.7969,0.588718
21,386,138.778,149.249,149.249,130.394,0.390105
21,389,101.802,139.285,139.285,94.9275,0.439301
21,391,32.6274,59.536,59.536,29.3525,0.676836
21,408,0.00139735,0.0433718,0.0433718,0.00136396,0.148524
21,432,9.48285e-10,1.61322e-6,1.61322e-6,1.04194e-9,-0.545314
21,456,6.72192e-16,6.0004e-11,6.0004e-11,7.95953e-16,-0.557369
21,480,5.62935e-22,2.23186e-15,2.23186e-15,6.08037e-22,-2.03124e-7
21,481,100.59,90.2468,90.2468,83.7969,1.21578
21,482,147.072,149.249,149.249,130.394,0.775943
21,485,97.6398,139.285,139.285,94.9275,0.173332
21,487,31.3953,59.536,59.536,29.3525,0.422198
21,504,0.00153303,0.0433718,0.0433718,0.00136396,0.751974
21,528,1.04904e-9,1.61322e-6,1.61322e-6,1.04194e-9,0.0412911
21,552,7.23856e-16,6.0004e-11,6.0004e-11,7.95953e-16,-0.324693
21,576,5.66392e-22,2.23186e-15,2.23186e-15,6.08037e-22,-1.87555e-7
21,577,94.8617,90.2468,90.2468,83.7969,0.801051
21,578,168.387,149.249,149.249,130.394,1.76766
21,581,117.69,139.285,139.285,94.9275,1.4547
21,583,37.0777,59.536,59.536,29.3525,1.59662
21,600,0.0013379,0.0433718,0.0433718,0.00136396,-0.115882
21,624,9.278e-10,1.61322e-6,1.61322e-6,1.04194e-9,-0.664587
21,648,6.83844e-16,6.0004e-11,6.0004e-11,7.95953e-16,-0.504891
22,0,0,0,0,0,0
22,1,4.32857,3.60987,3.60987,3.83488,0.780982
22,2,6.75799,5.96996,5.96996,6.68631,0.0650403
22,5,7.86952,5.57142,5.57142,7.72021,0.11733
22,7,5.03503,2.38144,2.38144,4.26823,1.08989
22,24,0.0251388,0.00173487,0.00173487,0.0277015,-0.561222
22,48,2.32626e-5,6.45288e-8,6.45288e-8,2.25904e-5,0.180502
22,72,1.92061e-8,2.40016e-12,2.40016e-12,1.84224e-8,0.258085
22,96,1.27964e-11,8.92743e-17,8.92743e-17,1.50233e-11,-0.899244
22,97,22.0765,18.0494,18.0494,19.1744,0.918188
22,98,44.5725,29.8498,29.8498,33.4315,2.02167
22,101,50.6849,27.8571,27.8571,38.601,1.89911
22,103,24.3804,11.9072,11.9072,21.3411,0.863952
22,120,0.173663,0.00867436,0.00867436,0.138508,1.53977
22,144,9.83001e-5,3.22644e-7,3.22644e-7,0.000112952,-0.786955
22,168,9.48792e-8,1.20008e-11,1.20008e-11,9.21119e-8,0.182256
22,192,7.34401e-11,4.46372e-16,4.46372e-16,7.51167e-11,-0.13541
22,193,38.5682,36.0987,36.0987,38.3488,0.034707
22,194,77.3161,59.6996,59.6996,66.8631,0.948411
22,197,100.433,55.7142,55.7142,77.2021,1.82546
22,199,53.7362,23.8144,23.8144,42.6823,1.57113
22,216,0.272981,0.0173487,0.0173487,0.277015,-0.0883419
22,240,0.000249123,6.45288e-7,6.45288e-7,0.000225904,0.623535
22,264,1.72107e-7,2.40016e-11,2.40016e-11,1.84224e-7,-0.399026
22,288,1.27275e-10,8.92743e-16,8.92743e-16,1.50233e-10,-0.927074
22,289,138.236,108.296,108.296,115.047,1.22284
22,290,255.47,179.099,179.099,200.589,1.65981
22,293,252.319,167.143,167.143,231.606,0.542544
22,295,140.159,71.4432,71.4432,128.047,0.57387
22,312,0.755351,0.0520462,0.0520462,0.831046,-0.552569
22,336,0.000622477,1.93587e-6,1.93587e-6,0.000677713,-0.494447
22,360,6.28561e-7,7.20048e-11,7.20048e-11,5.52671e-7,0.833027
22,384,4.17056e-10,2.67823e-15,2.67823e-15,4.507e-10,-0.452858
22,385,125.435,108.296,108.296,115.047,0.547808
22,386,201.072,179.099,179.099,200.589,0.0145962
22,389,238.992,167.143,167.143,231.606,0.193469
22,391,140.923,71.4432,71.4432,128.047,0.610046
22,408,0.875082,0.0520462,0.0520462,0.831046,0.321456
22,432,0.000663752,1.93587e-6,1.93587e-6,0.000677713,-0.124978
22,456,5.65212e-7,7.20048e-11,7.20048e-11,5.52671e-7,0.137651
22,480,4.4638e-10,2.67823e-15,2.67823e-15,4.507e-10,-0.0581589
22,481,157.054,108.296,108.296,115.047,2.2151
22,482,192.074,179.099,179.099,200.589,-0.257537
22,485,244.312,167.143,167.143,231.606,0.332812
22,487,145.804,71.4432,71.4432,128.047,0.841278
22,504,1.02633,0.0520462,0.0520462,0.831046,1.42555
22,528,0.000883704,1.93587e-6,1.93587e-6,0.000677713,1.84393
22,552,5.27547e-7,7.20048e-11,7.20048e-11,5.52671e-7,-0.275786
22,576,4.29594e-10,2.67823e-15,2.67823e-15,4.507e-10,-0.284092
22,577,113.712,108.296,108.296,115.047,-0.0703624
22,578,241.007,179.099,179.099,200.589,1.22237
22,581,211.669,167.143,167.143,231.606,-0.522231
22,583,172.671,71.4432,71.4432,128.047,2.1142
22,600,1.04567,0.0520462,0.0520462,0.831046,1.56676
22,624,0.000791617,1.93587e-6,1.93587e-6,0.000677713,1.01961
22,648,6.07321e-7,7.20048e-11,7.20048e-11,5.52671e-7,0.599883
23,0,0,0,0,0,0
23,1,4.25975,3.60987,3.60987,3.57194,1.16817
23,2,7.15442,5.96996,5.96996,5.85465,1.34681
23,5,5.71276,5.57142,5.57142,5.26955,0.510236
23,7,2.84913,2.38144,2.38144,2.15211,1.9648
23,24,0.00122498,0.00173487,0.00173487,0.00106448,0.914663
23,48,2.5657e-8,6.45288e-8,6.45288e-8,2.29208e-8,0.724202
23,72,4.50647e-13,2.40016e-12,2.40016e-12,4.9354e-13,-0.527242
23,96,9.24134e-18,8.92743e-17,8.92743e-17,1.06271e-17,-0.00624088
23,97,21.2648,18.0494,18.0494,17.8597,1.15662
23,98,35.5787,29.8498,29.8498,29.2732,1.30675
23,101,28.8344,27.8571,27.8571,26.3478,0.572535
23,103,12.4252,11.9072,11.9072,10.7606,0.938477
23,120,0.0046779,0.00867436,0.00867436,0.00532241,-0.734626
23,144,1.26756e-7,3.22644e-7,3.22644e-7,1.14604e-7,0.643268
23,168,2.83271e-12,1.20008e-11,1.20008e-11,2.4677e-12,0.897337
23,192,5.17254e-17,4.46372e-16,4.46372e-16,5.31355e-17,-0.00635028
23,193,45.0701,36.0987,36.0987,35.7194,1.58812
23,194,65.6636,59.6996,59.6996,58.5465,0.73747
23,197,57.319,55.7142,55.7142,52.6955,0.532272
23,199,22.33,23.8144,23.8144,21.5211,0.228027
23,216,0.011407,0.0173487,0.0173487,0.0106448,0.434392
23,240,2.26678e-7,6.45288e-7,6.45288e-7,2.29208e-7,-0.0669654
23,264,4.66653e-12,2.40016e-11,2.40016e-11,4.9354e-12,-0.330498
23,288,1.13776e-16,8.92743e-16,8.92743e-16,1.06271e-16,0.0337994
23,289,101.317,108.296,108.296,107.158,-0.33072
23,290,191.73,179.099,179.099,175.639,0.555772
23,293,150.996,167.143,167.143,158.087,-0.272101
23,295,69.5545,71.4432,71.4432,64.5634,0.468985
23,312,0.0370662,0.0520462,0.0520462,0.0319345,0.974876
23,336,6.62701e-7,1.93587e-6,1.93587e-6,6.87625e-7,-0.219893
23,360,1.16822e-11,7.20048e-11,7.20048e-11,1.48062e-11,-1.28001
23,384,2.90723e-16,2.67823e-15,2.67823e-15,3.18813e-16,-0.126505
23,385,126.88,108.296,108.296,107.158,1.11653
23,386,196.897,179.099,179.099,175.639,0.73422
23,389,154.012,167.143,167.143,158.087,-0.156376
23,391,78.6019,71.4432,71.4432,64.5634,1.3191
23,408,0.036168,0.0520462,0.0520462,0.0319345,0.804238
23,432,7.29504e-7,1.93587e-6,1.93587e-6,6.87625e-7,0.369474
23,456,1.12555e-11,7.20048e-11,7.20048e-11,1.48062e-11,-1.45484
23,480,2.5143e-16,2.67823e-15,2.67823e-15,3.18813e-16,-0.303464
23,481,117.947,108.296,108.296,107.158,0.610798
23,482,218.422,179.099,179.099,175.639,1.4777
23,485,150.709,167.143,167.143,158.087,-0.283125
23,487,69.0559,71.4432,71.4432,64.5634,0.422134
23,504,0.0397219,0.0520462,0.0520462,0.0319345,1.47937
23,528,7.76639e-7,1.93587e-6,1.93587e-6,6.87625e-7,0.785323
23,552,1.20704e-11,7.20048e-11,7.20048e-11,1.48062e-11,-1.12092
23,576,2.13679e-16,2.67823e-15,2.67823e-15,3.18813e-16,-0.473482
23,577,112.122,108.296,108.296,107.158,0.28102
23,578,204.273,179.099,179.099,175.639,0.988991
23,581,198.433,167.143,167.143,158.087,1.54829
23,583,71.3586,71.4432,71.4432,64.5634,0.638503
23,600,0.0401498,0.0520462,0.0520462,0.0319345,1.56066
23,624,7.13431e-7,1.93587e-6,1.93587e-6,6.87625e-7,0.227676
23,648,1.49955e-11,7.20048e-11,7.20048e-11,1.48062e-11,0.0775584
24,0,0,0,0,0,0
24,1,3.75746,3.60987,3.60987,3.69407,0.10411
24,2,7.38882,5.96996,5.96996,6.23151,1.12668
24,5,6.02777,5.57142,5.57142,6.29999,-0.262138
24,7,3.6968,2.38144,2.38144,2.9725,1.47822
24,24,0.0061208,0.00173487,0.00173487,0.00501493,1.33778
24,48,5.86146e-7,6.45288e-8,6.45288e-8,6.1044e-7,-0.241426
24,72,7.88124e-11,2.40016e-12,2.40016e-12,7.43055e-11,0.367961
24,96,7.61816e-15,8.92743e-17,8.92743e-17,9.0448e-15,-0.956883
24,97,23.269,18.0494,18.0494,18.4703,1.5761
24,98,37.1203,29.8498,29.8498,31.1575,1.16098
24,101,34.5692,27.8571,27.8571,31.5,0.59111
24,103,18.6613,11.9072,11.9072,14.8625,1.55059
24,120,0.0303441,0.00867436,0.00867436,0.0250746,1.2749
24,144,3.35108e-6,3.22644e-7,3.22644e-7,3.0522e-6,0.594057
24,168,3.79976e-10,1.20008e-11,1.20008e-11,3.71527e-10,0.137958
24,192,4.77477e-14,4.46372e-16,4.46372e-16,4.5224e-14,0.338544
24,193,44.3827,36.0987,36.0987,36.9407,1.22215
24,194,83.1122,59.6996,59.6996,62.3151,2.02466
24,197,68.8538,55.7142,55.7142,62.9999,0.563695
24,199,35.4255,23.8144,23.8144,29.725,1.16342
24,216,0.0567635,0.0173487,0.0173487,0.0501493,0.800124
24,240,7.10999e-6,6.45288e-7,6.45288e-7,6.1044e-6,0.999357
24,264,7.87258e-10,2.40016e-11,2.40016e-11,7.43055e-10,0.36089
24,288,8.63873e-14,8.92743e-16,8.92743e-16,9.0448e-14,-0.272365
24,289,102.819,108.296,108.296,110.822,-0.438124
24,290,206.288,179.099,179.099,186.945,0.627688
24,293,243.823,167.143,167.143,189,1.75971
24,295,128.225,71.4432,71.4432,89.175,2.65659
24,312,0.184115,0.0520462,0.0520462,0.150448,1.35758
24,336,1.914e-5,1.93587e-6,1.93587e-6,1.83132e-5,0.273886
24,360,2.09186e-9,7.20048e-11,7.20048e-11,2.22916e-9,-0.373659
24,384,2.73248e-13,2.67823e-15,2.67823e-15,2.71344e-13,0.0425692
24,385,109.7,108.296,108.296,110.822,-0.0614089
24,386,230.863,179.099,179.099,186.945,1.42518
24,389,239.666,167.143,167.143,189,1.62628
24,391,97.5309,71.4432,71.4432,89.175,0.568455
24,408,0.150174,0.0520462,0.0520462,0.150448,-0.0110421
24,432,2.10927e-5,1.93587e-6,1.93587e-6,1.83132e-5,0.920763
24,456,1.88276e-9,7.20048e-11,7.20048e-11,2.22916e-9,-0.942713
24,480,2.41698e-13,2.67823e-15,2.67823e-15,2.71344e-13,-0.662816
24,481,132.318,108.296,108.296,110.822,1.1767
24,482,254.6,179.099,179.099,186.945,2.19545
24,485,197.926,167.143,167.143,189,0.286524
24,487,104.563,71.4432,71.4432,89.175,1.04684
24,504,0.161295,0.0520462,0.0520462,0.150448,0.437395
24,528,1.65247e-5,1.93587e-6,1.93587e-6,1.83132e-5,-0.592483
24,552,2.44247e-9,7.20048e-11,7.20048e-11,2.22916e-9,0.5805
24,576,2.4314e-13,2.67823e-15,2.67823e-15,2.71344e-13,-0.63057
24,577,134.856,108.296,108.296,110.822,1.31565
24,578,196.472,179.099,179.099,186.945,0.309163
24,581,241.683,167.143,167.143,189,1.69102
24,583,86.2902,71.4432,71.4432,89.175,-0.196252
24,600,0.160522,0.0520462,0.0520462,0.150448,0.406208
24,624,2.14738e-5,1.93587e-6,1.93587e-6,1.83132e-5,1.04699
24,648,2.14261e-9,7.20048e-11,7.20048e-11,2.22916e-9,-0.235554
25,0,0,0,0,0,0
25,1,4.32443,3.60987,3.60987,3.48871,1.45324
25,2,7.603,5.96996,5.96996,5.607,2.15959
25,5,4.92704,5.57142,5.57142,4.65962,0.348166
25,7,1.63791,2.38144,2.38144,1.71787,-0.282395
25,24,0.000348069,0.00173487,0.00173487,0.000355986,-0.134928
25,48,2.19857e-9,6.45288e-8,6.45288e-8,2.24448e-9,-0.124101
25,72,1.31931e-14,2.40016e-12,2.40016e-12,1.41514e-14,-0.410822
25,96,8.85643e-20,8.92743e-17,8.92743e-17,8.92243e-20,-2.97266e-6
25,97,22.1553,18.0494,18.0494,17.4436,1.63867
25,98,32.2942,29.8498,29.8498,28.035,0.921652
25,101,28.486,27.8571,27.8571,23.2981,1.35088
25,103,9.09007,11.9072,11.9072,8.58936,0.35365
25,120,0.00185229,0.00867436,0.00867436,0.00177993,0.246639
25,144,1.24998e-8,3.22644e-7,3.22644e-7,1.12224e-8,0.690497
25,168,7.3117e-14,1.20008e-11,1.20008e-11,7.07571e-14,0.202338
25,192,4.1621e-19,4.46372e-16,4.46372e-16,4.46122e-19,-0.000134712
25,193,35.9496,36.0987,36.0987,34.8871,0.184761
25,194,62.3436,59.6996,59.6996,56.07,0.678774
25,197,54.9299,55.7142,55.7142,46.5962,1.085
25,199,19.8834,23.8144,23.8144,17.1787,0.95513
25,216,0.00424472,0.0173487,0.0173487,0.00355986,1.1671
25,240,1.66244e-8,6.45288e-7,6.45288e-7,2.24448e-8,-1.57318
25,264,1.23621e-13,2.40016e-11,2.40016e-11,1.41514e-13,-0.767061
25,288,7.27462e-19,8.92743e-16,8.92743e-16,8.92243e-19,-0.000742108
25,289,191.603,162.444,162.444,156.992,1.33744
25,290,275.258,268.648,268.648,252.315,0.551636
25,293,275.151,250.714,250.714,209.683,1.89414
25,295,81.099,107.165,107.165,77.3042,0.297799
25,312,0.021449,0.0780693,0.0780693,0.0160194,2.0562
25,336,9.6972e-8,2.9038e-6,2.9038e-6,1.01002e-7,-0.242043
25,360,5.36184e-13,1.08007e-10,1.08007e-10,6.36814e-13,-0.958645
25,384,3.69286e-18,4.01734e-15,4.01734e-15,4.0151e-18,-0.0014512
25,385,180.599,162.444,162.444,156.992,0.912243
25,386,261.101,268.648,268.648,252.315,0.211244
25,389,229.685,250.714,250.714,209.683,0.57872
25,391,80.9055,107.165,107.165,77.3042,0.282616
25,408,0.0167809,0.0780693,0.0780693,0.0160194,0.288382
25,432,1.17825e-7,2.9038e-6,2.9038e-6,1.01002e-7,1.01044
25,456,4.87844e-13,1.08007e-10,1.08007e-10,6.36814e-13,-1.41915
25,480,3.58964e-18,4.01734e-15,4.01734e-15,4.0151e-18,-0.0019161
25,481,189.121,162.444,162.444,156.992,1.24153
25,482,275.523,268.648,268.648,252.315,0.558001
25,485,182.085,250.714,250.714,209.683,-0.798456
25,487,87.2197,107.165,107.165,77.3042,0.778133
25,504,0.0201782,0.0780693,0.0780693,0.0160194,1.57496
25,528,9.59656e-8,2.9038e-6,2.9038e-6,1.01002e-7,-0.302494
25,552,6.53669e-13,1.08007e-10,1.08007e-10,6.36814e-13,0.160574
25,576,3.48887e-18,4.01734e-15,4.01734e-15,4.0151e-18,-0.00236989
25,577,186.034,162.444,162.444,156.992,1.12226
25,578,263.262,268.648,268.648,252.315,0.263205
25,581,201.448,250.714,250.714,209.683,-0.238247
25,583,91.0496,107.165,107.165,77.3042,1.07869
25,600,0.0194598,0.0780693,0.0780693,0.0160194,1.30288
25,624,1.09464e-7,2.9038e-6,2.9038e-6,1.01002e-7,0.508304
25,648,6.71762e-13,1.08007e-10,1.08007e-10,6.36814e-13,0.332931
26,0,0,0,0,0,0
26,1,3.52718,3.60987,3.60987,3.57386,-0.0792346
26,2,6.24741,5.96996,5.96996,5.86044,0.400573
26,5,6.03924,5.57142,5.57142,5.28445,0.8665
26,7,2.17226,2.38144,2.38144,2.16321,0.025373
26,24,0.00120057,0.00173487,0.00173487,0.00109128,0.607535
26,48,2.53273e-8,6.45288e-8,6.45288e-8,2.41614e-8,0.292739
26,72,5.3466e-13,2.40016e-12,2.40016e-12,5.34941e-13,-0.0031847
26,96,9.91746e-18,8.92743e-17,8.92743e-17,1.18438e-17,-0.00867528
26,97,19.1547,18.0494,18.0494,17.8693,0.43637
26,98,33.7807,29.8498,29.8498,29.3022,0.927205
26,101,38.9684,27.8571,27.8571,26.4223,2.88059
26,103,12.5584,11.9072,11.9072,10.816,0.977258
26,120,0.00648453,0.00867436,0.00867436,0.00545641,1.14309
26,144,1.12812e-7,3.22644e-7,3.22644e-7,1.20807e-7,-0.401498
26,168,2.45904e-12,1.20008e-11,1.20008e-11,2.6747e-12,-0.489158
26,192,5.4473e-17,4.46372e-16,4.46372e-16,5.92188e-17,-0.0213732
26,193,36.7379,36.0987,36.0987,35.7386,0.169621
26,194,91.65,59.6996,59.6996,58.6044,3.42078
26,197,69.323,55.7142,55.7142,52.8445,1.89174
26,199,27.697,23.8144,23.8144,21.6321,1.70087
26,216,0.0118287,0.0173487,0.0173487,0.0109128,0.509125
26,240,2.29442e-7,6.45288e-7,6.45288e-7,2.41614e-7,-0.305624
26,264,5.99113e-12,2.40016e-11,2.40016e-11,5.34941e-12,0.727756
26,288,1.17506e-16,8.92743e-16,8.92743e-16,1.18438e-16,-0.00419778
26,289,182.832,162.444,162.444,160.824,0.830183
26,290,313.151,268.648,268.648,263.72,1.13711
26,293,240.9,250.714,250.714,237.8,0.0790769
26,295,121.525,107.165,107.165,97.3444,1.50695
26,312,0.0616186,0.0780693,0.0780693,0.0491077,1.54554
26,336,9.2629e-7,2.9038e-6,2.9038e-6,1.08726e-6,-0.898169
26,360,2.32226e-11,1.08007e-10,1.08007e-10,2.40723e-11,-0.214148
26,384,5.2135e-16,4.01734e-15,4.01734e-15,5.32969e-16,-0.0523309
26,385,172.989,162.444,162.444,160.824,0.458906
26,386,290.825,268.648,268.648,263.72,0.623524
26,389,256.182,250.714,250.714,237.8,0.468948
26,391,102.232,107.165,107.165,97.3444,0.304608
26,408,0.0570645,0.0780693,0.0780693,0.0491077,0.98295
26,432,1.24063e-6,2.9038e-6,2.9038e-6,1.08726e-6,0.85577
26,456,2.14962e-11,1.08007e-10,1.08007e-10,2.40723e-11,-0.649214
26,480,4.92426e-16,4.01734e-15,4.01734e-15,5.32969e-16,-0.182591
26,481,200.682,162.444,162.444,160.824,1.50352
26,482,339.807,268.648,268.648,263.72,1.75028
26,485,243.296,250.714,250.714,237.8,0.140214
26,487,104.127,107.165,107.165,97.3444,0.422696
26,504,0.0554938,0.0780693,0.0780693,0.0491077,0.788912
26,528,9.94922e-7,2.9038e-6,2.9038e-6,1.08726e-6,-0.515223
26,552,2.62165e-11,1.08007e-10,1.08007e-10,2.40723e-11,0.540357
26,576,4.59339e-16,4.01734e-15,4.01734e-15,5.32969e-16,-0.3316
26,577,185.983,162.444,162.444,160.824,0.949063
26,578,267.385,268.648,268.648,263.72,0.0843004
26,581,241.45,250.714,250.714,237.8,0.093103
26,583,94.8503,107.165,107.165,97.3444,-0.155434
26,600,0.0547902,0.0780693,0.0780693,0.0491077,0.701992
26,624,1.03387e-6,2.9038e-6,2.9038e-6,1.08726e-6,-0.297898
26,648,2.2062e-11,1.08007e-10,1.08007e-10,2.40723e-11,-0.506634
27,0,0,0,0,0,0
27,1,5.02456,3.60987,3.60987,3.69079,2.19233
27,2,7.30792,5.96996,5.96996,6.22118,1.05972
27,5,7.28194,5.57142,5.57142,6.27005,0.979045
27,7,3.75843,2.38144,2.38144,2.94719,1.66988
27,24,0.00557247,0.00173487,0.00173487,0.00481473,0.954759
27,48,5.11294e-7,6.45288e-8,6.45288e-8,5.60033e-7,-0.527974
27,72,6.56298e-11,2.40016e-12,2.40016e-12,6.51413e-11,0.0454908
27,96,6.70169e-15,8.92743e-17,8.92743e-17,7.57703e-15,-0.70084
27,97,21.0672,18.0494,18.0494,18.454,0.859078
27,98,33.6432,29.8498,29.8498,31.1059,0.494849
27,101,39.8913,27.8571,27.8571,31.3503,1.65278
27,103,18.7859,11.9072,11.9072,14.7359,1.66731
27,120,0.0252171,0.00867436,0.00867436,0.0240736,0.288146
27,144,3.46e-6,3.22644e-7,3.22644e-7,2.80017e-6,1.42953
27,168,3.44226e-10,1.20008e-11,1.20008e-11,3.25707e-10,0.34494
27,192,3.65405e-14,4.46372e-16,4.46372e-16,3.78851e-14,-0.215325
27,193,48.2775,36.0987,36.0987,36.9079,1.86883
27,194,72.5181,59.6996,59.6996,62.2118,1.00501
27,197,76.2103,55.7142,55.7142,62.7005,1.30713
27,199,36.737,23.8144,23.8144,29.4719,1.49547
27,216,0.05602,0.0173487,0.0173487,0.0481473,0.991969
27,240,5.47978e-6,6.45288e-7,6.45288e-7,5.60033e-6,-0.130593
27,264,6.71793e-10,2.40016e-11,2.40016e-11,6.51413e-10,0.189794
27,288,6.47448e-14,8.92743e-16,8.92743e-16,7.57703e-14,-0.88276
27,289,179.385,162.444,162.444,166.086,0.485784
27,290,349.179,268.648,268.648,279.953,1.50012
27,293,279.474,250.714,250.714,282.152,-0.0575927
27,295,165.613,107.165,107.165,132.624,1.50902
27,312,0.20644,0.0780693,0.0780693,0.216663,-0.286237
27,336,2.71456e-5,2.9038e-6,2.9038e-6,2.52015e-5,0.46798
27,360,2.64514e-9,1.08007e-10,1.08007e-10,2.93136e-9,-0.592342
27,384,4.17802e-13,4.01734e-15,4.01734e-15,3.40966e-13,1.36708
27,385,203.137,162.444,162.444,166.086,1.35335
27,386,316.257,268.648,268.648,279.953,0.786689
27,389,344.245,250.714,250.714,282.152,1.33506
27,391,160.733,107.165,107.165,132.624,1.2858
27,408,0.240777,0.0780693,0.0780693,0.216663,0.675203
27,432,2.68082e-5,2.9038e-6,2.9038e-6,2.52015e-5,0.386769
27,456,3.15664e-9,1.08007e-10,1.08007e-10,2.93136e-9,0.466221
27,480,3.19475e-13,4.01734e-15,4.01734e-15,3.40966e-13,-0.382381
27,481,166.324,162.444,162.444,166.086,0.00870576
27,482,275.35,268.648,268.648,279.953,-0.0997571
27,485,318.547,250.714,250.714,282.152,0.782518
27,487,137.909,107.165,107.165,132.624,0.241785
27,504,0.269691,0.0780693,0.0780693,0.216663,1.48481
27,528,2.84651e-5,2.9038e-6,2.9038e-6,2.52015e-5,0.785629
27,552,2.50672e-9,1.08007e-10,1.08007e-10,2.93136e-9,-0.878806
27,576,3.13004e-13,4.01734e-15,4.01734e-15,3.40966e-13,-0.497506
27,577,159.042,162.444,162.444,166.086,-0.25728
27,578,317.977,268.648,268.648,279.953,0.823977
27,581,366.752,250.714,250.714,282.152,1.81898
27,583,146.342,107.165,107.165,132.624,0.627499
27,600,0.226224,0.0780693,0.0780693,0.216663,0.267732
27,624,3.16373e-5,2.9038e-6,2.9038e-6,2.52015e-5,1.54925
27,648,2.32524e-9,1.08007e-10,1.08007e-10,2.93136e-9,-1.25439
28,0,0,0,0,0,0
28,1,25.7473,18.0494,18.0494,19.5934,1.90541
28,2,35.7797,29.8498,29.8498,34.837,0.164167
28,5,45.7172,27.8571,27.8571,43.5082,0.308016
28,7,32.6337,11.9072,11.9072,26.3347,1.45106
28,24,0.472403,0.00867436,0.00867436,0.369122,1.69744
28,48,0.000896384,3.22644e-7,3.22644e-7,0.000892613,0.0256275
28,72,2.67289e-6,1.20008e-11,1.20008e-11,2.15852e-6,1.44562
28,96,5.24953e-9,4.46372e-16,4.46372e-16,5.21975e-9,0.0346098
28,97,43.0696,36.0987,36.0987,39.1867,0.601117
28,98,77.1906,59.6996,59.6996,69.674,0.654477
28,101,93.2011,55.7142,55.7142,87.0163,0.431187
28,103,66.3164,23.8144,23.8144,52.6694,1.57189
28,120,0.793514,0.0173487,0.0173487,0.738244,0.454184
28,144,0.00177423,6.45288e-7,6.45288e-7,0.00178523,-0.0373675
28,168,4.57179e-6,2.40016e-11,2.40016e-11,4.31705e-6,0.357982
28,192,8.58752e-9,8.92743e-16,8.92743e-16,1.04395e-8,-1.07622
28,193,120.576,90.2468,90.2468,97.9669,1.40007
28,194,218.274,149.249,149.249,174.185,1.53553
28,197,231.4,139.285,139.285,217.541,0.386493
28,199,155.912,59.536,59.536,131.674,1.11674
28,216,2.44611,0.0433718,0.0433718,1.84561,1.97386
28,240,0.00458689,1.61322e-6,1.61322e-6,0.00446307,0.16831
28,264,1.05658e-5,6.0004e-11,6.0004e-11,1.07926e-5,-0.127496
28,288,2.5169e-8,2.23186e-15,2.23186e-15,2.60988e-8,-0.216128
28,289,304.707,270.74,270.74,293.901,0.22306
28,290,522.754,447.747,447.747,522.555,0.00231397
28,293,706.71,417.856,417.856,652.623,0.502782
28,295,438.791,178.608,178.608,395.021,0.672198
28,312,6.16075,0.130115,0.130115,5.53683,0.683613
28,336,0.0124199,4.83966e-6,4.83966e-6,0.0133892,-0.439189
28,360,3.05007e-5,1.80012e-10,1.80012e-10,3.23778e-5,-0.351719
28,384,8.13615e-8,6.69557e-15,6.69557e-15,7.82963e-8,0.237496
28,385,299.378,270.74,270.74,293.901,0.113054
28,386,525.371,447.747,447.747,522.555,0.0326997
28,389,657.655,417.856,417.856,652.623,0.0467775
28,391,490.718,178.608,178.608,395.021,1.46968
28,408,5.8873,0.130115,0.130115,5.53683,0.383998
28,432,0.0155345,4.83966e-6,4.83966e-6,0.0133892,0.972026
28,456,3.09081e-5,1.80012e-10,1.80012e-10,3.23778e-5,-0.275375
28,480,7.26354e-8,6.69557e-15,6.69557e-15,7.82963e-8,-0.438621
28,481,322.45,270.74,270.74,293.901,0.589309
28,482,688.334,447.747,447.747,522.555,1.9246
28,485,722.389,417.856,417.856,652.623,0.648529
28,487,428.525,178.608,178.608,395.021,0.51455
28,504,5.05008,0.130115,0.130115,5.53683,-0.533315
28,528,0.0137579,4.83966e-6,4.83966e-6,0.0133892,0.167067
28,552,3.07809e-5,1.80012e-10,1.80012e-10,3.23778e-5,-0.299217
28,576,8.02405e-8,6.69557e-15,6.69557e-15,7.82963e-8,0.150641
28,577,304.707,270.74,270.74,293.901,0.223056
28,578,552.062,447.747,447.747,522.555,0.342566
28,581,769.783,417.856,417.856,652.623,1.08908
28,583,461.617,178.608,178.608,395.021,1.02276
28,600,6.11508,0.130115,0.130115,5.53683,0.633578
28,624,0.0129521,4.83966e-6,4.83966e-6,0.0133892,-0.198032
28,648,3.34468e-5,1.80012e-10,1.80012e-10,3.23778e-5,0.20029
29,0,0,0,0,0,0
29,1,18.9059,18.0494,18.0494,16.2664,0.984427
29,2,27.4431,29.8498,29.8498,24.7291,0.665792
29,5,18.7742,27.8571,27.8571,16.3481,0.900311
29,7,4.38526,11.9072,11.9072,4.42499,-0.0544773
29,24,6.31134e-5,0.00867436,0.00867436,6.63293e-5,-0.294125
29,48,8.49666e-12,3.22644e-7,3.22644e-7,1.02579e-11,-1.04162
29,72,1.31677e-18,1.20008e-11,1.20008e-11,1.58641e-18,-0.00121432
29,96,1.78288e-25,4.46372e-16,4.46372e-16,2.4534e-25,-3.01979e-10
29,97,33.9064,36.0987,36.0987,32.5327,0.25616
29,98,58.6622,59.6996,59.6996,49.4583,1.12895
29,101,41.0486,55.7142,55.7142,32.6961,1.54975
29,103,11.6087,23.8144,23.8144,8.84998,1.89105
29,120,0.000150658,0.0173487,0.0173487,0.000132659,0.823127
29,144,2.08294e-11,6.45288e-7,6.45288e-7,2.05159e-11,0.0927229
29,168,2.97485e-18,2.40016e-11,2.40016e-11,3.17281e-18,-0.000891548
29,192,3.62908e-25,8.92743e-16,8.92743e-16,4.90681e-25,-5.75437e-10
29,193,88.2222,90.2468,90.2468,81.3318,0.513954
29,194,130.197,149.249,149.249,123.646,0.321427
29,197,105.607,139.285,139.285,81.7403,1.77132
29,199,26.0624,59.536,59.536,22.125,1.07963
29,216,0.000366481,0.0433718,0.0433718,0.000331646,0.637208
29,240,5.18498e-11,1.61322e-6,1.61322e-6,5.12897e-11,0.0662515
29,264,7.61067e-18,6.0004e-11,6.0004e-11,7.93203e-18,-0.00144727
29,288,1.00776e-24,2.23186e-15,2.23186e-15,1.2267e-24,-9.86023e-10
29,289,264.759,270.74,270.74,243.995,0.516264
29,290,338.334,447.747,447.747,370.937,-0.533215
29,293,315.268,417.856,417.856,245.221,1.73291
29,295,71.6831,178.608,178.608,66.3749,0.48516
29,312,0.000931926,0.130115,0.130115,0.000994939,-0.384219
29,336,1.53155e-10,4.83966e-6,4.83966e-6,1.53869e-10,-0.0281525
29,360,2.01977e-17,1.80012e-10,1.80012e-10,2.37961e-17,-0.0162056
29,384,2.66897e-24,6.69557e-15,6.69557e-15,3.6801e-24,-4.55375e-9
29,385,246.233,270.74,270.74,243.995,0.0556292
29,386,417.084,447.747,447.747,370.937,0.754719
29,389,212.402,417.856,417.856,245.221,-0.811913
29,391,72.5807,178.608,178.608,66.3749,0.567205
29,408,0.0010569,0.130115,0.130115,0.000994939,0.377773
29,432,1.4907e-10,4.83966e-6,4.83966e-6,1.53869e-10,-0.189226
29,456,1.93104e-17,1.80012e-10,1.80012e-10,2.37961e-17,-0.0202019
29,480,2.8046e-24,6.69557e-15,6.69557e-15,3.6801e-24,-3.94294e-9
29,481,273.708,270.74,270.74,243.995,0.738755
29,482,455.796,447.747,447.747,370.937,1.38784
29,485,254.412,417.856,417.856,245.221,0.227377
29,487,74.4562,178.608,178.608,66.3749,0.738618
29,504,0.00100075,0.130115,0.130115,0.000994939,0.0354454
29,528,1.43199e-10,4.83966e-6,4.83966e-6,1.53869e-10,-0.420684
29,552,2.25985e-17,1.80012e-10,1.80012e-10,2.37961e-17,-0.00539368
29,576,2.62523e-24,6.69557e-15,6.69557e-15,3.6801e-24,-4.75075e-9
29,577,255.846,270.74,270.74,243.995,0.294658
29,578,422.878,447.747,447.747,370.937,0.849477
29,581,299.648,417.856,417.856,245.221,1.34649
29,583,58.9378,178.608,178.608,66.3749,-0.679736
29,600,0.001066,0.130115,0.130115,0.000994939,0.433309
29,624,1.64214e-10,4.83966e-6,4.83966e-6,1.53869e-10,0.407859
29,648,1.91072e-17,1.80012e-10,1.80012e-10,2.37961e-17,-0.0211167
30,0,0,0,0,0,0
30,1,17.9122,18.0494,18.0494,14.1955,1.58839
30,2,20.4572,29.8498,29.8498,19.5887,0.268966
30,5,11.6226,27.8571,27.8571,8.51663,2.21244
30,7,1.62683,11.9072,11.9072,1.22935,1.96147
30,24,7.55665e-8,0.00867436,0.00867436,8.80317e-8,-0.859016
30,48,3.70423e-18,3.22644e-7,3.22644e-7,7.20326e-18,-0.0157582
30,72,2.0652e-28,1.20008e-11,1.20008e-11,5.89412e-28,-1.72439e-12