rep,id,V,Cl,Emax,H,kdeg,K
1,1,3.95199393235,1.4043737447295,627573.329167702,0.939820640403852,0.177357049357835,3.66706322517845
2,1,3.95199393235,1.40394606829457,590183.663239788,0.939820640403852,0.176283142299637,3.562559034216
1,2,3.95199393235,0.699237631268321,512206.453836095,0.939820640403852,0.243726632378201,4.19781835981442
2,2,3.95199393235,0.700378458492554,444774.860049831,0.939820640403852,0.231694137051305,4.08382125438612
1,3,3.95199393235,3.1870698765248,273031.662871437,0.939820640403852,0.169680067880543,2.30590980438525
2,3,3.95199393235,3.19117273282962,374051.32800367,0.939820640403852,0.169289967806226,2.45302941214493
1,4,3.95199393235,1.35129053681236,419842.53569391,0.939820640403852,0.163142840824102,1.79694702347157
2,4,3.95199393235,1.3505374909012,402545.850817674,0.939820640403852,0.163206387356972,1.79383990905654
1,5,3.95199393235,0.928475694168457,601471.221659511,0.939820640403852,0.17821809880024,4.56188795115381
2,5,3.95199393235,0.92900932113662,556920.314655716,0.939820640403852,0.176460534028941,4.50870827184244
1,6,3.95199393235,0.709447163652518,811440.284562276,0.939820640403852,0.154666217664063,1.74903508194076
2,6,3.95199393235,0.724336914331449,779757.425486065,0.939820640403852,0.158654936819054,1.66813900244434
1,7,3.95199393235,2.45852244378044,345552.927956705,0.939820640403852,0.160803210185764,4.24118293183149
2,7,3.95199393235,2.4488990509872,338145.965331734,0.939820640403852,0.159057214020295,4.3052924105803
1,8,3.95199393235,1.25359759770385,333852.104159149,0.939820640403852,0.191863433157457,2.54979827212997
2,8,3.95199393235,1.25618826173745,301027.154959897,0.939820640403852,0.191410919422613,2.49363419033581
1,9,3.95199393235,2.08744287614445,283779.498090671,0.939820640403852,0.205248070333325,2.06732289854694
2,9,3.95199393235,2.08909697806252,689840.782741214,0.939820640403852,0.203256450062818,2.60893843533541
1,10,3.95199393235,1.46605617055469,400461.397578777,0.939820640403852,0.185887641158775,2.81028319794916
2,10,3.95199393235,1.46378344315656,393458.45478477,0.939820640403852,0.185686414382606,2.79825948557644
1,11,3.95199393235,1.68010474558463,459448.030296627,0.939820640403852,0.168022783716647,2.04456674595813
2,11,3.95199393235,1.66962134522294,387311.486793635,0.939820640403852,0.166564593772674,2.025070544114
1,12,3.95199393235,2.07135748339432,361674.764298687,0.939820640403852,0.191804463106642,2.76416306897674
2,12,3.95199393235,2.06883814207667,303351.558023746,0.939820640403852,0.189893054824406,2.68686352536987
1,13,3.95199393235,2.45415761587871,542391.467401369,0.939820640403852,0.198863782022669,2.28616664079705
2,13,3.95199393235,2.45000781314,603407.204937776,0.939820640403852,0.199238597307197,2.32153986345028
1,14,3.95199393235,2.18372858005067,407329.279599489,0.939820640403852,0.187098982154693,3.53276686887594
2,14,3.95199393235,2.18599297632829,413400.337330198,0.939820640403852,0.18757836937734,3.58350867006793
1,15,3.95199393235,2.46011276598646,374531.570220693,0.939820640403852,0.180437036669198,2.48605011110767
2,15,3.95199393235,2.46549763496141,370686.328072293,0.939820640403852,0.180872680152762,2.45987049269971
1,16,3.95199393235,1.62552853130734,436438.226441536,0.939820640403852,0.172146158597358,3.65050250839032
2,16,3.95199393235,1.62339376271196,406704.717569876,0.939820640403852,0.171809189431617,3.56277571276406
1,17,3.95199393235,0.658325018371201,408573.368893832,0.939820640403852,0.198829417315725,2.4517719047257
2,17,3.95199393235,0.656524096203537,437623.354313662,0.939820640403852,0.198746247237418,2.47523177853718
1,18,3.95199393235,0.746298611883262,344015.368982009,0.939820640403852,0.181888667266693,2.80799736306576
2,18,3.95199393235,0.750169110990531,398142.487468316,0.939820640403852,0.182054742384402,2.98530753788847
1,19,3.95199393235,1.31500976187597,310134.429472532,0.939820640403852,0.211685423893427,2.4275011141287
2,19,3.95199393235,1.32302836847803,519152.804475675,0.939820640403852,0.211265673965463,2.84220282847796
1,20,3.95199393235,1.49841881781192,285719.083512683,0.939820640403852,0.152357087959225,1.97669400419088
2,20,3.95199393235,1.50254548859094,324453.083244299,0.939820640403852,0.155034818503374,1.97098465902116
1,21,3.95199393235,1.62405942987729,505419.154529032,0.939820640403852,0.158281658978379,3.90789838891018
2,21,3.95199393235,1.62740661026972,512258.790664182,0.939820640403852,0.159701802884068,3.89368403415306
1,22,3.95199393235,1.36774693796871,478479.21495648,0.939820640403852,0.185675693730247,2.10030905473373
2,22,3.95199393235,1.36676150420119,551911.200748333,0.939820640403852,0.185267238687999,2.13707259363217
1,23,3.95199393235,1.49976136427875,408776.453045326,0.939820640403852,0.222737568609059,1.39361202035284
2,23,3.95199393235,1.49992571593517,428503.316267955,0.939820640403852,0.22269529757613,1.41923148071182
1,24,3.95199393235,1.35230673160592,493857.519758738,0.939820640403852,0.1572599940747,1.90169307672856
2,24,3.95199393235,1.3550228604877,448635.725573555,0.939820640403852,0.157310787300865,1.84104744727012
1,25,3.95199393235,1.98871512208543,336966.407292999,0.939820640403852,0.159377806721723,3.64568950526029
2,25,3.95199393235,1.9863359119265,405492.174074546,0.939820640403852,0.16106105786433,3.73982481772639
1,26,3.95199393235,1.92339071908123,1235956.28766842,0.939820640403852,0.20879581178181,2.07799286398342
2,26,3.95199393235,1.9278030918759,404403.617399344,0.939820640403852,0.207784042587468,1.68190080294509
1,27,3.95199393235,3.70161029269314,370681.464041015,0.939820640403852,0.156008580987478,2.87033483952684
2,27,3.95199393235,3.68015017320126,360612.830666088,0.939820640403852,0.154739255949231,2.88450752479129
1,28,3.95199393235,2.68368951110444,309708.403216311,0.939820640403852,0.16594971876567,2.24773921745498
2,28,3.95199393235,2.6827959252088,434348.869847019,0.939820640403852,0.166137761995067,2.40692667431182
1,29,3.95199393235,1.35164648077511,406997.154441504,0.939820640403852,0.18183335681287,1.95845860399467
2,29,3.95199393235,1.35361618386119,419688.144175418,0.939820640403852,0.180339373351337,1.97441202666614
1,30,3.95199393235,2.26642405358824,606484.267541502,0.939820640403852,0.149777775522142,2.21540601969502
2,30,3.95199393235,2.26906427595149,473632.007846124,0.939820640403852,0.151612776403919,2.09792867675057
