id	admin	tox	CRS	oDLT	dose	id_seq
1	1	0	0	0	70	1
1	2	0	0	0	350	1
1	3	0	0	0	700	1
1	4	0	0	0	1400	1
1	5	0	0	0	1400	1
1	6	0	0	0	1400	1
1	7	0	0	0	1400	1
2	1	0	0	0	70	1
2	2	0	0	0	350	1
2	3	0	0	0	700	1
2	4	0	0	0	1400	1
2	5	0	0	0	1400	1
2	6	0	0	0	1400	1
2	7	0	0	0	1400	1
3	1	0	0	0	70	1
3	2	0	0	0	350	1
3	3	0	0	0	700	1
3	4	0	0	0	1400	1
3	5	0	0	0	1400	1
3	6	0	0	0	1400	1
3	7	0	0	0	1400	1
4	1	0	0	0	70	2
4	2	0	0	0	350	2
4	3	0	0	0	700	2
4	4	0	0	0	1750	2
4	5	0	0	0	1750	2
4	6	0	0	0	1750	2
4	7	0	0	0	1750	2
5	1	0	0	0	70	2
5	2	0	0	0	350	2
5	3	0	0	0	700	2
5	4	0	0	0	1750	2
5	5	0	0	0	1750	2
5	6	0	0	0	1750	2
5	7	0	0	0	1750	2
6	1	0	0	0	70	2
6	2	0	0	0	350	2
6	3	0	0	0	700	2
6	4	0	0	0	1750	2
6	5	0	0	0	1750	2
6	6	0	0	0	1750	2
6	7	0	0	0	1750	2
7	1	0	0	0	70	3
7	2	0	0	0	350	3
7	3	0	0	0	700	3
7	4	0	0	0	2100	3
7	5	0	0	0	2100	3
7	6	0	0	0	2100	3
7	7	0	0	0	2100	3
8	1	0	0	0	70	3
8	2	0	0	0	350	3
8	3	0	0	0	700	3
8	4	0	0	0	2100	3
8	5	0	0	0	2100	3
8	6	0	0	0	2100	3
8	7	0	0	0	2100	3
9	1	0	0	0	70	3
9	2	0	0	0	350	3
9	3	0	0	0	700	3
9	4	0	0	0	2100	3
9	5	0	0	0	2100	3
9	6	0	0	0	2100	3
9	7	0	0	0	2100	3
10	1	0	0	0	70	4
10	2	0	0	0	350	4
10	3	0	0	0	700	4
10	4	0	0	0	3150	4
10	5	0	0	0	3150	4
10	6	0	0	0	3150	4
10	7	0	0	0	3150	4
11	1	0	0	0	70	4
11	2	0	0	0	350	4
11	3	0	0	0	700	4
11	4	0	0	0	3150	4
11	5	0	0	0	3150	4
11	6	0	0	0	3150	4
11	7	0	0	0	3150	4
12	1	0	0	0	70	4
12	2	0	0	0	350	4
12	3	0	0	0	700	4
12	4	0	0	0	3150	4
12	5	0	0	0	3150	4
12	6	0	0	0	3150	4
12	7	0	0	0	3150	4
13	1	0	0	0	350	5
13	2	0	0	0	700	5
13	3	0	0	0	1750	5
13	4	0	0	0	5250	5
13	5	0	0	0	5250	5
13	6	0	0	0	5250	5
13	7	0	0	0	5250	5
14	1	0	0	0	350	5
14	2	0	0	0	700	5
14	3	0	0	0	1750	5
14	4	1	1	1	5250	5
15	1	0	0	0	350	5
15	2	0	0	0	700	5
15	3	0	0	0	1750	5
15	4	1	0	1	5250	5
16	1	0	0	0	350	5
16	2	0	0	0	700	5
16	3	0	0	0	1750	5
16	4	0	0	0	5250	5
16	5	0	0	0	5250	5
16	6	0	0	0	5250	5
16	7	0	0	0	5250	5
17	1	0	0	0	350	5
17	2	0	0	0	700	5
17	3	0	0	0	1750	5
17	4	0	0	0	5250	5
17	5	0	0	0	5250	5
17	6	0	0	0	5250	5
17	7	0	0	0	5250	5
18	1	0	0	0	350	5
18	2	0	0	0	700	5
18	3	0	0	0	1750	5
18	4	0	0	0	5250	5
18	5	0	0	0	5250	5
18	6	0	0	0	5250	5
18	7	0	0	0	5250	5
19	1	0	0	0	700	6
19	2	0	0	0	1750	6
19	3	0	0	0	3500	6
19	4	0	0	0	7000	6
19	5	0	0	0	7000	6
19	6	0	0	0	7000	6
19	7	0	0	0	7000	6
20	1	0	0	0	700	6
20	2	0	0	0	1750	6
20	3	0	0	0	3500	6
20	4	0	0	0	7000	6
20	5	0	0	0	7000	6
20	6	0	0	0	7000	6
20	7	0	0	0	7000	6
21	1	0	0	0	700	6
21	2	0	0	0	1750	6
21	3	0	0	0	3500	6
21	4	0	0	0	7000	6
21	5	0	0	0	7000	6
21	6	0	0	0	7000	6
21	7	1	0	1	7000	6
22	1	0	0	0	700	6
22	2	0	0	0	1750	6
22	3	0	0	0	3500	6
22	4	0	0	0	7000	6
22	5	1	0	1	7000	6
23	1	0	0	0	700	6
23	2	0	0	0	1750	6
23	3	0	0	0	3500	6
23	4	0	0	0	7000	6
23	5	0	0	0	7000	6
23	6	0	0	0	7000	6
23	7	0	0	0	7000	6
24	1	0	0	0	700	6
24	2	0	0	0	1750	6
24	3	0	0	0	3500	6
24	4	0	0	0	7000	6
24	5	0	0	0	7000	6
24	6	0	0	0	7000	6
24	7	0	0	0	7000	6
25	1	0	0	0	700	6
25	2	0	0	0	1750	6
25	3	0	0	0	3500	6
25	4	0	0	0	7000	6
25	5	0	0	0	7000	6
25	6	0	0	0	7000	6
25	7	0	0	0	7000	6
26	1	0	0	0	700	6
26	2	0	0	0	1750	6
26	3	0	0	0	3500	6
26	4	0	0	0	7000	6
26	5	0	0	0	7000	6
26	6	0	0	0	7000	6
26	7	0	0	0	7000	6
27	1	1	1	0	700	6
28	1	0	0	0	700	6
28	2	0	0	0	1750	6
28	3	0	0	0	3500	6
28	4	0	0	0	7000	6
28	5	0	0	0	7000	6
28	6	1	0	1	7000	6
29	1	0	0	0	700	6
29	2	0	0	0	1750	6
29	3	0	0	0	3500	6
29	4	0	0	0	7000	6
29	5	0	0	0	7000	6
29	6	0	0	0	7000	6
29	7	0	0	0	7000	6
30	1	0	0	0	700	6
30	2	0	0	0	1750	6
30	3	0	0	0	3500	6
30	4	0	0	0	7000	6
30	5	0	0	0	7000	6
30	6	0	0	0	7000	6
30	7	0	0	0	7000	6
