rep,id,V,Cl,Emax,H,kdeg,K
1,1,3.98399830320699,0.604387844805965,425773.86602824,0.984970346835606,0.153746095759104,2.1611260255953
2,1,3.98399830320699,0.604011721376937,518422.297901551,0.984970346835606,0.151551448332022,2.32912558055819
1,2,3.98399830320699,2.84534811368362,600969.146334884,0.984970346835606,0.176943304024884,3.24896905105891
2,2,3.98399830320699,2.85332170789739,512308.556484976,0.984970346835606,0.173904085959192,3.18730996709433
1,3,3.98399830320699,1.91404292388292,524668.42391036,0.984970346835606,0.190509257420628,1.82403068108457
2,3,3.98399830320699,1.90963662319071,732626.531912602,0.984970346835606,0.191322765384812,1.9329929172554
1,4,3.98399830320699,1.81546977199297,431835.929722855,0.984970346835606,0.158803259623949,5.26350249005032
2,4,3.98399830320699,1.80855448620779,276973.025121595,0.984970346835606,0.159200761596487,3.80279336387553
1,5,3.98399830320699,1.7580607410777,421640.144877985,0.984970346835606,0.1692042783346,2.02985750261499
2,5,3.98399830320699,1.76167294602448,474117.379947618,0.984970346835606,0.167885991331127,2.08282777822618
1,6,3.98399830320699,1.22054001799328,569555.549578057,0.984970346835606,0.20420667782094,3.26318436317808
2,6,3.98399830320699,1.21880463715194,509949.293526727,0.984970346835606,0.202285226308797,3.26087910237569
1,7,3.98399830320699,1.69701944318039,486025.352554976,0.984970346835606,0.205885414624113,1.92586302029522
2,7,3.98399830320699,1.69022802825771,471597.52203984,0.984970346835606,0.202630710663993,1.98725980017861
1,8,3.98399830320699,2.65479957928719,456819.264492142,0.984970346835606,0.146706978763866,3.02200199507168
2,8,3.98399830320699,2.65409077633538,451632.084185194,0.984970346835606,0.145964631508385,3.15474779217527
1,9,3.98399830320699,2.36534124310634,189903.388576535,0.984970346835606,0.187297599849715,3.1681625860514
2,9,3.98399830320699,2.33864855816522,64064.9267955122,0.984970346835606,0.200597209807059,2.30118317866324
1,10,3.98399830320699,0.957817261036504,751829.448080161,0.984970346835606,0.175522675962737,2.18895877224548
2,10,3.98399830320699,0.958952783027137,655611.574381784,0.984970346835606,0.175279958786884,2.0761361129327
1,11,3.98399830320699,1.96279299390508,515067.377574898,0.984970346835606,0.198648825833563,2.28462542746842
2,11,3.98399830320699,1.96358288667246,594762.062707259,0.984970346835606,0.196145597968928,2.35777380298694
1,12,3.98399830320699,1.94134810242935,511693.991511446,0.984970346835606,0.171683599986235,2.8456088479073
2,12,3.98399830320699,1.94682489883659,403984.950505341,0.984970346835606,0.16958098551685,2.6435188124609
1,13,3.98399830320699,2.82736746129602,609391.394274849,0.984970346835606,0.191106729421491,3.04303632991292
2,13,3.98399830320699,2.82208970495193,561121.927376332,0.984970346835606,0.19260076640656,2.9546293094822
1,14,3.98399830320699,0.977961071239884,647998.270972375,0.984970346835606,0.192538080310661,1.85307499112475
2,14,3.98399830320699,0.980173721989066,721028.46883155,0.984970346835606,0.193222368027098,1.81634161752083
1,15,3.98399830320699,1.98219863763451,260400.313785656,0.984970346835606,0.186459306041426,4.74043012506841
2,15,3.98399830320699,1.97983641783409,265543.797010496,0.984970346835606,0.187786891289121,4.59788526547188
1,16,3.98399830320699,1.73606152730926,694519.0212859,0.984970346835606,0.191965826049342,2.50078957845482
2,16,3.98399830320699,1.73478248926402,579953.424586814,0.984970346835606,0.191878443487893,2.38850773224008
1,17,3.98399830320699,2.83563755887216,487169.521079938,0.984970346835606,0.152234414775132,2.49956469573574
2,17,3.98399830320699,2.83103558006602,670350.435653594,0.984970346835606,0.152555770894266,2.83874456185905
1,18,3.98399830320699,2.07066788898391,370923.781598907,0.984970346835606,0.183735094376527,3.45308862023826
2,18,3.98399830320699,2.07252462681561,507929.582471563,0.984970346835606,0.180489640251913,4.57260832701933
1,19,3.98399830320699,2.30268660965084,535172.686879191,0.984970346835606,0.171800824288229,3.03801857735069
2,19,3.98399830320699,2.29783796940221,555438.503603794,0.984970346835606,0.172793796987259,3.04278269073069
1,20,3.98399830320699,6.01667795257008,943234.314740087,0.984970346835606,0.197265568310827,2.10251812898358
2,20,3.98399830320699,6.04326228493367,1410531.92676836,0.984970346835606,0.200487949796396,2.16588435537049
1,21,3.98399830320699,0.701034311188684,418131.926249521,0.984970346835606,0.152278945668498,2.56873589765892
2,21,3.98399830320699,0.704269603175331,526061.11543239,0.984970346835606,0.153943931222806,2.82079460848998
1,22,3.98399830320699,1.25162540060294,408542.808625989,0.984970346835606,0.234223695866787,1.93419116682901
2,22,3.98399830320699,1.26077829287498,559779.248589122,0.984970346835606,0.239102475126956,1.91154431966924
1,23,3.98399830320699,1.54025818689297,527139.790946953,0.984970346835606,0.138557707393242,5.76415646548779
2,23,3.98399830320699,1.53955839303422,515064.255670372,0.984970346835606,0.138815717793741,5.95550866812496
1,24,3.98399830320699,0.714589522019523,735118.367397125,0.984970346835606,0.172282971707438,1.61154550521415
2,24,3.98399830320699,0.713190608398821,648464.846297902,0.984970346835606,0.167722450129217,1.64573634434883
1,25,3.98399830320699,1.61149277853722,361886.731643226,0.984970346835606,0.133012469370224,2.96050459916162
2,25,3.98399830320699,1.60873314169987,495423.075898866,0.984970346835606,0.133848013765963,3.07283642085179
1,26,3.98399830320699,1.33161668677603,623681.333979547,0.984970346835606,0.189111568883014,3.62447687957793
2,26,3.98399830320699,1.33283800927186,441928.59088442,0.984970346835606,0.187000092259226,3.41230685368397
1,27,3.98399830320699,1.32444249832164,485834.065870042,0.984970346835606,0.149656085923586,2.06411298234638
2,27,3.98399830320699,1.32669425299521,680492.845615904,0.984970346835606,0.149184463788071,2.24988582760074
1,28,3.98399830320699,1.75376053264992,565195.08856656,0.984970346835606,0.163056702142374,2.65482279784819
2,28,3.98399830320699,1.75406856823372,611809.267965052,0.984970346835606,0.162558581212227,2.84703874954887
1,29,3.98399830320699,1.49901847858473,459566.717648339,0.984970346835606,0.15870912252897,2.87988982298436
2,29,3.98399830320699,1.50044419953335,457065.683053545,0.984970346835606,0.157529699869939,2.7495867995147
1,30,3.98399830320699,1.80259709937002,507936.510043057,0.984970346835606,0.201431395820309,2.38914540891207
2,30,3.98399830320699,1.80239565905843,729119.939562295,0.984970346835606,0.202605298344112,2.73772202026281
