rep,id,V,Cl,Emax,H,kdeg,K
1,1,3.9380948789528,2.22511038324382,551592.78874443,0.95446210955913,0.216398018402328,1.86479581716786
2,1,3.9380948789528,2.22826855565794,762456.482284299,0.95446210955913,0.216984055043876,2.10160036118444
1,2,3.9380948789528,2.58601718008597,752988.055473979,0.95446210955913,0.187393237019053,1.69218570186981
2,2,3.9380948789528,2.59834053101202,764109.984635558,0.95446210955913,0.187533013329007,1.69092315721887
1,3,3.9380948789528,1.74932616754759,325742.564699102,0.95446210955913,0.146052352876575,2.3986409584485
2,3,3.9380948789528,1.74703431644584,420292.237930865,0.95446210955913,0.146726605250821,2.51227178528961
1,4,3.9380948789528,2.88578779670032,289825.694006189,0.95446210955913,0.188404824938759,3.09720796721744
2,4,3.9380948789528,2.86754699617466,286520.539374874,0.95446210955913,0.186764837590552,3.16653185661139
1,5,3.9380948789528,2.33057727314991,166876.029081861,0.95446210955913,0.162625155967314,2.92008780142588
2,5,3.9380948789528,2.33105629550592,218237.554442859,0.95446210955913,0.161363211321216,3.03803894719914
1,6,3.9380948789528,0.739873670577386,503434.460688574,0.95446210955913,0.191091248944997,2.86916885767331
2,6,3.9380948789528,0.737175716645419,456236.409442403,0.95446210955913,0.191316938084093,2.75764528927766
1,7,3.9380948789528,1.29705991650764,153703.056671686,0.95446210955913,0.217474272997299,2.22580838974691
2,7,3.9380948789528,1.29980304487767,489610.923392079,0.95446210955913,0.214202084180883,3.4777528038885
1,8,3.9380948789528,1.58828822781709,366848.238932776,0.95446210955913,0.169243461509423,2.89238108243006
2,8,3.9380948789528,1.5875059209041,483666.38983486,0.95446210955913,0.167400586346104,3.24660176359897
1,9,3.9380948789528,1.03098457526542,387889.820241339,0.95446210955913,0.182483008763782,2.5762289749552
2,9,3.9380948789528,1.0327012830469,395008.289530916,0.95446210955913,0.181846217046388,2.63445819404993
1,10,3.9380948789528,0.771367230593217,422957.972026069,0.95446210955913,0.16670521265336,3.81133658769433
2,10,3.9380948789528,0.772710489452518,435297.486030019,0.95446210955913,0.166758171250026,3.77900053626302
1,11,3.9380948789528,0.887171317201694,435125.730395717,0.95446210955913,0.140711687542087,2.58228772587067
2,11,3.9380948789528,0.882869988138539,452591.676396739,0.95446210955913,0.140749526183933,2.63924160303866
1,12,3.9380948789528,1.03275701663025,458199.296666483,0.95446210955913,0.200464980703521,3.21982956037152
2,12,3.9380948789528,1.03546496288616,454594.132196097,0.95446210955913,0.201200639961208,3.07434131022122
1,13,3.9380948789528,2.29367656899836,324572.582544197,0.95446210955913,0.203988173806984,3.82723093218998
2,13,3.9380948789528,2.29733669671083,408770.78657508,0.95446210955913,0.20630996963898,4.11694789586805
1,14,3.9380948789528,1.33220337519546,439726.137173654,0.95446210955913,0.168548718529762,3.33912729104306
2,14,3.9380948789528,1.33336363636474,436773.878113418,0.95446210955913,0.169370171939138,3.20034525373815
1,15,3.9380948789528,0.589793187294878,316437.105794712,0.95446210955913,0.179031390857871,1.49776847984549
2,15,3.9380948789528,0.583351959190906,339096.543081375,0.95446210955913,0.196286336730793,1.48409987123134
1,16,3.9380948789528,1.32678516957828,530878.980506562,0.95446210955913,0.170984826744888,4.10394806903347
2,16,3.9380948789528,1.32609001240612,539674.888832855,0.95446210955913,0.169912876579854,4.5461442255996
1,17,3.9380948789528,1.2182724837927,555357.559326912,0.95446210955913,0.171065797785293,2.40549170088836
2,17,3.9380948789528,1.21926255109531,562631.505354338,0.95446210955913,0.171050054358864,2.50375495214687
1,18,3.9380948789528,2.60726681827471,363060.788492986,0.95446210955913,0.15729044594509,3.19418280536258
2,18,3.9380948789528,2.61685601614624,472714.481539158,0.95446210955913,0.156624244319696,3.54460563070357
1,19,3.9380948789528,3.06788172483077,395306.145253574,0.95446210955913,0.16973471674732,2.96846995492871
2,19,3.9380948789528,3.07834345697219,376799.001633695,0.95446210955913,0.171799518247232,2.87270012722578
1,20,3.9380948789528,1.2306005413184,377681.860220185,0.95446210955913,0.212428790014596,2.69399121134949
2,20,3.9380948789528,1.23509896916247,351576.932765416,0.95446210955913,0.212386112297719,2.67594136195571
1,21,3.9380948789528,0.879364505758172,455874.978058191,0.95446210955913,0.17536126722769,1.83768154209022
2,21,3.9380948789528,0.869497893693788,647896.531312075,0.95446210955913,0.171738183102572,2.08746793749695
1,22,3.9380948789528,2.16483627055115,407373.447923255,0.95446210955913,0.154921083299072,1.85094795982155
2,22,3.9380948789528,2.16350718495923,485515.647191957,0.95446210955913,0.154713109281683,1.90098953152152
1,23,3.9380948789528,0.975448994281121,330467.427932618,0.95446210955913,0.204295921638483,2.54556184817514
2,23,3.9380948789528,0.974456778828844,363945.258819796,0.95446210955913,0.203973821674057,2.63659315299117
1,24,3.9380948789528,1.3631216264568,482915.532840425,0.95446210955913,0.192566104984388,3.53949358724347
2,24,3.9380948789528,1.36164748390554,467009.141012283,0.95446210955913,0.192253162349576,3.62003130004482
1,25,3.9380948789528,2.11724254055957,470506.090353848,0.95446210955913,0.15516929030282,2.31999669522565
2,25,3.9380948789528,2.11741032190164,565933.045505545,0.95446210955913,0.156291110074905,2.34122224872997
1,26,3.9380948789528,1.01177967668489,603612.969858462,0.95446210955913,0.168241899675077,3.76154753382909
2,26,3.9380948789528,1.01188521045779,571631.42708075,0.95446210955913,0.166767381997482,3.67164465289513
1,27,3.9380948789528,2.26937910130967,367332.151285246,0.95446210955913,0.173110787422094,3.60932950126618
2,27,3.9380948789528,2.27128185063354,441603.080716934,0.95446210955913,0.173376405836215,3.85040097297704
1,28,3.9380948789528,0.542873191686018,534613.866233187,0.95446210955913,0.151107530663737,5.86691650793104
2,28,3.9380948789528,0.541265751853693,550200.882945959,0.95446210955913,0.15510059176242,5.81232097717519
1,29,3.9380948789528,1.26257153255431,372011.662868965,0.95446210955913,0.17514025192682,1.78389651409472
2,29,3.9380948789528,1.26964556889943,424878.511150122,0.95446210955913,0.17408371354275,1.83948294415446
1,30,3.9380948789528,1.91638953762415,801150.061533633,0.95446210955913,0.135206139035807,2.11202301967628
2,30,3.9380948789528,1.91571786512247,681115.115551083,0.95446210955913,0.136015495318587,2.07840837269297
