rep,id,V,Cl,Emax,H,kdeg,K
1,1,3.92593700301514,1.42583416348676,460787.264775624,0.928177243196326,0.214369817690104,3.64056985611455
2,1,3.92593700301514,1.42344312060479,427045.407977079,0.928177243196326,0.212771402761773,3.45528017085118
1,2,3.92593700301514,2.70381987125831,422389.566624733,0.928177243196326,0.197159010707847,2.57416383760852
2,2,3.92593700301514,2.69205150217158,222939.195671423,0.928177243196326,0.198473582431523,2.31755865683826
1,3,3.92593700301514,2.29736499336847,298472.359715461,0.928177243196326,0.209773877008862,1.39356709144584
2,3,3.92593700301514,2.29819121322699,323328.599248837,0.928177243196326,0.210483981860313,1.3625663195201
1,4,3.92593700301514,2.67512878307482,307038.065022636,0.928177243196326,0.188808095998838,2.43462042743837
2,4,3.92593700301514,2.6839626027039,470879.110732387,0.928177243196326,0.188116671675645,2.72066744072027
1,5,3.92593700301514,1.00128211318853,350177.085643977,0.928177243196326,0.186936200637897,3.3863387164433
2,5,3.92593700301514,1.00180825454141,291759.398875477,0.928177243196326,0.185934665940376,3.10748267543062
1,6,3.92593700301514,1.98550414974174,338977.425444657,0.928177243196326,0.214396485082179,2.07360894520754
2,6,3.92593700301514,1.9924455106767,369942.057640343,0.928177243196326,0.212095141763695,2.08328760073316
1,7,3.92593700301514,1.70594039861816,278441.910568207,0.928177243196326,0.162846623630386,4.59817379745931
2,7,3.92593700301514,1.7054838831989,276229.849116476,0.928177243196326,0.160932355479967,4.70019808146611
1,8,3.92593700301514,1.63390054121824,413620.893561086,0.928177243196326,0.127763973891129,1.76553918096934
2,8,3.92593700301514,1.63391924594881,454555.396524397,0.928177243196326,0.126156487659362,1.86600676173927
1,9,3.92593700301514,1.86252558523344,452136.474557251,0.928177243196326,0.188660534304196,3.25842867558277
2,9,3.92593700301514,1.86158186582677,438504.20944984,0.928177243196326,0.190589204906572,3.15688980839939
1,10,3.92593700301514,0.909775122395003,420485.138410112,0.928177243196326,0.211029083427449,3.60198136223511
2,10,3.92593700301514,0.915660248272663,385908.70957267,0.928177243196326,0.209712574457628,3.4265613985128
1,11,3.92593700301514,1.62191615952517,536167.550941802,0.928177243196326,0.199870967923567,2.0012300037021
2,11,3.92593700301514,1.62189690304388,597774.383868451,0.928177243196326,0.198235842183068,2.12107067487714
1,12,3.92593700301514,1.75385598452378,378515.952468314,0.928177243196326,0.139811648688696,2.9123769521304
2,12,3.92593700301514,1.75390855315308,362534.462860185,0.928177243196326,0.140138954339275,2.8212614144822
1,13,3.92593700301514,1.82602712406076,372858.221489013,0.928177243196326,0.140862211388496,2.72041570563207
2,13,3.92593700301514,1.82514123796697,285656.194220468,0.928177243196326,0.139951228572414,2.50939122122014
1,14,3.92593700301514,0.90882421990354,359484.871944041,0.928177243196326,0.181417407762527,2.73101344297419
2,14,3.92593700301514,0.908748984083496,388744.70744953,0.928177243196326,0.18038855167164,2.75840575896718
1,15,3.92593700301514,1.48624059402118,404811.828028627,0.928177243196326,0.156547184189424,3.70036354004563
2,15,3.92593700301514,1.48650957430525,402133.500112051,0.928177243196326,0.155578803876063,3.70194971357494
1,16,3.92593700301514,0.545251680262311,93278.7282403985,0.928177243196326,1.99525418119286,0.750700468666066
2,16,3.92593700301514,0.548293175111927,417351.711266831,0.928177243196326,0.18914253705864,3.58825753709828
1,17,3.92593700301514,2.42637324345132,419106.726763764,0.928177243196326,0.174016252776934,2.37671950862912
2,17,3.92593700301514,2.42507026224517,471862.841205668,0.928177243196326,0.173266827517239,2.51992409191905
1,18,3.92593700301514,1.16686593211093,403576.241803659,0.928177243196326,0.180761483427259,3.79627439375303
2,18,3.92593700301514,1.16839133049058,509578.730686539,0.928177243196326,0.183164617770354,4.15966950671245
1,19,3.92593700301514,1.49228479261188,472667.909435492,0.928177243196326,0.144145349093209,2.73046759354645
2,19,3.92593700301514,1.4917646698326,440381.274853037,0.928177243196326,0.145533921950595,2.64560240125298
1,20,3.92593700301514,1.77154528157418,489681.05327481,0.928177243196326,0.152879382172857,3.79214071696527
2,20,3.92593700301514,1.77634824132354,453249.550638801,0.928177243196326,0.155327165747173,3.4792119046197
1,21,3.92593700301514,2.29188839533374,431919.209652357,0.928177243196326,0.188090460540237,2.01026036256878
2,21,3.92593700301514,2.29481910083083,481001.904536152,0.928177243196326,0.188236266638581,2.09365641655646
1,22,3.92593700301514,1.90430620167748,396451.479018718,0.928177243196326,0.153621737912591,3.7645284273681
2,22,3.92593700301514,1.90841484381826,342015.865193292,0.928177243196326,0.15314449815252,3.51001459450643
1,23,3.92593700301514,0.93295138712012,376046.595314769,0.928177243196326,0.181343064325939,3.16643138918872
2,23,3.92593700301514,0.933797420489219,399057.054507416,0.928177243196326,0.182058015515356,3.31677291286194
1,24,3.92593700301514,1.5917469106155,566075.806975239,0.928177243196326,0.148469206281447,1.55114512524059
2,24,3.92593700301514,1.58968976977295,490878.530032908,0.928177243196326,0.147668052891652,1.50046860563966
1,25,3.92593700301514,2.6294350505082,431736.803930762,0.928177243196326,0.181426630280021,3.00585545382455
2,25,3.92593700301514,2.63409492723006,462829.643487786,0.928177243196326,0.184800171992861,2.86615800457695
1,26,3.92593700301514,4.77252103039946,474145.366929238,0.928177243196326,0.169836814413845,2.64750836322692
2,26,3.92593700301514,4.7824200268563,339292.922065711,0.928177243196326,0.167529836479259,2.48455068612535
1,27,3.92593700301514,1.72331777220465,546011.78133583,0.928177243196326,0.151101288605685,2.39170620106124
2,27,3.92593700301514,1.72072445180257,554021.85662923,0.928177243196326,0.150226823986959,2.46245626935954
1,28,3.92593700301514,1.47221498568145,301308.21433172,0.928177243196326,0.15644111940872,3.19226605159125
2,28,3.92593700301514,1.47568143259664,388321.849092431,0.928177243196326,0.156474375424284,3.49440888950447
1,29,3.92593700301514,2.74551553373201,391823.747063988,0.928177243196326,0.218235240790874,1.74264881307609
2,29,3.92593700301514,2.73714396017995,457763.551679592,0.928177243196326,0.216505256434967,1.76641875933099
1,30,3.92593700301514,1.64946583005864,476708.802530585,0.928177243196326,0.189261965454684,1.6917669847364
2,30,3.92593700301514,1.6519846601089,341657.910396203,0.928177243196326,0.190034580465382,1.60086286154244
